Test Run for Data taking:
Trial, Channel, IMON, RMON, VCOMP
0 , 2 , 0.320 , 1.404 , 0.013
 
0 , 4 , 0.320 , 1.399 , 0.004
 
0 , 6 , 0.280 , 1.392 , 0.004
 
0 , 8 , 0.370 , 1.392 , 0.004
 
0 , 10 , 0.280 , 1.393 , 0.004
 
0 , 12 , 0.320 , 1.377 , 0.004
 
0 , 14 , 0.260 , 1.396 , 0.004
 
0 , 16 , 0.300 , 1.399 , 0.004
 
0 , 18 , 0.280 , 1.402 , 0.004
 
0 , 20 , 0.270 , 1.407 , 0.004
 
0 , 22 , 0.290 , 1.387 , 0.004
 
0 , 24 , 0.220 , 1.404 , 0.004
 
0 , 26 , 0.290 , 1.389 , 0.004
 
0 , 28 , 0.240 , 1.397 , 0.004
 
0 , 30 , 0.230 , 1.405 , 0.004
 
0 , 32 , 0.280 , 1.407 , 0.004
 
0 , 1 , 0.350 , 1.391 , 0.004
 
0 , 3 , 0.120 , 1.377 , 0.004
 
0 , 5 , 0.350 , 1.378 , 0.004
 
0 , 7 , 0.330 , 1.365 , 0.004
 
0 , 9 , 0.340 , 1.383 , 0.004
 
0 , 11 , 0.290 , 1.390 , 0.004
 
0 , 13 , 0.310 , 1.395 , 0.004
 
0 , 15 , 0.330 , 1.385 , 0.004
 
0 , 17 , 0.270 , 1.389 , 0.004
 
0 , 19 , 0.320 , 1.369 , 0.004
 
0 , 21 , 0.190 , 1.378 , 0.004
 
0 , 23 , 0.210 , 1.367 , 0.004
 
0 , 25 , 0.200 , 1.384 , 0.004
 
0 , 27 , 0.140 , 1.383 , 0.004
 
0 , 29 , 0.240 , 1.390 , 0.004
 
0 , 31 , 0.250 , 1.375 , 0.004
 
1 , 2 , 0.280 , 1.404 , 0.004
 
1 , 4 , 0.310 , 1.391 , 0.004
 
1 , 6 , 0.280 , 1.402 , 0.004
 
1 , 8 , 0.360 , 1.389 , 0.004
 
1 , 10 , 0.290 , 1.388 , 0.004
 
1 , 12 , 0.330 , 1.393 , 0.004
 
1 , 14 , 0.270 , 1.388 , 0.004
 
1 , 16 , 0.290 , 1.398 , 0.004
 
1 , 18 , 0.280 , 1.399 , 0.004
 
1 , 20 , 0.270 , 1.396 , 0.004
 
1 , 22 , 0.280 , 1.390 , 0.004
 
1 , 24 , 0.220 , 1.405 , 0.004
 
1 , 26 , 0.300 , 1.393 , 0.004
 
1 , 28 , 0.240 , 1.398 , 0.004
 
1 , 30 , 0.220 , 1.393 , 0.004
 
1 , 32 , 0.270 , 1.399 , 0.004
 
1 , 1 , 0.350 , 1.382 , 0.004
 
1 , 3 , 0.120 , 1.384 , 0.004
 
1 , 5 , 0.350 , 1.370 , 0.004
 
1 , 7 , 0.340 , 1.372 , 0.004
 
1 , 9 , 0.340 , 1.392 , 0.004
 
1 , 11 , 0.330 , 1.385 , 0.004
 
1 , 13 , 0.320 , 1.389 , 0.004
 
1 , 15 , 0.320 , 1.385 , 0.004
 
1 , 17 , 0.280 , 1.380 , 0.004
 
1 , 19 , 0.330 , 1.370 , 0.004
 
1 , 21 , 0.220 , 1.369 , 0.004
 
1 , 23 , 0.210 , 1.379 , 0.004
 
1 , 25 , 0.200 , 1.387 , 0.004
 
1 , 27 , 0.140 , 1.380 , 0.004
 
1 , 29 , 0.240 , 1.377 , 0.004
 
1 , 31 , 0.260 , 1.374 , 0.004
 
2 , 2 , 0.280 , 1.390 , 0.004
 
2 , 4 , 0.300 , 1.394 , 0.004
 
2 , 6 , 0.280 , 1.388 , 0.004
 
2 , 8 , 0.360 , 1.400 , 0.004
 
2 , 10 , 0.290 , 1.383 , 0.004
 
2 , 12 , 0.320 , 1.399 , 0.004
 
2 , 14 , 0.260 , 1.387 , 0.004
 
2 , 16 , 0.290 , 1.380 , 0.004
 
2 , 18 , 0.280 , 1.392 , 0.004
 
2 , 20 , 0.270 , 1.406 , 0.004
 
2 , 22 , 0.280 , 1.393 , 0.004
 
2 , 24 , 0.220 , 1.397 , 0.004
 
2 , 26 , 0.300 , 1.382 , 0.004
 
2 , 28 , 0.240 , 1.398 , 0.004
 
2 , 30 , 0.220 , 1.403 , 0.004
 
2 , 32 , 0.270 , 1.401 , 0.004
 
2 , 1 , 0.340 , 1.379 , 0.004
 
2 , 3 , 0.120 , 1.385 , 0.004
 
2 , 5 , 0.350 , 1.374 , 0.004
 
2 , 7 , 0.320 , 1.353 , 0.004
 
2 , 9 , 0.330 , 1.384 , 0.004
 
2 , 11 , 0.350 , 1.384 , 0.004
 
2 , 13 , 0.320 , 1.382 , 0.004
 
2 , 15 , 0.330 , 1.371 , 0.004
 
2 , 17 , 0.280 , 1.383 , 0.004
 
2 , 19 , 0.320 , 1.369 , 0.004
 
2 , 21 , 0.220 , 1.370 , 0.004
 
2 , 23 , 0.210 , 1.378 , 0.004
 
2 , 25 , 0.190 , 1.389 , 0.004
 
2 , 27 , 0.170 , 1.381 , 0.004
 
2 , 29 , 0.240 , 1.383 , 0.004
 
2 , 31 , 0.250 , 1.367 , 0.004
 
3 , 2 , 0.280 , 1.392 , 0.004
 
3 , 4 , 0.300 , 1.387 , 0.004
 
3 , 6 , 0.280 , 1.400 , 0.004
 
3 , 8 , 0.360 , 1.384 , 0.004
 
3 , 10 , 0.280 , 1.386 , 0.004
 
3 , 12 , 0.330 , 1.393 , 0.004
 
3 , 14 , 0.270 , 1.398 , 0.004
 
3 , 16 , 0.300 , 1.390 , 0.004
 
3 , 18 , 0.290 , 1.398 , 0.004
 
3 , 20 , 0.270 , 1.389 , 0.004
 
3 , 22 , 0.280 , 1.395 , 0.004
 
3 , 24 , 0.230 , 1.401 , 0.004
 
3 , 26 , 0.300 , 1.390 , 0.004
 
3 , 28 , 0.250 , 1.396 , 0.004
 
3 , 30 , 0.230 , 1.404 , 0.004
 
3 , 32 , 0.280 , 1.394 , 0.004
 
3 , 1 , 0.350 , 1.374 , 0.004
 
3 , 3 , 0.150 , 1.381 , 0.004
 
3 , 5 , 0.340 , 1.367 , 0.004
 
3 , 7 , 0.320 , 1.368 , 0.004
 
3 , 9 , 0.330 , 1.384 , 0.004
 
3 , 11 , 0.170 , 1.386 , 0.004
 
3 , 13 , 0.320 , 1.380 , 0.004
 
3 , 15 , 0.320 , 1.387 , 0.004
 
3 , 17 , 0.300 , 1.378 , 0.004
 
3 , 19 , 0.310 , 1.381 , 0.004
 
3 , 21 , 0.220 , 1.368 , 0.004
 
3 , 23 , 0.200 , 1.374 , 0.004
 
3 , 25 , 0.200 , 1.384 , 0.004
 
3 , 27 , 0.130 , 1.381 , 0.004
 
3 , 29 , 0.240 , 1.389 , 0.004
 
3 , 31 , 0.260 , 1.361 , 0.004
 
4 , 2 , 0.280 , 1.402 , 0.004
 
4 , 4 , 0.300 , 1.396 , 0.004
 
4 , 6 , 0.280 , 1.394 , 0.004
 
4 , 8 , 0.360 , 1.385 , 0.004
 
4 , 10 , 0.290 , 1.391 , 0.004
 
4 , 12 , 0.320 , 1.392 , 0.004
 
4 , 14 , 0.270 , 1.388 , 0.004
 
4 , 16 , 0.300 , 1.386 , 0.004
 
4 , 18 , 0.290 , 1.398 , 0.004
 
4 , 20 , 0.270 , 1.389 , 0.004
 
4 , 22 , 0.290 , 1.388 , 0.004
 
4 , 24 , 0.230 , 1.405 , 0.004
 
4 , 26 , 0.300 , 1.384 , 0.004
 
4 , 28 , 0.250 , 1.392 , 0.004
 
4 , 30 , 0.220 , 1.395 , 0.004
 
4 , 32 , 0.270 , 1.394 , 0.004
 
4 , 1 , 0.340 , 1.391 , 0.004
 
4 , 3 , 0.160 , 1.382 , 0.004
 
4 , 5 , 0.350 , 1.380 , 0.004
 
4 , 7 , 0.330 , 1.359 , 0.004
 
4 , 9 , 0.340 , 1.398 , 0.004
 
4 , 11 , 0.190 , 1.390 , 0.004
 
4 , 13 , 0.330 , 1.369 , 0.004
 
4 , 15 , 0.320 , 1.387 , 0.004
 
4 , 17 , 0.270 , 1.386 , 0.004
 
4 , 19 , 0.320 , 1.370 , 0.004
 
4 , 21 , 0.210 , 1.377 , 0.004
 
4 , 23 , 0.210 , 1.381 , 0.004
 
4 , 25 , 0.190 , 1.374 , 0.004
 
4 , 27 , 0.160 , 1.385 , 0.004
 
4 , 29 , 0.240 , 1.382 , 0.004
 
4 , 31 , 0.250 , 1.375 , 0.004
 
5 , 2 , 0.280 , 1.401 , 0.004
 
5 , 4 , 0.310 , 1.388 , 0.004
 
5 , 6 , 0.280 , 1.394 , 0.004
 
5 , 8 , 0.360 , 1.386 , 0.004
 
5 , 10 , 0.280 , 1.388 , 0.004
 
5 , 12 , 0.320 , 1.383 , 0.004
 
5 , 14 , 0.270 , 1.394 , 0.004
 
5 , 16 , 0.300 , 1.392 , 0.004
 
5 , 18 , 0.290 , 1.398 , 0.004
 
5 , 20 , 0.270 , 1.390 , 0.004
 
5 , 22 , 0.290 , 1.391 , 0.004
 
5 , 24 , 0.230 , 1.400 , 0.004
 
5 , 26 , 0.310 , 1.389 , 0.004
 
5 , 28 , 0.240 , 1.398 , 0.004
 
5 , 30 , 0.220 , 1.396 , 0.004
 
5 , 32 , 0.280 , 1.393 , 0.004
 
5 , 1 , 0.340 , 1.374 , 0.004
 
5 , 3 , 0.180 , 1.379 , 0.004
 
5 , 5 , 0.350 , 1.372 , 0.004
 
5 , 7 , 0.320 , 1.371 , 0.004
 
5 , 9 , 0.330 , 1.362 , 0.004
 
5 , 11 , 0.270 , 1.382 , 0.004
 
5 , 13 , 0.330 , 1.382 , 0.004
 
5 , 15 , 0.320 , 1.387 , 0.004
 
5 , 17 , 0.280 , 1.376 , 0.004
 
5 , 19 , 0.320 , 1.365 , 0.004
 
5 , 21 , 0.220 , 1.374 , 0.004
 
5 , 23 , 0.200 , 1.373 , 0.004
 
5 , 25 , 0.200 , 1.382 , 0.004
 
5 , 27 , 0.120 , 1.373 , 0.004
 
5 , 29 , 0.230 , 1.375 , 0.004
 
5 , 31 , 0.250 , 1.369 , 0.004
 
6 , 2 , 0.290 , 1.396 , 0.004
 
6 , 4 , 0.300 , 1.369 , 0.004
 
6 , 6 , 0.290 , 1.398 , 0.004
 
6 , 8 , 0.360 , 1.392 , 0.004
 
6 , 10 , 0.280 , 1.375 , 0.004
 
6 , 12 , 0.330 , 1.397 , 0.004
 
6 , 14 , 0.270 , 1.389 , 0.004
 
6 , 16 , 0.300 , 1.384 , 0.004
 
6 , 18 , 0.290 , 1.403 , 0.004
 
6 , 20 , 0.270 , 1.389 , 0.004
 
6 , 22 , 0.290 , 1.390 , 0.004
 
6 , 24 , 0.230 , 1.398 , 0.004
 
6 , 26 , 0.310 , 1.381 , 0.004
 
6 , 28 , 0.240 , 1.390 , 0.004
 
6 , 30 , 0.220 , 1.397 , 0.004
 
6 , 32 , 0.280 , 1.398 , 0.004
 
6 , 1 , 0.350 , 1.375 , 0.004
 
6 , 3 , 0.160 , 1.386 , 0.004
 
6 , 5 , 0.350 , 1.372 , 0.004
 
6 , 7 , 0.320 , 1.364 , 0.004
 
6 , 9 , 0.340 , 1.387 , 0.004
 
6 , 11 , 0.290 , 1.378 , 0.004
 
6 , 13 , 0.320 , 1.382 , 0.004
 
6 , 15 , 0.320 , 1.382 , 0.004
 
6 , 17 , 0.200 , 1.378 , 0.004
 
6 , 19 , 0.310 , 1.359 , 0.004
 
6 , 21 , 0.210 , 1.381 , 0.004
 
6 , 23 , 0.210 , 1.373 , 0.004
 
6 , 25 , 0.170 , 1.381 , 0.004
 
6 , 27 , 0.140 , 1.372 , 0.004
 
6 , 29 , 0.240 , 1.388 , 0.004
 
6 , 31 , 0.240 , 1.365 , 0.004
 
7 , 2 , 0.280 , 1.398 , 0.004
 
7 , 4 , 0.310 , 1.389 , 0.004
 
7 , 6 , 0.270 , 1.387 , 0.004
 
7 , 8 , 0.360 , 1.403 , 0.004
 
7 , 10 , 0.290 , 1.375 , 0.004
 
7 , 12 , 0.320 , 1.390 , 0.004
 
7 , 14 , 0.270 , 1.390 , 0.004
 
7 , 16 , 0.310 , 1.385 , 0.004
 
7 , 18 , 0.290 , 1.398 , 0.004
 
7 , 20 , 0.270 , 1.392 , 0.004
 
7 , 22 , 0.290 , 1.392 , 0.004
 
7 , 24 , 0.230 , 1.404 , 0.004
 
7 , 26 , 0.310 , 1.384 , 0.004
 
7 , 28 , 0.250 , 1.398 , 0.004
 
7 , 30 , 0.220 , 1.397 , 0.004
 
7 , 32 , 0.280 , 1.398 , 0.004
 
7 , 1 , 0.350 , 1.385 , 0.004
 
7 , 3 , 0.160 , 1.379 , 0.004
 
7 , 5 , 0.350 , 1.365 , 0.004
 
7 , 7 , 0.320 , 1.369 , 0.004
 
7 , 9 , 0.330 , 1.381 , 0.004
 
7 , 11 , 0.230 , 1.382 , 0.004
 
7 , 13 , 0.320 , 1.385 , 0.004
 
7 , 15 , 0.330 , 1.369 , 0.004
 
7 , 17 , 0.240 , 1.377 , 0.004
 
7 , 19 , 0.320 , 1.366 , 0.004
 
7 , 21 , 0.130 , 1.376 , 0.004
 
7 , 23 , 0.200 , 1.377 , 0.004
 
7 , 25 , 0.190 , 1.384 , 0.004
 
7 , 27 , 0.120 , 1.377 , 0.004
 
7 , 29 , 0.240 , 1.374 , 0.004
 
7 , 31 , 0.250 , 1.377 , 0.004
 
8 , 2 , 0.280 , 1.401 , 0.004
 
8 , 4 , 0.300 , 1.383 , 0.004
 
8 , 6 , 0.270 , 1.390 , 0.004
 
8 , 8 , 0.360 , 1.400 , 0.004
 
8 , 10 , 0.290 , 1.380 , 0.004
 
8 , 12 , 0.330 , 1.385 , 0.004
 
8 , 14 , 0.280 , 1.383 , 0.004
 
8 , 16 , 0.300 , 1.384 , 0.004
 
8 , 18 , 0.290 , 1.406 , 0.004
 
8 , 20 , 0.280 , 1.398 , 0.004
 
8 , 22 , 0.290 , 1.388 , 0.004
 
8 , 24 , 0.230 , 1.397 , 0.004
 
8 , 26 , 0.310 , 1.383 , 0.004
 
8 , 28 , 0.250 , 1.392 , 0.004
 
8 , 30 , 0.220 , 1.402 , 0.004
 
8 , 32 , 0.280 , 1.396 , 0.004
 
8 , 1 , 0.350 , 1.376 , 0.004
 
8 , 3 , 0.180 , 1.375 , 0.004
 
8 , 5 , 0.350 , 1.376 , 0.004
 
8 , 7 , 0.330 , 1.366 , 0.004
 
8 , 9 , 0.340 , 1.385 , 0.004
 
8 , 11 , 0.220 , 1.381 , 0.004
 
8 , 13 , 0.330 , 1.386 , 0.004
 
8 , 15 , 0.320 , 1.383 , 0.004
 
8 , 17 , 0.270 , 1.378 , 0.004
 
8 , 19 , 0.320 , 1.364 , 0.004
 
8 , 21 , 0.220 , 1.382 , 0.004
 
8 , 23 , 0.120 , 1.379 , 0.004
 
8 , 25 , 0.250 , 1.380 , 0.004
 
8 , 27 , 0.130 , 1.376 , 0.004
 
8 , 29 , 0.230 , 1.380 , 0.004
 
8 , 31 , 0.250 , 1.368 , 0.004
 
9 , 2 , 0.280 , 1.392 , 0.004
 
9 , 4 , 0.300 , 1.389 , 0.004
 
9 , 6 , 0.280 , 1.391 , 0.004
 
9 , 8 , 0.370 , 1.391 , 0.004
 
9 , 10 , 0.300 , 1.378 , 0.004
 
9 , 12 , 0.320 , 1.387 , 0.004
 
9 , 14 , 0.270 , 1.398 , 0.004
 
9 , 16 , 0.310 , 1.379 , 0.004
 
9 , 18 , 0.300 , 1.384 , 0.004
 
9 , 20 , 0.280 , 1.388 , 0.004
 
9 , 22 , 0.290 , 1.381 , 0.004
 
9 , 24 , 0.230 , 1.400 , 0.004
 
9 , 26 , 0.310 , 1.381 , 0.004
 
9 , 28 , 0.250 , 1.400 , 0.004
 
9 , 30 , 0.220 , 1.401 , 0.004
 
9 , 32 , 0.280 , 1.397 , 0.004
 
9 , 1 , 0.360 , 1.381 , 0.004
 
9 , 3 , 0.190 , 1.379 , 0.004
 
9 , 5 , 0.350 , 1.385 , 0.004
 
9 , 7 , 0.330 , 1.365 , 0.004
 
9 , 9 , 0.340 , 1.387 , 0.004
 
9 , 11 , 0.170 , 1.380 , 0.004
 
9 , 13 , 0.330 , 1.391 , 0.004
 
9 , 15 , 0.320 , 1.393 , 0.004
 
9 , 17 , 0.260 , 1.378 , 0.004
 
9 , 19 , 0.320 , 1.362 , 0.004
 
9 , 21 , 0.220 , 1.368 , 0.004
 
9 , 23 , 0.140 , 1.374 , 0.004
 
9 , 25 , 0.180 , 1.384 , 0.004
 
9 , 27 , 0.120 , 1.378 , 0.004
 
9 , 29 , 0.240 , 1.385 , 0.004
 
9 , 31 , 0.250 , 1.374 , 0.004
 
10 , 2 , 0.270 , 1.396 , 0.004
 
10 , 4 , 0.310 , 1.389 , 0.004
 
10 , 6 , 0.280 , 1.383 , 0.004
 
10 , 8 , 0.360 , 1.390 , 0.004
 
10 , 10 , 0.290 , 1.389 , 0.004
 
10 , 12 , 0.320 , 1.383 , 0.004
 
10 , 14 , 0.280 , 1.383 , 0.004
 
10 , 16 , 0.310 , 1.392 , 0.004
 
10 , 18 , 0.300 , 1.401 , 0.004
 
10 , 20 , 0.270 , 1.389 , 0.004
 
10 , 22 , 0.290 , 1.384 , 0.004
 
10 , 24 , 0.240 , 1.400 , 0.004
 
10 , 26 , 0.310 , 1.385 , 0.004
 
10 , 28 , 0.250 , 1.396 , 0.004
 
10 , 30 , 0.220 , 1.394 , 0.004
 
10 , 32 , 0.280 , 1.397 , 0.004
 
10 , 1 , 0.350 , 1.377 , 0.004
 
10 , 3 , 0.140 , 1.385 , 0.004
 
10 , 5 , 0.350 , 1.368 , 0.004
 
10 , 7 , 0.320 , 1.365 , 0.004
 
10 , 9 , 0.340 , 1.392 , 0.004
 
10 , 11 , 0.160 , 1.387 , 0.004
 
10 , 13 , 0.330 , 1.380 , 0.004
 
10 , 15 , 0.330 , 1.380 , 0.004
 
10 , 17 , 0.340 , 1.378 , 0.004
 
10 , 19 , 0.320 , 1.371 , 0.004
 
10 , 21 , 0.220 , 1.377 , 0.004
 
10 , 23 , 0.120 , 1.375 , 0.004
 
10 , 25 , 0.200 , 1.383 , 0.004
 
10 , 27 , 0.120 , 1.372 , 0.004
 
10 , 29 , 0.240 , 1.386 , 0.004
 
10 , 31 , 0.250 , 1.379 , 0.004
 
11 , 2 , 0.270 , 1.395 , 0.004
 
11 , 4 , 0.310 , 1.379 , 0.004
 
11 , 6 , 0.290 , 1.397 , 0.004
 
11 , 8 , 0.370 , 1.391 , 0.004
 
11 , 10 , 0.280 , 1.376 , 0.004
 
11 , 12 , 0.330 , 1.379 , 0.004
 
11 , 14 , 0.280 , 1.387 , 0.004
 
11 , 16 , 0.310 , 1.392 , 0.004
 
11 , 18 , 0.300 , 1.405 , 0.004
 
11 , 20 , 0.270 , 1.395 , 0.004
 
11 , 22 , 0.300 , 1.382 , 0.004
 
11 , 24 , 0.230 , 1.401 , 0.004
 
11 , 26 , 0.320 , 1.395 , 0.004
 
11 , 28 , 0.250 , 1.394 , 0.004
 
11 , 30 , 0.220 , 1.391 , 0.004
 
11 , 32 , 0.280 , 1.389 , 0.004
 
11 , 1 , 0.350 , 1.368 , 0.004
 
11 , 3 , 0.150 , 1.386 , 0.004
 
11 , 5 , 0.350 , 1.370 , 0.004
 
11 , 7 , 0.320 , 1.371 , 0.004
 
11 , 9 , 0.350 , 1.382 , 0.004
 
11 , 11 , 0.200 , 1.381 , 0.004
 
11 , 13 , 0.340 , 1.376 , 0.004
 
11 , 15 , 0.320 , 1.384 , 0.004
 
11 , 17 , 0.340 , 1.382 , 0.004
 
11 , 19 , 0.320 , 1.368 , 0.004
 
11 , 21 , 0.220 , 1.375 , 0.004
 
11 , 23 , 0.110 , 1.383 , 0.004
 
11 , 25 , 0.210 , 1.376 , 0.004
 
11 , 27 , 0.130 , 1.372 , 0.004
 
11 , 29 , 0.230 , 1.370 , 0.004
 
11 , 31 , 0.250 , 1.360 , 0.004
 
12 , 2 , 0.270 , 1.391 , 0.004
 
12 , 4 , 0.310 , 1.391 , 0.004
 
12 , 6 , 0.290 , 1.399 , 0.004
 
12 , 8 , 0.380 , 1.396 , 0.004
 
12 , 10 , 0.280 , 1.389 , 0.004
 
12 , 12 , 0.330 , 1.384 , 0.004
 
12 , 14 , 0.280 , 1.388 , 0.004
 
12 , 16 , 0.310 , 1.376 , 0.004
 
12 , 18 , 0.300 , 1.387 , 0.004
 
12 , 20 , 0.270 , 1.391 , 0.004
 
12 , 22 , 0.300 , 1.380 , 0.004
 
12 , 24 , 0.230 , 1.396 , 0.004
 
12 , 26 , 0.320 , 1.383 , 0.004
 
12 , 28 , 0.250 , 1.388 , 0.004
 
12 , 30 , 0.220 , 1.399 , 0.004
 
12 , 32 , 0.280 , 1.391 , 0.004
 
12 , 1 , 0.360 , 1.376 , 0.004
 
12 , 3 , 0.160 , 1.385 , 0.004
 
12 , 5 , 0.350 , 1.374 , 0.004
 
12 , 7 , 0.320 , 1.357 , 0.004
 
12 , 9 , 0.340 , 1.391 , 0.004
 
12 , 11 , 0.210 , 1.382 , 0.004
 
12 , 13 , 0.340 , 1.362 , 0.004
 
12 , 15 , 0.320 , 1.377 , 0.004
 
12 , 17 , 0.330 , 1.381 , 0.004
 
12 , 19 , 0.320 , 1.371 , 0.004
 
12 , 21 , 0.220 , 1.369 , 0.004
 
12 , 23 , 0.170 , 1.382 , 0.004
 
12 , 25 , 0.210 , 1.391 , 0.004
 
12 , 27 , 0.130 , 1.370 , 0.004
 
12 , 29 , 0.230 , 1.381 , 0.004
 
12 , 31 , 0.250 , 1.365 , 0.004
 
13 , 2 , 0.280 , 1.399 , 0.004
 
13 , 4 , 0.310 , 1.385 , 0.004
 
13 , 6 , 0.280 , 1.393 , 0.004
 
13 , 8 , 0.370 , 1.386 , 0.004
 
13 , 10 , 0.290 , 1.384 , 0.004
 
13 , 12 , 0.330 , 1.392 , 0.004
 
13 , 14 , 0.280 , 1.388 , 0.004
 
13 , 16 , 0.310 , 1.383 , 0.004
 
13 , 18 , 0.300 , 1.398 , 0.004
 
13 , 20 , 0.280 , 1.397 , 0.004
 
13 , 22 , 0.300 , 1.385 , 0.004
 
13 , 24 , 0.240 , 1.395 , 0.004
 
13 , 26 , 0.320 , 1.373 , 0.004
 
13 , 28 , 0.250 , 1.391 , 0.004
 
13 , 30 , 0.220 , 1.385 , 0.004
 
13 , 32 , 0.280 , 1.389 , 0.004
 
13 , 1 , 0.350 , 1.373 , 0.004
 
13 , 3 , 0.150 , 1.384 , 0.004
 
13 , 5 , 0.360 , 1.373 , 0.004
 
13 , 7 , 0.330 , 1.370 , 0.004
 
13 , 9 , 0.340 , 1.386 , 0.004
 
13 , 11 , 0.200 , 1.379 , 0.004
 
13 , 13 , 0.340 , 1.378 , 0.004
 
13 , 15 , 0.320 , 1.384 , 0.004
 
13 , 17 , 0.370 , 1.388 , 0.004
 
13 , 19 , 0.330 , 1.367 , 0.004
 
13 , 21 , 0.220 , 1.380 , 0.004
 
13 , 23 , 0.210 , 1.383 , 0.004
 
13 , 25 , 0.210 , 1.381 , 0.004
 
13 , 27 , 0.130 , 1.374 , 0.004
 
13 , 29 , 0.240 , 1.379 , 0.004
 
13 , 31 , 0.250 , 1.369 , 0.004
 
14 , 2 , 0.280 , 1.393 , 0.004
 
14 , 4 , 0.320 , 1.395 , 0.004
 
14 , 6 , 0.290 , 1.395 , 0.004
 
14 , 8 , 0.370 , 1.379 , 0.004
 
14 , 10 , 0.290 , 1.378 , 0.004
 
14 , 12 , 0.330 , 1.391 , 0.004
 
14 , 14 , 0.280 , 1.390 , 0.004
 
14 , 16 , 0.310 , 1.397 , 0.004
 
14 , 18 , 0.300 , 1.396 , 0.004
 
14 , 20 , 0.280 , 1.400 , 0.004
 
14 , 22 , 0.300 , 1.392 , 0.004
 
14 , 24 , 0.240 , 1.407 , 0.004
 
14 , 26 , 0.310 , 1.384 , 0.004
 
14 , 28 , 0.250 , 1.392 , 0.004
 
14 , 30 , 0.220 , 1.400 , 0.004
 
14 , 32 , 0.290 , 1.402 , 0.004
 
14 , 1 , 0.350 , 1.394 , 0.004
 
14 , 3 , 0.150 , 1.379 , 0.004
 
14 , 5 , 0.350 , 1.366 , 0.004
 
14 , 7 , 0.330 , 1.366 , 0.004
 
14 , 9 , 0.350 , 1.382 , 0.004
 
14 , 11 , 0.260 , 1.385 , 0.004
 
14 , 13 , 0.330 , 1.384 , 0.004
 
14 , 15 , 0.330 , 1.390 , 0.004
 
14 , 17 , 0.340 , 1.373 , 0.004
 
14 , 19 , 0.320 , 1.363 , 0.004
 
14 , 21 , 0.220 , 1.370 , 0.004
 
14 , 23 , 0.210 , 1.374 , 0.004
 
14 , 25 , 0.190 , 1.379 , 0.004
 
14 , 27 , 0.130 , 1.378 , 0.004
 
14 , 29 , 0.240 , 1.379 , 0.004
 
14 , 31 , 0.250 , 1.372 , 0.004
 
15 , 2 , 0.290 , 1.389 , 0.004
 
15 , 4 , 0.320 , 1.389 , 0.004
 
15 , 6 , 0.290 , 1.407 , 0.004
 
15 , 8 , 0.370 , 1.395 , 0.004
 
15 , 10 , 0.290 , 1.365 , 0.004
 
15 , 12 , 0.330 , 1.378 , 0.004
 
15 , 14 , 0.280 , 1.397 , 0.004
 
15 , 16 , 0.310 , 1.393 , 0.004
 
15 , 18 , 0.310 , 1.398 , 0.004
 
15 , 20 , 0.280 , 1.391 , 0.004
 
15 , 22 , 0.300 , 1.383 , 0.004
 
15 , 24 , 0.240 , 1.403 , 0.004
 
15 , 26 , 0.320 , 1.384 , 0.004
 
15 , 28 , 0.250 , 1.401 , 0.004
 
15 , 30 , 0.220 , 1.389 , 0.004
 
15 , 32 , 0.290 , 1.399 , 0.004
 
15 , 1 , 0.360 , 1.366 , 0.004
 
15 , 3 , 0.170 , 1.377 , 0.004
 
15 , 5 , 0.360 , 1.374 , 0.004
 
15 , 7 , 0.320 , 1.352 , 0.004
 
15 , 9 , 0.350 , 1.391 , 0.004
 
15 , 11 , 0.180 , 1.384 , 0.004
 
15 , 13 , 0.330 , 1.388 , 0.004
 
15 , 15 , 0.330 , 1.383 , 0.004
 
15 , 17 , 0.380 , 1.382 , 0.004
 
15 , 19 , 0.310 , 1.368 , 0.004
 
15 , 21 , 0.220 , 1.371 , 0.004
 
15 , 23 , 0.140 , 1.376 , 0.004
 
15 , 25 , 0.170 , 1.382 , 0.004
 
15 , 27 , 0.130 , 1.375 , 0.004
 
15 , 29 , 0.250 , 1.384 , 0.004
 
15 , 31 , 0.250 , 1.360 , 0.004
 
16 , 2 , 0.280 , 1.391 , 0.004
 
16 , 4 , 0.310 , 1.400 , 0.004
 
16 , 6 , 0.290 , 1.400 , 0.004
 
16 , 8 , 0.370 , 1.381 , 0.004
 
16 , 10 , 0.290 , 1.377 , 0.004
 
16 , 12 , 0.330 , 1.391 , 0.004
 
16 , 14 , 0.280 , 1.389 , 0.004
 
16 , 16 , 0.310 , 1.392 , 0.004
 
16 , 18 , 0.310 , 1.402 , 0.004
 
16 , 20 , 0.280 , 1.392 , 0.004
 
16 , 22 , 0.300 , 1.386 , 0.004
 
16 , 24 , 0.240 , 1.403 , 0.004
 
16 , 26 , 0.320 , 1.388 , 0.004
 
16 , 28 , 0.260 , 1.388 , 0.004
 
16 , 30 , 0.220 , 1.395 , 0.004
 
16 , 32 , 0.280 , 1.396 , 0.004
 
16 , 1 , 0.350 , 1.385 , 0.004
 
16 , 3 , 0.190 , 1.383 , 0.004
 
16 , 5 , 0.360 , 1.376 , 0.004
 
16 , 7 , 0.320 , 1.371 , 0.004
 
16 , 9 , 0.350 , 1.385 , 0.004
 
16 , 11 , 0.180 , 1.381 , 0.004
 
16 , 13 , 0.340 , 1.391 , 0.004
 
16 , 15 , 0.320 , 1.381 , 0.004
 
16 , 17 , 0.380 , 1.377 , 0.004
 
16 , 19 , 0.320 , 1.368 , 0.004
 
16 , 21 , 0.220 , 1.364 , 0.004
 
16 , 23 , 0.140 , 1.375 , 0.004
 
16 , 25 , 0.170 , 1.382 , 0.004
 
16 , 27 , 0.130 , 1.380 , 0.004
 
16 , 29 , 0.240 , 1.391 , 0.004
 
16 , 31 , 0.250 , 1.367 , 0.004
 
17 , 2 , 0.280 , 1.397 , 0.004
 
17 , 4 , 0.320 , 1.391 , 0.004
 
17 , 6 , 0.290 , 1.401 , 0.004
 
17 , 8 , 0.370 , 1.371 , 0.004
 
17 , 10 , 0.290 , 1.388 , 0.004
 
17 , 12 , 0.330 , 1.383 , 0.004
 
17 , 14 , 0.280 , 1.398 , 0.004
 
17 , 16 , 0.320 , 1.378 , 0.004
 
17 , 18 , 0.300 , 1.400 , 0.004
 
17 , 20 , 0.280 , 1.402 , 0.004
 
17 , 22 , 0.310 , 1.388 , 0.004
 
17 , 24 , 0.240 , 1.405 , 0.004
 
17 , 26 , 0.320 , 1.381 , 0.004
 
17 , 28 , 0.250 , 1.402 , 0.004
 
17 , 30 , 0.220 , 1.395 , 0.004
 
17 , 32 , 0.280 , 1.389 , 0.004
 
17 , 1 , 0.360 , 1.377 , 0.004
 
17 , 3 , 0.180 , 1.384 , 0.004
 
17 , 5 , 0.360 , 1.364 , 0.004
 
17 , 7 , 0.330 , 1.371 , 0.004
 
17 , 9 , 0.360 , 1.373 , 0.004
 
17 , 11 , 0.180 , 1.371 , 0.004
 
17 , 13 , 0.330 , 1.375 , 0.004
 
17 , 15 , 0.320 , 1.386 , 0.004
 
17 , 17 , 0.370 , 1.382 , 0.004
 
17 , 19 , 0.320 , 1.371 , 0.004
 
17 , 21 , 0.150 , 1.378 , 0.004
 
17 , 23 , 0.130 , 1.375 , 0.004
 
17 , 25 , 0.160 , 1.381 , 0.004
 
17 , 27 , 0.140 , 1.377 , 0.004
 
17 , 29 , 0.240 , 1.385 , 0.004
 
17 , 31 , 0.250 , 1.370 , 0.004
 
18 , 2 , 0.290 , 1.383 , 0.004
 
18 , 4 , 0.320 , 1.394 , 0.004
 
18 , 6 , 0.290 , 1.397 , 0.004
 
18 , 8 , 0.370 , 1.377 , 0.004
 
18 , 10 , 0.300 , 1.387 , 0.004
 
18 , 12 , 0.320 , 1.380 , 0.004
 
18 , 14 , 0.280 , 1.395 , 0.004
 
18 , 16 , 0.320 , 1.367 , 0.004
 
18 , 18 , 0.310 , 1.396 , 0.004
 
18 , 20 , 0.280 , 1.395 , 0.004
 
18 , 22 , 0.300 , 1.384 , 0.004
 
18 , 24 , 0.240 , 1.400 , 0.004
 
18 , 26 , 0.320 , 1.389 , 0.004
 
18 , 28 , 0.250 , 1.396 , 0.004
 
18 , 30 , 0.230 , 1.393 , 0.004
 
18 , 32 , 0.290 , 1.404 , 0.004
 
18 , 1 , 0.360 , 1.372 , 0.004
 
18 , 3 , 0.180 , 1.387 , 0.004
 
18 , 5 , 0.360 , 1.378 , 0.004
 
18 , 7 , 0.330 , 1.375 , 0.004
 
18 , 9 , 0.350 , 1.383 , 0.004
 
18 , 11 , 0.170 , 1.384 , 0.004
 
18 , 13 , 0.330 , 1.374 , 0.004
 
18 , 15 , 0.330 , 1.386 , 0.004
 
18 , 17 , 0.380 , 1.374 , 0.004
 
18 , 19 , 0.320 , 1.360 , 0.004
 
18 , 21 , 0.160 , 1.373 , 0.004
 
18 , 23 , 0.140 , 1.376 , 0.004
 
18 , 25 , 0.200 , 1.390 , 0.004
 
18 , 27 , 0.130 , 1.385 , 0.004
 
18 , 29 , 0.240 , 1.378 , 0.004
 
18 , 31 , 0.250 , 1.372 , 0.004
 
19 , 2 , 0.290 , 1.395 , 0.004
 
19 , 4 , 0.320 , 1.390 , 0.004
 
19 , 6 , 0.290 , 1.402 , 0.004
 
19 , 8 , 0.370 , 1.388 , 0.004
 
19 , 10 , 0.300 , 1.385 , 0.004
 
19 , 12 , 0.330 , 1.387 , 0.004
 
19 , 14 , 0.290 , 1.392 , 0.004
 
19 , 16 , 0.320 , 1.390 , 0.004
 
19 , 18 , 0.310 , 1.398 , 0.004
 
19 , 20 , 0.290 , 1.387 , 0.004
 
19 , 22 , 0.310 , 1.383 , 0.004
 
19 , 24 , 0.240 , 1.403 , 0.004
 
19 , 26 , 0.320 , 1.379 , 0.004
 
19 , 28 , 0.260 , 1.388 , 0.004
 
19 , 30 , 0.220 , 1.396 , 0.004
 
19 , 32 , 0.290 , 1.401 , 0.004
 
19 , 1 , 0.350 , 1.373 , 0.004
 
19 , 3 , 0.180 , 1.376 , 0.004
 
19 , 5 , 0.360 , 1.367 , 0.004
 
19 , 7 , 0.340 , 1.364 , 0.004
 
19 , 9 , 0.350 , 1.385 , 0.004
 
19 , 11 , 0.160 , 1.377 , 0.004
 
19 , 13 , 0.340 , 1.379 , 0.004
 
19 , 15 , 0.320 , 1.381 , 0.004
 
19 , 17 , 0.380 , 1.379 , 0.004
 
19 , 19 , 0.330 , 1.370 , 0.004
 
19 , 21 , 0.120 , 1.372 , 0.004
 
19 , 23 , 0.130 , 1.373 , 0.004
 
19 , 25 , 0.200 , 1.378 , 0.004
 
19 , 27 , 0.140 , 1.370 , 0.004
 
19 , 29 , 0.240 , 1.382 , 0.004
 
19 , 31 , 0.250 , 1.378 , 0.004
 
20 , 2 , 0.290 , 1.393 , 0.004
 
20 , 4 , 0.320 , 1.388 , 0.004
 
20 , 6 , 0.290 , 1.401 , 0.004
 
20 , 8 , 0.370 , 1.388 , 0.004
 
20 , 10 , 0.290 , 1.377 , 0.004
 
20 , 12 , 0.340 , 1.387 , 0.004
 
20 , 14 , 0.280 , 1.396 , 0.004
 
20 , 16 , 0.310 , 1.394 , 0.004
 
20 , 18 , 0.310 , 1.399 , 0.004
 
20 , 20 , 0.290 , 1.396 , 0.004
 
20 , 22 , 0.310 , 1.379 , 0.004
 
20 , 24 , 0.240 , 1.399 , 0.004
 
20 , 26 , 0.320 , 1.378 , 0.004
 
20 , 28 , 0.260 , 1.396 , 0.004
 
20 , 30 , 0.220 , 1.401 , 0.004
 
20 , 32 , 0.290 , 1.400 , 0.004
 
20 , 1 , 0.370 , 1.375 , 0.004
 
20 , 3 , 0.190 , 1.383 , 0.004
 
20 , 5 , 0.360 , 1.376 , 0.004
 
20 , 7 , 0.320 , 1.366 , 0.004
 
20 , 9 , 0.350 , 1.383 , 0.004
 
20 , 11 , 0.210 , 1.385 , 0.004
 
20 , 13 , 0.340 , 1.387 , 0.004
 
20 , 15 , 0.330 , 1.381 , 0.004
 
20 , 17 , 0.380 , 1.385 , 0.004
 
20 , 19 , 0.330 , 1.375 , 0.004
 
20 , 21 , 0.110 , 1.375 , 0.004
 
20 , 23 , 0.130 , 1.381 , 0.004
 
20 , 25 , 0.170 , 1.377 , 0.004
 
20 , 27 , 0.120 , 1.371 , 0.004
 
20 , 29 , 0.240 , 1.385 , 0.004
 
20 , 31 , 0.260 , 1.379 , 0.004
 
21 , 2 , 0.290 , 1.392 , 0.004
 
21 , 4 , 0.310 , 1.385 , 0.004
 
21 , 6 , 0.290 , 1.399 , 0.004
 
21 , 8 , 0.370 , 1.385 , 0.004
 
21 , 10 , 0.300 , 1.384 , 0.004
 
21 , 12 , 0.330 , 1.380 , 0.004
 
21 , 14 , 0.280 , 1.389 , 0.004
 
21 , 16 , 0.320 , 1.374 , 0.004
 
21 , 18 , 0.310 , 1.396 , 0.004
 
21 , 20 , 0.290 , 1.383 , 0.004
 
21 , 22 , 0.310 , 1.383 , 0.004
 
21 , 24 , 0.240 , 1.401 , 0.004
 
21 , 26 , 0.320 , 1.384 , 0.004
 
21 , 28 , 0.260 , 1.398 , 0.004
 
21 , 30 , 0.230 , 1.395 , 0.004
 
21 , 32 , 0.290 , 1.399 , 0.004
 
21 , 1 , 0.370 , 1.382 , 0.004
 
21 , 3 , 0.180 , 1.378 , 0.004
 
21 , 5 , 0.360 , 1.367 , 0.004
 
21 , 7 , 0.330 , 1.372 , 0.004
 
21 , 9 , 0.350 , 1.387 , 0.004
 
21 , 11 , 0.210 , 1.380 , 0.004
 
21 , 13 , 0.340 , 1.382 , 0.004
 
21 , 15 , 0.340 , 1.388 , 0.004
 
21 , 17 , 0.370 , 1.374 , 0.004
 
21 , 19 , 0.320 , 1.366 , 0.004
 
21 , 21 , 0.090 , 1.367 , 0.004
 
21 , 23 , 0.140 , 1.381 , 0.004
 
21 , 25 , 0.320 , 1.375 , 0.004
 
21 , 27 , 0.190 , 1.370 , 0.004
 
21 , 29 , 0.240 , 1.379 , 0.004
 
21 , 31 , 0.250 , 1.369 , 0.004
 
22 , 2 , 0.280 , 1.395 , 0.004
 
22 , 4 , 0.320 , 1.391 , 0.004
 
22 , 6 , 0.290 , 1.384 , 0.004
 
22 , 8 , 0.380 , 1.399 , 0.004
 
22 , 10 , 0.300 , 1.385 , 0.004
 
22 , 12 , 0.330 , 1.389 , 0.004
 
22 , 14 , 0.290 , 1.386 , 0.004
 
22 , 16 , 0.330 , 1.395 , 0.004
 
22 , 18 , 0.310 , 1.399 , 0.004
 
22 , 20 , 0.290 , 1.391 , 0.004
 
22 , 22 , 0.300 , 1.381 , 0.004
 
22 , 24 , 0.250 , 1.397 , 0.004
 
22 , 26 , 0.330 , 1.387 , 0.004
 
22 , 28 , 0.250 , 1.396 , 0.004
 
22 , 30 , 0.220 , 1.397 , 0.004
 
22 , 32 , 0.300 , 1.404 , 0.004
 
22 , 1 , 0.360 , 1.386 , 0.004
 
22 , 3 , 0.190 , 1.383 , 0.004
 
22 , 5 , 0.360 , 1.377 , 0.004
 
22 , 7 , 0.330 , 1.370 , 0.004
 
22 , 9 , 0.360 , 1.378 , 0.004
 
22 , 11 , 0.250 , 1.377 , 0.004
 
22 , 13 , 0.350 , 1.384 , 0.004
 
22 , 15 , 0.330 , 1.389 , 0.004
 
22 , 17 , 0.370 , 1.386 , 0.004
 
22 , 19 , 0.320 , 1.365 , 0.004
 
22 , 21 , 0.130 , 1.367 , 0.004
 
22 , 23 , 0.200 , 1.372 , 0.004
 
22 , 25 , 0.320 , 1.384 , 0.004
 
22 , 27 , 0.180 , 1.373 , 0.004
 
22 , 29 , 0.250 , 1.385 , 0.004
 
22 , 31 , 0.250 , 1.368 , 0.004
 
23 , 2 , 0.280 , 1.389 , 0.004
 
23 , 4 , 0.320 , 1.394 , 0.004
 
23 , 6 , 0.290 , 1.390 , 0.004
 
23 , 8 , 0.370 , 1.377 , 0.004
 
23 , 10 , 0.290 , 1.382 , 0.004
 
23 , 12 , 0.340 , 1.387 , 0.004
 
23 , 14 , 0.280 , 1.389 , 0.004
 
23 , 16 , 0.320 , 1.384 , 0.004
 
23 , 18 , 0.310 , 1.403 , 0.004
 
23 , 20 , 0.290 , 1.394 , 0.004
 
23 , 22 , 0.300 , 1.384 , 0.004
 
23 , 24 , 0.240 , 1.403 , 0.004
 
23 , 26 , 0.330 , 1.384 , 0.004
 
23 , 28 , 0.260 , 1.393 , 0.004
 
23 , 30 , 0.230 , 1.400 , 0.004
 
23 , 32 , 0.290 , 1.394 , 0.004
 
23 , 1 , 0.360 , 1.376 , 0.004
 
23 , 3 , 0.180 , 1.387 , 0.004
 
23 , 5 , 0.360 , 1.370 , 0.004
 
23 , 7 , 0.330 , 1.367 , 0.004
 
23 , 9 , 0.350 , 1.384 , 0.004
 
23 , 11 , 0.190 , 1.379 , 0.004
 
23 , 13 , 0.340 , 1.377 , 0.004
 
23 , 15 , 0.330 , 1.382 , 0.004
 
23 , 17 , 0.390 , 1.374 , 0.004
 
23 , 19 , 0.330 , 1.370 , 0.004
 
23 , 21 , 0.130 , 1.372 , 0.004
 
23 , 23 , 0.200 , 1.377 , 0.004
 
23 , 25 , 0.320 , 1.381 , 0.004
 
23 , 27 , 0.160 , 1.376 , 0.004
 
23 , 29 , 0.240 , 1.372 , 0.004
 
23 , 31 , 0.260 , 1.356 , 0.004
 
24 , 2 , 0.280 , 1.390 , 0.004
 
24 , 4 , 0.330 , 1.396 , 0.004
 
24 , 6 , 0.290 , 1.399 , 0.004
 
24 , 8 , 0.380 , 1.393 , 0.004
 
24 , 10 , 0.300 , 1.385 , 0.004
 
24 , 12 , 0.330 , 1.386 , 0.004
 
24 , 14 , 0.290 , 1.383 , 0.004
 
24 , 16 , 0.320 , 1.387 , 0.004
 
24 , 18 , 0.310 , 1.395 , 0.004
 
24 , 20 , 0.290 , 1.390 , 0.004
 
24 , 22 , 0.300 , 1.375 , 0.004
 
24 , 24 , 0.250 , 1.398 , 0.004
 
24 , 26 , 0.330 , 1.384 , 0.004
 
24 , 28 , 0.260 , 1.400 , 0.004
 
24 , 30 , 0.230 , 1.393 , 0.004
 
24 , 32 , 0.290 , 1.398 , 0.004
 
24 , 1 , 0.370 , 1.376 , 0.004
 
24 , 3 , 0.190 , 1.377 , 0.004
 
24 , 5 , 0.350 , 1.368 , 0.004
 
24 , 7 , 0.330 , 1.360 , 0.004
 
24 , 9 , 0.360 , 1.372 , 0.004
 
24 , 11 , 0.230 , 1.383 , 0.004
 
24 , 13 , 0.340 , 1.385 , 0.004
 
24 , 15 , 0.330 , 1.389 , 0.004
 
24 , 17 , 0.370 , 1.380 , 0.004
 
24 , 19 , 0.330 , 1.361 , 0.004
 
24 , 21 , 0.130 , 1.368 , 0.004
 
24 , 23 , 0.160 , 1.370 , 0.004
 
24 , 25 , 0.320 , 1.378 , 0.004
 
24 , 27 , 0.150 , 1.378 , 0.004
 
24 , 29 , 0.240 , 1.382 , 0.004
 
24 , 31 , 0.260 , 1.370 , 0.004
 
25 , 2 , 0.290 , 1.397 , 0.004
 
25 , 4 , 0.320 , 1.389 , 0.004
 
25 , 6 , 0.300 , 1.386 , 0.004
 
25 , 8 , 0.380 , 1.378 , 0.004
 
25 , 10 , 0.300 , 1.391 , 0.004
 
25 , 12 , 0.340 , 1.383 , 0.004
 
25 , 14 , 0.290 , 1.380 , 0.004
 
25 , 16 , 0.330 , 1.386 , 0.004
 
25 , 18 , 0.310 , 1.402 , 0.004
 
25 , 20 , 0.290 , 1.403 , 0.004
 
25 , 22 , 0.310 , 1.387 , 0.004
 
25 , 24 , 0.250 , 1.404 , 0.004
 
25 , 26 , 0.330 , 1.387 , 0.004
 
25 , 28 , 0.260 , 1.393 , 0.004
 
25 , 30 , 0.230 , 1.401 , 0.004
 
25 , 32 , 0.290 , 1.401 , 0.004
 
25 , 1 , 0.360 , 1.374 , 0.004
 
25 , 3 , 0.190 , 1.378 , 0.004
 
25 , 5 , 0.360 , 1.373 , 0.004
 
25 , 7 , 0.340 , 1.354 , 0.004
 
25 , 9 , 0.350 , 1.387 , 0.004
 
25 , 11 , 0.240 , 1.382 , 0.004
 
25 , 13 , 0.340 , 1.385 , 0.004
 
25 , 15 , 0.330 , 1.369 , 0.004
 
25 , 17 , 0.370 , 1.382 , 0.004
 
25 , 19 , 0.330 , 1.367 , 0.004
 
25 , 21 , 0.110 , 1.371 , 0.004
 
25 , 23 , 0.140 , 1.376 , 0.004
 
25 , 25 , 0.330 , 1.381 , 0.004
 
25 , 27 , 0.210 , 1.371 , 0.004
 
25 , 29 , 0.240 , 1.382 , 0.004
 
25 , 31 , 0.250 , 1.358 , 0.004
 
26 , 2 , 0.290 , 1.387 , 0.004
 
26 , 4 , 0.310 , 1.384 , 0.004
 
26 , 6 , 0.290 , 1.391 , 0.004
 
26 , 8 , 0.370 , 1.383 , 0.004
 
26 , 10 , 0.300 , 1.389 , 0.004
 
26 , 12 , 0.340 , 1.388 , 0.004
 
26 , 14 , 0.290 , 1.373 , 0.004
 
26 , 16 , 0.330 , 1.383 , 0.004
 
26 , 18 , 0.310 , 1.396 , 0.004
 
26 , 20 , 0.290 , 1.401 , 0.004
 
26 , 22 , 0.310 , 1.380 , 0.004
 
26 , 24 , 0.240 , 1.401 , 0.004
 
26 , 26 , 0.330 , 1.375 , 0.004
 
26 , 28 , 0.260 , 1.393 , 0.004
 
26 , 30 , 0.230 , 1.393 , 0.004
 
26 , 32 , 0.300 , 1.404 , 0.004
 
26 , 1 , 0.360 , 1.384 , 0.004
 
26 , 3 , 0.180 , 1.385 , 0.004
 
26 , 5 , 0.370 , 1.370 , 0.004
 
26 , 7 , 0.330 , 1.364 , 0.004
 
26 , 9 , 0.350 , 1.367 , 0.004
 
26 , 11 , 0.230 , 1.384 , 0.004
 
26 , 13 , 0.340 , 1.379 , 0.004
 
26 , 15 , 0.330 , 1.393 , 0.004
 
26 , 17 , 0.400 , 1.383 , 0.004
 
26 , 19 , 0.330 , 1.368 , 0.004
 
26 , 21 , 0.120 , 1.375 , 0.004
 
26 , 23 , 0.160 , 1.374 , 0.004
 
26 , 25 , 0.320 , 1.372 , 0.004
 
26 , 27 , 0.210 , 1.376 , 0.004
 
26 , 29 , 0.240 , 1.379 , 0.004
 
26 , 31 , 0.260 , 1.372 , 0.004
 
27 , 2 , 0.290 , 1.390 , 0.004
 
27 , 4 , 0.320 , 1.388 , 0.004
 
27 , 6 , 0.290 , 1.399 , 0.004
 
27 , 8 , 0.370 , 1.388 , 0.004
 
27 , 10 , 0.300 , 1.383 , 0.004
 
27 , 12 , 0.340 , 1.386 , 0.004
 
27 , 14 , 0.290 , 1.390 , 0.004
 
27 , 16 , 0.320 , 1.392 , 0.004
 
27 , 18 , 0.310 , 1.395 , 0.004
 
27 , 20 , 0.290 , 1.395 , 0.004
 
27 , 22 , 0.310 , 1.387 , 0.004
 
27 , 24 , 0.240 , 1.399 , 0.004
 
27 , 26 , 0.330 , 1.383 , 0.004
 
27 , 28 , 0.260 , 1.392 , 0.004
 
27 , 30 , 0.220 , 1.392 , 0.004
 
27 , 32 , 0.300 , 1.393 , 0.004
 
27 , 1 , 0.370 , 1.371 , 0.004
 
27 , 3 , 0.200 , 1.377 , 0.004
 
27 , 5 , 0.370 , 1.380 , 0.004
 
27 , 7 , 0.330 , 1.367 , 0.004
 
27 , 9 , 0.350 , 1.383 , 0.004
 
27 , 11 , 0.220 , 1.381 , 0.004
 
27 , 13 , 0.340 , 1.382 , 0.004
 
27 , 15 , 0.340 , 1.383 , 0.004
 
27 , 17 , 0.380 , 1.365 , 0.004
 
27 , 19 , 0.330 , 1.369 , 0.004
 
27 , 21 , 0.190 , 1.370 , 0.004
 
27 , 23 , 0.190 , 1.371 , 0.004
 
27 , 25 , 0.320 , 1.385 , 0.004
 
27 , 27 , 0.230 , 1.375 , 0.004
 
27 , 29 , 0.250 , 1.386 , 0.004
 
27 , 31 , 0.250 , 1.373 , 0.004
 
28 , 2 , 0.290 , 1.388 , 0.004
 
28 , 4 , 0.330 , 1.381 , 0.004
 
28 , 6 , 0.290 , 1.395 , 0.004
 
28 , 8 , 0.380 , 1.382 , 0.004
 
28 , 10 , 0.300 , 1.383 , 0.004
 
28 , 12 , 0.340 , 1.390 , 0.004
 
28 , 14 , 0.290 , 1.390 , 0.004
 
28 , 16 , 0.330 , 1.383 , 0.004
 
28 , 18 , 0.310 , 1.397 , 0.004
 
28 , 20 , 0.290 , 1.397 , 0.004
 
28 , 22 , 0.310 , 1.387 , 0.004
 
28 , 24 , 0.250 , 1.404 , 0.004
 
28 , 26 , 0.330 , 1.380 , 0.004
 
28 , 28 , 0.260 , 1.403 , 0.004
 
28 , 30 , 0.230 , 1.396 , 0.004
 
28 , 32 , 0.300 , 1.400 , 0.004
 
28 , 1 , 0.370 , 1.380 , 0.004
 
28 , 3 , 0.190 , 1.378 , 0.004
 
28 , 5 , 0.360 , 1.368 , 0.004
 
28 , 7 , 0.330 , 1.360 , 0.004
 
28 , 9 , 0.350 , 1.387 , 0.004
 
28 , 11 , 0.170 , 1.388 , 0.004
 
28 , 13 , 0.350 , 1.379 , 0.004
 
28 , 15 , 0.330 , 1.383 , 0.004
 
28 , 17 , 0.410 , 1.375 , 0.004
 
28 , 19 , 0.330 , 1.365 , 0.004
 
28 , 21 , 0.160 , 1.367 , 0.004
 
28 , 23 , 0.220 , 1.385 , 0.004
 
28 , 25 , 0.320 , 1.377 , 0.004
 
28 , 27 , 0.220 , 1.369 , 0.004
 
28 , 29 , 0.240 , 1.381 , 0.004
 
28 , 31 , 0.270 , 1.364 , 0.004
 
29 , 2 , 0.290 , 1.397 , 0.004
 
29 , 4 , 0.330 , 1.398 , 0.004
 
29 , 6 , 0.290 , 1.387 , 0.004
 
29 , 8 , 0.380 , 1.395 , 0.004
 
29 , 10 , 0.300 , 1.381 , 0.004
 
29 , 12 , 0.340 , 1.375 , 0.004
 
29 , 14 , 0.290 , 1.400 , 0.004
 
29 , 16 , 0.320 , 1.385 , 0.004
 
29 , 18 , 0.310 , 1.402 , 0.004
 
29 , 20 , 0.290 , 1.398 , 0.004
 
29 , 22 , 0.310 , 1.387 , 0.004
 
29 , 24 , 0.250 , 1.401 , 0.004
 
29 , 26 , 0.330 , 1.378 , 0.004
 
29 , 28 , 0.270 , 1.395 , 0.004
 
29 , 30 , 0.220 , 1.394 , 0.004
 
29 , 32 , 0.290 , 1.402 , 0.004
 
29 , 1 , 0.360 , 1.370 , 0.004
 
29 , 3 , 0.190 , 1.379 , 0.004
 
29 , 5 , 0.370 , 1.366 , 0.004
 
29 , 7 , 0.340 , 1.356 , 0.004
 
29 , 9 , 0.360 , 1.383 , 0.004
 
29 , 11 , 0.200 , 1.382 , 0.004
 
29 , 13 , 0.340 , 1.373 , 0.004
 
29 , 15 , 0.330 , 1.373 , 0.004
 
29 , 17 , 0.370 , 1.378 , 0.004
 
29 , 19 , 0.330 , 1.372 , 0.004
 
29 , 21 , 0.170 , 1.373 , 0.004
 
29 , 23 , 0.220 , 1.365 , 0.004
 
29 , 25 , 0.320 , 1.377 , 0.004
 
29 , 27 , 0.230 , 1.377 , 0.004
 
29 , 29 , 0.240 , 1.381 , 0.004
 
29 , 31 , 0.260 , 1.374 , 0.004
 
30 , 2 , 0.290 , 1.394 , 0.004
 
30 , 4 , 0.330 , 1.379 , 0.004
 
30 , 6 , 0.290 , 1.384 , 0.004
 
30 , 8 , 0.380 , 1.390 , 0.004
 
30 , 10 , 0.310 , 1.385 , 0.004
 
30 , 12 , 0.340 , 1.387 , 0.004
 
30 , 14 , 0.290 , 1.386 , 0.004
 
30 , 16 , 0.330 , 1.386 , 0.004
 
30 , 18 , 0.320 , 1.391 , 0.004
 
30 , 20 , 0.290 , 1.395 , 0.004
 
30 , 22 , 0.310 , 1.386 , 0.004
 
30 , 24 , 0.250 , 1.403 , 0.004
 
30 , 26 , 0.330 , 1.382 , 0.004
 
30 , 28 , 0.270 , 1.392 , 0.004
 
30 , 30 , 0.230 , 1.394 , 0.004
 
30 , 32 , 0.300 , 1.399 , 0.004
 
30 , 1 , 0.360 , 1.382 , 0.004
 
30 , 3 , 0.200 , 1.380 , 0.004
 
30 , 5 , 0.370 , 1.375 , 0.004
 
30 , 7 , 0.330 , 1.358 , 0.004
 
30 , 9 , 0.360 , 1.383 , 0.004
 
30 , 11 , 0.180 , 1.384 , 0.004
 
30 , 13 , 0.350 , 1.377 , 0.004
 
30 , 15 , 0.330 , 1.384 , 0.004
 
30 , 17 , 0.350 , 1.382 , 0.004
 
30 , 19 , 0.330 , 1.369 , 0.004
 
30 , 21 , 0.140 , 1.375 , 0.004
 
30 , 23 , 0.220 , 1.366 , 0.004
 
30 , 25 , 0.320 , 1.370 , 0.004
 
30 , 27 , 0.210 , 1.374 , 0.004
 
30 , 29 , 0.240 , 1.380 , 0.004
 
30 , 31 , 0.250 , 1.367 , 0.004
 
31 , 2 , 0.290 , 1.393 , 0.004
 
31 , 4 , 0.320 , 1.393 , 0.004
 
31 , 6 , 0.300 , 1.379 , 0.004
 
31 , 8 , 0.380 , 1.375 , 0.004
 
31 , 10 , 0.300 , 1.384 , 0.004
 
31 , 12 , 0.340 , 1.386 , 0.004
 
31 , 14 , 0.290 , 1.382 , 0.004
 
31 , 16 , 0.330 , 1.388 , 0.004
 
31 , 18 , 0.320 , 1.400 , 0.004
 
31 , 20 , 0.290 , 1.390 , 0.004
 
31 , 22 , 0.310 , 1.389 , 0.004
 
31 , 24 , 0.250 , 1.401 , 0.004
 
31 , 26 , 0.320 , 1.391 , 0.004
 
31 , 28 , 0.260 , 1.393 , 0.004
 
31 , 30 , 0.230 , 1.395 , 0.004
 
31 , 32 , 0.300 , 1.401 , 0.004
 
31 , 1 , 0.370 , 1.375 , 0.004
 
31 , 3 , 0.190 , 1.381 , 0.004
 
31 , 5 , 0.370 , 1.371 , 0.004
 
31 , 7 , 0.340 , 1.374 , 0.004
 
31 , 9 , 0.360 , 1.381 , 0.004
 
31 , 11 , 0.200 , 1.380 , 0.004
 
31 , 13 , 0.350 , 1.378 , 0.004
 
31 , 15 , 0.340 , 1.384 , 0.004
 
31 , 17 , 0.350 , 1.374 , 0.004
 
31 , 19 , 0.330 , 1.364 , 0.004
 
31 , 21 , 0.150 , 1.381 , 0.004
 
31 , 23 , 0.220 , 1.365 , 0.004
 
31 , 25 , 0.330 , 1.385 , 0.004
 
31 , 27 , 0.210 , 1.371 , 0.004
 
31 , 29 , 0.240 , 1.380 , 0.004
 
31 , 31 , 0.260 , 1.369 , 0.004
 
32 , 2 , 0.290 , 1.394 , 0.004
 
32 , 4 , 0.310 , 1.387 , 0.004
 
32 , 6 , 0.300 , 1.385 , 0.004
 
32 , 8 , 0.380 , 1.379 , 0.004
 
32 , 10 , 0.310 , 1.384 , 0.004
 
32 , 12 , 0.350 , 1.380 , 0.004
 
32 , 14 , 0.290 , 1.388 , 0.004
 
32 , 16 , 0.330 , 1.391 , 0.004
 
32 , 18 , 0.310 , 1.406 , 0.004
 
32 , 20 , 0.290 , 1.389 , 0.004
 
32 , 22 , 0.310 , 1.382 , 0.004
 
32 , 24 , 0.250 , 1.404 , 0.004
 
32 , 26 , 0.320 , 1.387 , 0.004
 
32 , 28 , 0.270 , 1.399 , 0.004
 
32 , 30 , 0.230 , 1.402 , 0.004
 
32 , 32 , 0.300 , 1.396 , 0.004
 
32 , 1 , 0.370 , 1.383 , 0.004
 
32 , 3 , 0.190 , 1.383 , 0.004
 
32 , 5 , 0.370 , 1.371 , 0.004
 
32 , 7 , 0.340 , 1.371 , 0.004
 
32 , 9 , 0.360 , 1.377 , 0.004
 
32 , 11 , 0.210 , 1.380 , 0.004
 
32 , 13 , 0.350 , 1.359 , 0.004
 
32 , 15 , 0.340 , 1.383 , 0.004
 
32 , 17 , 0.360 , 1.382 , 0.004
 
32 , 19 , 0.330 , 1.370 , 0.004
 
32 , 21 , 0.130 , 1.375 , 0.004
 
32 , 23 , 0.220 , 1.373 , 0.004
 
32 , 25 , 0.330 , 1.383 , 0.004
 
32 , 27 , 0.190 , 1.379 , 0.004
 
32 , 29 , 0.240 , 1.380 , 0.004
 
32 , 31 , 0.260 , 1.381 , 0.004
 
33 , 2 , 0.300 , 1.400 , 0.004
 
33 , 4 , 0.330 , 1.388 , 0.004
 
33 , 6 , 0.290 , 1.394 , 0.004
 
33 , 8 , 0.380 , 1.384 , 0.004
 
33 , 10 , 0.310 , 1.387 , 0.004
 
33 , 12 , 0.350 , 1.387 , 0.004
 
33 , 14 , 0.300 , 1.387 , 0.004
 
33 , 16 , 0.330 , 1.381 , 0.004
 
33 , 18 , 0.320 , 1.400 , 0.004
 
33 , 20 , 0.290 , 1.392 , 0.004
 
33 , 22 , 0.320 , 1.385 , 0.004
 
33 , 24 , 0.250 , 1.401 , 0.004
 
33 , 26 , 0.320 , 1.381 , 0.004
 
33 , 28 , 0.270 , 1.400 , 0.004
 
33 , 30 , 0.230 , 1.393 , 0.004
 
33 , 32 , 0.300 , 1.394 , 0.004
 
33 , 1 , 0.370 , 1.374 , 0.004
 
33 , 3 , 0.180 , 1.379 , 0.004
 
33 , 5 , 0.370 , 1.373 , 0.004
 
33 , 7 , 0.340 , 1.361 , 0.004
 
33 , 9 , 0.360 , 1.384 , 0.004
 
33 , 11 , 0.220 , 1.383 , 0.004
 
33 , 13 , 0.340 , 1.380 , 0.004
 
33 , 15 , 0.340 , 1.393 , 0.004
 
33 , 17 , 0.350 , 1.377 , 0.004
 
33 , 19 , 0.330 , 1.362 , 0.004
 
33 , 21 , 0.130 , 1.369 , 0.004
 
33 , 23 , 0.220 , 1.384 , 0.004
 
33 , 25 , 0.330 , 1.384 , 0.004
 
33 , 27 , 0.120 , 1.371 , 0.004
 
33 , 29 , 0.240 , 1.376 , 0.004
 
33 , 31 , 0.260 , 1.366 , 0.004
 
34 , 2 , 0.290 , 1.391 , 0.004
 
34 , 4 , 0.330 , 1.391 , 0.004
 
34 , 6 , 0.310 , 1.382 , 0.004
 
34 , 8 , 0.380 , 1.385 , 0.004
 
34 , 10 , 0.300 , 1.385 , 0.004
 
34 , 12 , 0.340 , 1.373 , 0.004
 
34 , 14 , 0.300 , 1.389 , 0.004
 
34 , 16 , 0.320 , 1.386 , 0.004
 
34 , 18 , 0.320 , 1.401 , 0.004
 
34 , 20 , 0.300 , 1.395 , 0.004
 
34 , 22 , 0.310 , 1.385 , 0.004
 
34 , 24 , 0.250 , 1.397 , 0.004
 
34 , 26 , 0.320 , 1.383 , 0.004
 
34 , 28 , 0.270 , 1.390 , 0.004
 
34 , 30 , 0.230 , 1.397 , 0.004
 
34 , 32 , 0.300 , 1.402 , 0.004
 
34 , 1 , 0.370 , 1.381 , 0.004
 
34 , 3 , 0.180 , 1.379 , 0.004
 
34 , 5 , 0.370 , 1.368 , 0.004
 
34 , 7 , 0.340 , 1.368 , 0.004
 
34 , 9 , 0.370 , 1.368 , 0.004
 
34 , 11 , 0.190 , 1.381 , 0.004
 
34 , 13 , 0.350 , 1.382 , 0.004
 
34 , 15 , 0.340 , 1.380 , 0.004
 
34 , 17 , 0.350 , 1.372 , 0.004
 
34 , 19 , 0.330 , 1.371 , 0.004
 
34 , 21 , 0.110 , 1.377 , 0.004
 
34 , 23 , 0.220 , 1.363 , 0.004
 
34 , 25 , 0.330 , 1.377 , 0.004
 
34 , 27 , 0.130 , 1.371 , 0.004
 
34 , 29 , 0.240 , 1.376 , 0.004
 
34 , 31 , 0.260 , 1.365 , 0.004
 
35 , 2 , 0.290 , 1.398 , 0.004
 
35 , 4 , 0.330 , 1.387 , 0.004
 
35 , 6 , 0.290 , 1.373 , 0.004
 
35 , 8 , 0.380 , 1.383 , 0.004
 
35 , 10 , 0.310 , 1.378 , 0.004
 
35 , 12 , 0.340 , 1.390 , 0.004
 
35 , 14 , 0.300 , 1.388 , 0.004
 
35 , 16 , 0.330 , 1.390 , 0.004
 
35 , 18 , 0.320 , 1.395 , 0.004
 
35 , 20 , 0.300 , 1.391 , 0.004
 
35 , 22 , 0.320 , 1.394 , 0.004
 
35 , 24 , 0.250 , 1.394 , 0.004
 
35 , 26 , 0.330 , 1.381 , 0.004
 
35 , 28 , 0.270 , 1.396 , 0.004
 
35 , 30 , 0.230 , 1.398 , 0.004
 
35 , 32 , 0.300 , 1.389 , 0.004
 
35 , 1 , 0.370 , 1.373 , 0.004
 
35 , 3 , 0.190 , 1.374 , 0.004
 
35 , 5 , 0.370 , 1.365 , 0.004
 
35 , 7 , 0.340 , 1.364 , 0.004
 
35 , 9 , 0.360 , 1.375 , 0.004
 
35 , 11 , 0.210 , 1.379 , 0.004
 
35 , 13 , 0.350 , 1.382 , 0.004
 
35 , 15 , 0.340 , 1.386 , 0.004
 
35 , 17 , 0.360 , 1.379 , 0.004
 
35 , 19 , 0.340 , 1.366 , 0.004
 
35 , 21 , 0.110 , 1.373 , 0.004
 
35 , 23 , 0.220 , 1.369 , 0.004
 
35 , 25 , 0.330 , 1.378 , 0.004
 
35 , 27 , 0.150 , 1.383 , 0.004
 
35 , 29 , 0.250 , 1.380 , 0.004
 
35 , 31 , 0.260 , 1.379 , 0.004
 
36 , 2 , 0.290 , 1.389 , 0.004
 
36 , 4 , 0.330 , 1.392 , 0.004
 
36 , 6 , 0.300 , 1.397 , 0.004
 
36 , 8 , 0.390 , 1.388 , 0.004
 
36 , 10 , 0.310 , 1.388 , 0.004
 
36 , 12 , 0.340 , 1.390 , 0.004
 
36 , 14 , 0.300 , 1.388 , 0.004
 
36 , 16 , 0.330 , 1.378 , 0.004
 
36 , 18 , 0.320 , 1.397 , 0.004
 
36 , 20 , 0.290 , 1.393 , 0.004
 
36 , 22 , 0.310 , 1.380 , 0.004
 
36 , 24 , 0.250 , 1.401 , 0.004
 
36 , 26 , 0.320 , 1.380 , 0.004
 
36 , 28 , 0.260 , 1.394 , 0.004
 
36 , 30 , 0.230 , 1.406 , 0.004
 
36 , 32 , 0.300 , 1.391 , 0.004
 
36 , 1 , 0.370 , 1.375 , 0.004
 
36 , 3 , 0.180 , 1.379 , 0.004
 
36 , 5 , 0.370 , 1.374 , 0.004
 
36 , 7 , 0.340 , 1.358 , 0.004
 
36 , 9 , 0.350 , 1.385 , 0.004
 
36 , 11 , 0.210 , 1.380 , 0.004
 
36 , 13 , 0.350 , 1.383 , 0.004
 
36 , 15 , 0.340 , 1.384 , 0.004
 
36 , 17 , 0.360 , 1.384 , 0.004
 
36 , 19 , 0.340 , 1.361 , 0.004
 
36 , 21 , 0.160 , 1.371 , 0.004
 
36 , 23 , 0.160 , 1.374 , 0.004
 
36 , 25 , 0.330 , 1.387 , 0.004
 
36 , 27 , 0.150 , 1.374 , 0.004
 
36 , 29 , 0.250 , 1.383 , 0.004
 
36 , 31 , 0.260 , 1.369 , 0.004
 
37 , 2 , 0.300 , 1.395 , 0.004
 
37 , 4 , 0.320 , 1.390 , 0.004
 
37 , 6 , 0.300 , 1.394 , 0.004
 
37 , 8 , 0.390 , 1.380 , 0.004
 
37 , 10 , 0.310 , 1.389 , 0.004
 
37 , 12 , 0.350 , 1.389 , 0.004
 
37 , 14 , 0.290 , 1.385 , 0.004
 
37 , 16 , 0.340 , 1.379 , 0.004
 
37 , 18 , 0.310 , 1.396 , 0.004
 
37 , 20 , 0.290 , 1.388 , 0.004
 
37 , 22 , 0.310 , 1.381 , 0.004
 
37 , 24 , 0.250 , 1.397 , 0.004
 
37 , 26 , 0.320 , 1.383 , 0.004
 
37 , 28 , 0.260 , 1.399 , 0.004
 
37 , 30 , 0.230 , 1.393 , 0.004
 
37 , 32 , 0.300 , 1.393 , 0.004
 
37 , 1 , 0.370 , 1.387 , 0.004
 
37 , 3 , 0.180 , 1.384 , 0.004
 
37 , 5 , 0.370 , 1.372 , 0.004
 
37 , 7 , 0.340 , 1.358 , 0.004
 
37 , 9 , 0.360 , 1.385 , 0.004
 
37 , 11 , 0.190 , 1.381 , 0.004
 
37 , 13 , 0.340 , 1.380 , 0.004
 
37 , 15 , 0.350 , 1.387 , 0.004
 
37 , 17 , 0.380 , 1.374 , 0.004
 
37 , 19 , 0.300 , 1.366 , 0.004
 
37 , 21 , 0.140 , 1.380 , 0.004
 
37 , 23 , 0.200 , 1.369 , 0.004
 
37 , 25 , 0.330 , 1.380 , 0.004
 
37 , 27 , 0.150 , 1.374 , 0.004
 
37 , 29 , 0.250 , 1.384 , 0.004
 
37 , 31 , 0.260 , 1.372 , 0.004
 
38 , 2 , 0.300 , 1.393 , 0.004
 
38 , 4 , 0.330 , 1.387 , 0.004
 
38 , 6 , 0.310 , 1.396 , 0.004
 
38 , 8 , 0.380 , 1.387 , 0.004
 
38 , 10 , 0.310 , 1.379 , 0.004
 
38 , 12 , 0.340 , 1.399 , 0.004
 
38 , 14 , 0.290 , 1.386 , 0.004
 
38 , 16 , 0.330 , 1.393 , 0.004
 
38 , 18 , 0.320 , 1.402 , 0.004
 
38 , 20 , 0.290 , 1.393 , 0.004
 
38 , 22 , 0.320 , 1.376 , 0.004
 
38 , 24 , 0.250 , 1.403 , 0.004
 
38 , 26 , 0.330 , 1.382 , 0.004
 
38 , 28 , 0.270 , 1.390 , 0.004
 
38 , 30 , 0.230 , 1.398 , 0.004
 
38 , 32 , 0.300 , 1.400 , 0.004
 
38 , 1 , 0.370 , 1.381 , 0.004
 
38 , 3 , 0.190 , 1.381 , 0.004
 
38 , 5 , 0.370 , 1.379 , 0.004
 
38 , 7 , 0.340 , 1.364 , 0.004
 
38 , 9 , 0.360 , 1.395 , 0.004
 
38 , 11 , 0.190 , 1.376 , 0.004
 
38 , 13 , 0.350 , 1.376 , 0.004
 
38 , 15 , 0.330 , 1.376 , 0.004
 
38 , 17 , 0.380 , 1.382 , 0.004
 
38 , 19 , 0.300 , 1.362 , 0.004
 
38 , 21 , 0.130 , 1.373 , 0.004
 
38 , 23 , 0.190 , 1.371 , 0.004
 
38 , 25 , 0.330 , 1.369 , 0.004
 
38 , 27 , 0.130 , 1.375 , 0.004
 
38 , 29 , 0.250 , 1.373 , 0.004
 
38 , 31 , 0.260 , 1.369 , 0.004
 
39 , 2 , 0.290 , 1.393 , 0.004
 
39 , 4 , 0.330 , 1.397 , 0.004
 
39 , 6 , 0.310 , 1.395 , 0.004
 
39 , 8 , 0.380 , 1.375 , 0.004
 
39 , 10 , 0.300 , 1.372 , 0.004
 
39 , 12 , 0.350 , 1.387 , 0.004
 
39 , 14 , 0.300 , 1.389 , 0.004
 
39 , 16 , 0.330 , 1.395 , 0.004
 
39 , 18 , 0.320 , 1.396 , 0.004
 
39 , 20 , 0.290 , 1.396 , 0.004
 
39 , 22 , 0.320 , 1.386 , 0.004
 
39 , 24 , 0.250 , 1.398 , 0.004
 
39 , 26 , 0.330 , 1.384 , 0.004
 
39 , 28 , 0.270 , 1.401 , 0.004
 
39 , 30 , 0.230 , 1.410 , 0.004
 
39 , 32 , 0.300 , 1.398 , 0.004
 
39 , 1 , 0.370 , 1.375 , 0.004
 
39 , 3 , 0.180 , 1.390 , 0.004
 
39 , 5 , 0.370 , 1.381 , 0.004
 
39 , 7 , 0.330 , 1.369 , 0.004
 
39 , 9 , 0.370 , 1.392 , 0.004
 
39 , 11 , 0.160 , 1.385 , 0.004
 
39 , 13 , 0.350 , 1.368 , 0.004
 
39 , 15 , 0.340 , 1.372 , 0.004
 
39 , 17 , 0.370 , 1.377 , 0.004
 
39 , 19 , 0.300 , 1.360 , 0.004
 
39 , 21 , 0.150 , 1.372 , 0.004
 
39 , 23 , 0.150 , 1.377 , 0.004
 
39 , 25 , 0.330 , 1.382 , 0.004
 
39 , 27 , 0.130 , 1.379 , 0.004
 
39 , 29 , 0.240 , 1.380 , 0.004
 
39 , 31 , 0.260 , 1.377 , 0.004
 
40 , 2 , 0.300 , 1.389 , 0.004
 
40 , 4 , 0.330 , 1.394 , 0.004
 
40 , 6 , 0.310 , 1.391 , 0.004
 
40 , 8 , 0.390 , 1.391 , 0.004
 
40 , 10 , 0.310 , 1.385 , 0.004
 
40 , 12 , 0.350 , 1.393 , 0.004
 
40 , 14 , 0.290 , 1.380 , 0.004
 
40 , 16 , 0.330 , 1.389 , 0.004
 
40 , 18 , 0.320 , 1.395 , 0.004
 
40 , 20 , 0.300 , 1.391 , 0.004
 
40 , 22 , 0.320 , 1.386 , 0.004
 
40 , 24 , 0.250 , 1.390 , 0.004
 
40 , 26 , 0.330 , 1.386 , 0.004
 
40 , 28 , 0.270 , 1.389 , 0.004
 
40 , 30 , 0.230 , 1.393 , 0.004
 
40 , 32 , 0.300 , 1.403 , 0.004
 
40 , 1 , 0.370 , 1.367 , 0.004
 
40 , 3 , 0.170 , 1.382 , 0.004
 
40 , 5 , 0.370 , 1.370 , 0.004
 
40 , 7 , 0.350 , 1.366 , 0.004
 
40 , 9 , 0.360 , 1.387 , 0.004
 
40 , 11 , 0.260 , 1.388 , 0.004
 
40 , 13 , 0.350 , 1.371 , 0.004
 
40 , 15 , 0.340 , 1.384 , 0.004
 
40 , 17 , 0.410 , 1.377 , 0.004
 
40 , 19 , 0.300 , 1.359 , 0.004
 
40 , 21 , 0.130 , 1.378 , 0.004
 
40 , 23 , 0.140 , 1.379 , 0.004
 
40 , 25 , 0.330 , 1.379 , 0.004
 
40 , 27 , 0.190 , 1.374 , 0.004
 
40 , 29 , 0.240 , 1.391 , 0.004
 
40 , 31 , 0.260 , 1.367 , 0.004
 
41 , 2 , 0.300 , 1.384 , 0.004
 
41 , 4 , 0.330 , 1.370 , 0.004
 
41 , 6 , 0.300 , 1.403 , 0.004
 
41 , 8 , 0.390 , 1.386 , 0.004
 
41 , 10 , 0.310 , 1.391 , 0.004
 
41 , 12 , 0.350 , 1.383 , 0.004
 
41 , 14 , 0.300 , 1.389 , 0.004
 
41 , 16 , 0.340 , 1.370 , 0.004
 
41 , 18 , 0.320 , 1.392 , 0.004
 
41 , 20 , 0.300 , 1.388 , 0.004
 
41 , 22 , 0.320 , 1.389 , 0.004
 
41 , 24 , 0.250 , 1.391 , 0.004
 
41 , 26 , 0.330 , 1.380 , 0.004
 
41 , 28 , 0.260 , 1.397 , 0.004
 
41 , 30 , 0.230 , 1.393 , 0.004
 
41 , 32 , 0.300 , 1.399 , 0.004
 
41 , 1 , 0.370 , 1.382 , 0.004
 
41 , 3 , 0.180 , 1.373 , 0.004
 
41 , 5 , 0.380 , 1.370 , 0.004
 
41 , 7 , 0.350 , 1.369 , 0.004
 
41 , 9 , 0.360 , 1.386 , 0.004
 
41 , 11 , 0.300 , 1.377 , 0.004
 
41 , 13 , 0.350 , 1.376 , 0.004
 
41 , 15 , 0.340 , 1.372 , 0.004
 
41 , 17 , 0.410 , 1.381 , 0.004
 
41 , 19 , 0.290 , 1.365 , 0.004
 
41 , 21 , 0.110 , 1.369 , 0.004
 
41 , 23 , 0.170 , 1.378 , 0.004
 
41 , 25 , 0.330 , 1.381 , 0.004
 
41 , 27 , 0.180 , 1.378 , 0.004
 
41 , 29 , 0.250 , 1.388 , 0.004
 
41 , 31 , 0.260 , 1.371 , 0.004
 
42 , 2 , 0.300 , 1.380 , 0.004
 
42 , 4 , 0.320 , 1.395 , 0.004
 
42 , 6 , 0.290 , 1.391 , 0.004
 
42 , 8 , 0.390 , 1.388 , 0.004
 
42 , 10 , 0.310 , 1.392 , 0.004
 
42 , 12 , 0.360 , 1.389 , 0.004
 
42 , 14 , 0.300 , 1.389 , 0.004
 
42 , 16 , 0.330 , 1.386 , 0.004
 
42 , 18 , 0.320 , 1.398 , 0.004
 
42 , 20 , 0.300 , 1.390 , 0.004
 
42 , 22 , 0.320 , 1.387 , 0.004
 
42 , 24 , 0.250 , 1.407 , 0.004
 
42 , 26 , 0.340 , 1.380 , 0.004
 
42 , 28 , 0.260 , 1.393 , 0.004
 
42 , 30 , 0.230 , 1.401 , 0.004
 
42 , 32 , 0.310 , 1.400 , 0.004
 
42 , 1 , 0.370 , 1.377 , 0.004
 
42 , 3 , 0.170 , 1.379 , 0.004
 
42 , 5 , 0.370 , 1.372 , 0.004
 
42 , 7 , 0.350 , 1.360 , 0.004
 
42 , 9 , 0.360 , 1.375 , 0.004
 
42 , 11 , 0.270 , 1.381 , 0.004
 
42 , 13 , 0.360 , 1.378 , 0.004
 
42 , 15 , 0.340 , 1.385 , 0.004
 
42 , 17 , 0.410 , 1.384 , 0.004
 
42 , 19 , 0.270 , 1.367 , 0.004
 
42 , 21 , 0.110 , 1.372 , 0.004
 
42 , 23 , 0.170 , 1.373 , 0.004
 
42 , 25 , 0.330 , 1.380 , 0.004
 
42 , 27 , 0.170 , 1.373 , 0.004
 
42 , 29 , 0.250 , 1.385 , 0.004
 
42 , 31 , 0.260 , 1.373 , 0.004
 
43 , 2 , 0.300 , 1.388 , 0.004
 
43 , 4 , 0.330 , 1.387 , 0.004
 
43 , 6 , 0.300 , 1.394 , 0.004
 
43 , 8 , 0.390 , 1.388 , 0.004
 
43 , 10 , 0.310 , 1.380 , 0.004
 
43 , 12 , 0.350 , 1.388 , 0.004
 
43 , 14 , 0.290 , 1.393 , 0.004
 
43 , 16 , 0.340 , 1.383 , 0.004
 
43 , 18 , 0.320 , 1.398 , 0.004
 
43 , 20 , 0.300 , 1.392 , 0.004
 
43 , 22 , 0.320 , 1.377 , 0.004
 
43 , 24 , 0.250 , 1.398 , 0.004
 
43 , 26 , 0.330 , 1.373 , 0.004
 
43 , 28 , 0.270 , 1.398 , 0.004
 
43 , 30 , 0.230 , 1.390 , 0.004
 
43 , 32 , 0.300 , 1.393 , 0.004
 
43 , 1 , 0.370 , 1.377 , 0.004
 
43 , 3 , 0.180 , 1.378 , 0.004
 
43 , 5 , 0.360 , 1.382 , 0.004
 
43 , 7 , 0.340 , 1.372 , 0.004
 
43 , 9 , 0.360 , 1.380 , 0.004
 
43 , 11 , 0.250 , 1.381 , 0.004
 
43 , 13 , 0.350 , 1.376 , 0.004
 
43 , 15 , 0.330 , 1.386 , 0.004
 
43 , 17 , 0.390 , 1.368 , 0.004
 
43 , 19 , 0.280 , 1.366 , 0.004
 
43 , 21 , 0.090 , 1.380 , 0.004
 
43 , 23 , 0.140 , 1.375 , 0.004
 
43 , 25 , 0.330 , 1.388 , 0.004
 
43 , 27 , 0.150 , 1.375 , 0.004
 
43 , 29 , 0.250 , 1.380 , 0.004
 
43 , 31 , 0.270 , 1.369 , 0.004
 
44 , 2 , 0.300 , 1.390 , 0.004
 
44 , 4 , 0.340 , 1.389 , 0.004
 
44 , 6 , 0.300 , 1.397 , 0.004
 
44 , 8 , 0.380 , 1.386 , 0.004
 
44 , 10 , 0.310 , 1.390 , 0.004
 
44 , 12 , 0.350 , 1.381 , 0.004
 
44 , 14 , 0.290 , 1.386 , 0.004
 
44 , 16 , 0.340 , 1.399 , 0.004
 
44 , 18 , 0.320 , 1.395 , 0.004
 
44 , 20 , 0.300 , 1.393 , 0.004
 
44 , 22 , 0.320 , 1.391 , 0.004
 
44 , 24 , 0.260 , 1.391 , 0.004
 
44 , 26 , 0.340 , 1.377 , 0.004
 
44 , 28 , 0.270 , 1.403 , 0.004
 
44 , 30 , 0.230 , 1.387 , 0.004
 
44 , 32 , 0.310 , 1.395 , 0.004
 
44 , 1 , 0.380 , 1.379 , 0.004
 
44 , 3 , 0.190 , 1.380 , 0.004
 
44 , 5 , 0.370 , 1.376 , 0.004
 
44 , 7 , 0.340 , 1.361 , 0.004
 
44 , 9 , 0.360 , 1.390 , 0.004
 
44 , 11 , 0.240 , 1.374 , 0.004
 
44 , 13 , 0.360 , 1.391 , 0.004
 
44 , 15 , 0.340 , 1.389 , 0.004
 
44 , 17 , 0.410 , 1.382 , 0.004
 
44 , 19 , 0.270 , 1.364 , 0.004
 
44 , 21 , 0.080 , 1.370 , 0.004
 
44 , 23 , 0.150 , 1.374 , 0.004
 
44 , 25 , 0.330 , 1.375 , 0.004
 
44 , 27 , 0.170 , 1.371 , 0.004
 
44 , 29 , 0.250 , 1.377 , 0.004
 
44 , 31 , 0.270 , 1.379 , 0.004
 
45 , 2 , 0.300 , 1.402 , 0.004
 
45 , 4 , 0.340 , 1.391 , 0.004
 
45 , 6 , 0.310 , 1.395 , 0.004
 
45 , 8 , 0.390 , 1.393 , 0.004
 
45 , 10 , 0.310 , 1.389 , 0.004
 
45 , 12 , 0.350 , 1.379 , 0.004
 
45 , 14 , 0.300 , 1.385 , 0.004
 
45 , 16 , 0.340 , 1.386 , 0.004
 
45 , 18 , 0.320 , 1.394 , 0.004
 
45 , 20 , 0.300 , 1.398 , 0.004
 
45 , 22 , 0.320 , 1.390 , 0.004
 
45 , 24 , 0.260 , 1.398 , 0.004
 
45 , 26 , 0.330 , 1.372 , 0.004
 
45 , 28 , 0.270 , 1.386 , 0.004
 
45 , 30 , 0.230 , 1.395 , 0.004
 
45 , 32 , 0.300 , 1.399 , 0.004
 
45 , 1 , 0.370 , 1.383 , 0.004
 
45 , 3 , 0.200 , 1.386 , 0.004
 
45 , 5 , 0.370 , 1.369 , 0.004
 
45 , 7 , 0.340 , 1.367 , 0.004
 
45 , 9 , 0.360 , 1.386 , 0.004
 
45 , 11 , 0.230 , 1.383 , 0.004
 
45 , 13 , 0.350 , 1.383 , 0.004
 
45 , 15 , 0.350 , 1.388 , 0.004
 
45 , 17 , 0.380 , 1.381 , 0.004
 
45 , 19 , 0.320 , 1.360 , 0.004
 
45 , 21 , 0.100 , 1.373 , 0.004
 
45 , 23 , 0.150 , 1.381 , 0.004
 
45 , 25 , 0.330 , 1.372 , 0.004
 
45 , 27 , 0.170 , 1.368 , 0.004
 
45 , 29 , 0.250 , 1.387 , 0.004
 
45 , 31 , 0.260 , 1.369 , 0.004
 
46 , 2 , 0.300 , 1.394 , 0.004
 
46 , 4 , 0.330 , 1.388 , 0.004
 
46 , 6 , 0.310 , 1.386 , 0.004
 
46 , 8 , 0.390 , 1.395 , 0.004
 
46 , 10 , 0.310 , 1.384 , 0.004
 
46 , 12 , 0.350 , 1.374 , 0.004
 
46 , 14 , 0.300 , 1.385 , 0.004
 
46 , 16 , 0.330 , 1.393 , 0.004
 
46 , 18 , 0.320 , 1.393 , 0.004
 
46 , 20 , 0.300 , 1.390 , 0.004
 
46 , 22 , 0.320 , 1.384 , 0.004
 
46 , 24 , 0.250 , 1.395 , 0.004
 
46 , 26 , 0.340 , 1.383 , 0.004
 
46 , 28 , 0.270 , 1.398 , 0.004
 
46 , 30 , 0.230 , 1.392 , 0.004
 
46 , 32 , 0.300 , 1.396 , 0.004
 
46 , 1 , 0.370 , 1.386 , 0.004
 
46 , 3 , 0.210 , 1.381 , 0.004
 
46 , 5 , 0.360 , 1.367 , 0.004
 
46 , 7 , 0.340 , 1.360 , 0.004
 
46 , 9 , 0.360 , 1.380 , 0.004
 
46 , 11 , 0.270 , 1.382 , 0.004
 
46 , 13 , 0.350 , 1.378 , 0.004
 
46 , 15 , 0.340 , 1.380 , 0.004
 
46 , 17 , 0.390 , 1.374 , 0.004
 
46 , 19 , 0.320 , 1.365 , 0.004
 
46 , 21 , 0.150 , 1.371 , 0.004
 
46 , 23 , 0.150 , 1.372 , 0.004
 
46 , 25 , 0.330 , 1.381 , 0.004
 
46 , 27 , 0.180 , 1.377 , 0.004
 
46 , 29 , 0.250 , 1.385 , 0.004
 
46 , 31 , 0.270 , 1.375 , 0.004
 
47 , 2 , 0.290 , 1.400 , 0.004
 
47 , 4 , 0.330 , 1.387 , 0.004
 
47 , 6 , 0.310 , 1.396 , 0.004
 
47 , 8 , 0.390 , 1.384 , 0.004
 
47 , 10 , 0.310 , 1.387 , 0.004
 
47 , 12 , 0.350 , 1.383 , 0.004
 
47 , 14 , 0.300 , 1.394 , 0.004
 
47 , 16 , 0.330 , 1.389 , 0.004
 
47 , 18 , 0.320 , 1.402 , 0.004
 
47 , 20 , 0.300 , 1.393 , 0.004
 
47 , 22 , 0.320 , 1.387 , 0.004
 
47 , 24 , 0.250 , 1.404 , 0.004
 
47 , 26 , 0.340 , 1.379 , 0.004
 
47 , 28 , 0.270 , 1.393 , 0.004
 
47 , 30 , 0.230 , 1.399 , 0.004
 
47 , 32 , 0.300 , 1.397 , 0.004
 
47 , 1 , 0.370 , 1.378 , 0.004
 
47 , 3 , 0.210 , 1.380 , 0.004
 
47 , 5 , 0.380 , 1.371 , 0.004
 
47 , 7 , 0.360 , 1.368 , 0.004
 
47 , 9 , 0.360 , 1.378 , 0.004
 
47 , 11 , 0.230 , 1.383 , 0.004
 
47 , 13 , 0.360 , 1.375 , 0.004
 
47 , 15 , 0.330 , 1.373 , 0.004
 
47 , 17 , 0.420 , 1.390 , 0.004
 
47 , 19 , 0.330 , 1.368 , 0.004
 
47 , 21 , 0.140 , 1.367 , 0.004
 
47 , 23 , 0.140 , 1.373 , 0.004
 
47 , 25 , 0.330 , 1.376 , 0.004
 
47 , 27 , 0.220 , 1.371 , 0.004
 
47 , 29 , 0.250 , 1.383 , 0.004
 
47 , 31 , 0.260 , 1.376 , 0.004
 
48 , 2 , 0.290 , 1.391 , 0.004
 
48 , 4 , 0.330 , 1.399 , 0.004
 
48 , 6 , 0.300 , 1.386 , 0.004
 
48 , 8 , 0.390 , 1.382 , 0.004
 
48 , 10 , 0.310 , 1.377 , 0.004
 
48 , 12 , 0.360 , 1.380 , 0.004
 
48 , 14 , 0.300 , 1.389 , 0.004
 
48 , 16 , 0.330 , 1.382 , 0.004
 
48 , 18 , 0.320 , 1.396 , 0.004
 
48 , 20 , 0.300 , 1.387 , 0.004
 
48 , 22 , 0.320 , 1.394 , 0.004
 
48 , 24 , 0.250 , 1.397 , 0.004
 
48 , 26 , 0.330 , 1.381 , 0.004
 
48 , 28 , 0.270 , 1.400 , 0.004
 
48 , 30 , 0.240 , 1.395 , 0.004
 
48 , 32 , 0.300 , 1.389 , 0.004
 
48 , 1 , 0.380 , 1.369 , 0.004
 
48 , 3 , 0.150 , 1.388 , 0.004
 
48 , 5 , 0.370 , 1.364 , 0.004
 
48 , 7 , 0.340 , 1.358 , 0.004
 
48 , 9 , 0.370 , 1.380 , 0.004
 
48 , 11 , 0.240 , 1.385 , 0.004
 
48 , 13 , 0.360 , 1.386 , 0.004
 
48 , 15 , 0.340 , 1.377 , 0.004
 
48 , 17 , 0.390 , 1.382 , 0.004
 
48 , 19 , 0.320 , 1.362 , 0.004
 
48 , 21 , 0.140 , 1.374 , 0.004
 
48 , 23 , 0.220 , 1.384 , 0.004
 
48 , 25 , 0.330 , 1.372 , 0.004
 
48 , 27 , 0.210 , 1.369 , 0.004
 
48 , 29 , 0.250 , 1.385 , 0.004
 
48 , 31 , 0.260 , 1.366 , 0.004
 
49 , 2 , 0.300 , 1.396 , 0.004
 
49 , 4 , 0.320 , 1.387 , 0.004
 
49 , 6 , 0.310 , 1.389 , 0.004
 
49 , 8 , 0.390 , 1.384 , 0.004
 
49 , 10 , 0.310 , 1.384 , 0.004
 
49 , 12 , 0.350 , 1.389 , 0.004
 
49 , 14 , 0.300 , 1.390 , 0.004
 
49 , 16 , 0.340 , 1.380 , 0.004
 
49 , 18 , 0.320 , 1.406 , 0.004
 
49 , 20 , 0.300 , 1.381 , 0.004
 
49 , 22 , 0.320 , 1.388 , 0.004
 
49 , 24 , 0.260 , 1.405 , 0.004
 
49 , 26 , 0.330 , 1.384 , 0.004
 
49 , 28 , 0.270 , 1.395 , 0.004
 
49 , 30 , 0.230 , 1.391 , 0.004
 
49 , 32 , 0.310 , 1.399 , 0.004
 
49 , 1 , 0.370 , 1.379 , 0.004
 
49 , 3 , 0.190 , 1.374 , 0.004
 
49 , 5 , 0.370 , 1.363 , 0.004
 
49 , 7 , 0.350 , 1.380 , 0.004
 
49 , 9 , 0.370 , 1.385 , 0.004
 
49 , 11 , 0.320 , 1.378 , 0.004
 
49 , 13 , 0.360 , 1.384 , 0.004
 
49 , 15 , 0.350 , 1.381 , 0.004
 
49 , 17 , 0.410 , 1.383 , 0.004
 
49 , 19 , 0.320 , 1.368 , 0.004
 
49 , 21 , 0.140 , 1.374 , 0.004
 
49 , 23 , 0.220 , 1.376 , 0.004
 
49 , 25 , 0.340 , 1.384 , 0.004
 
49 , 27 , 0.220 , 1.375 , 0.004
 
49 , 29 , 0.250 , 1.383 , 0.004
 
49 , 31 , 0.260 , 1.371 , 0.004
 
