Test Sector:
Channel, x, y, IMON, RMON, VCOMP
0 , 0 , 0 , 0.020 , 1.024 , 0.689
 
1 , 0 , 0 , 0.020 , 1.528 , 0.689
 
2 , 0 , 0 , 0.020 , 1.025 , 0.689
 
3 , 0 , 0 , 0.020 , 1.513 , 0.689
 
4 , 0 , 0 , 0.020 , 1.522 , 0.689
 
5 , 0 , 0 , 0.020 , 1.024 , 0.689
 
6 , 0 , 0 , 0.020 , 1.528 , 0.689
 
7 , 0 , 0 , 0.020 , 1.532 , 0.689
 
8 , 0 , 0 , 0.020 , 1.028 , 0.689
 
9 , 0 , 0 , 0.020 , 1.025 , 0.689
 
10 , 0 , 0 , 0.020 , 1.519 , 0.689
 
11 , 0 , 0 , 0.020 , 1.032 , 0.689
 
12 , 0 , 0 , 0.020 , 1.521 , 0.689
 
13 , 0 , 0 , 0.020 , 1.521 , 0.689
 
14 , 0 , 0 , 0.020 , 1.029 , 0.689
 
15 , 0 , 0 , 0.020 , 1.032 , 0.689
 
0 , 0 , 0.25 , 0.020 , 1.521 , 0.689
 
1 , 0 , 0.25 , 0.020 , 1.524 , 0.689
 
2 , 0 , 0.25 , 0.020 , 1.024 , 0.689
 
3 , 0 , 0.25 , 0.020 , 1.514 , 0.689
 
4 , 0 , 0.25 , 0.020 , 1.527 , 0.689
 
5 , 0 , 0.25 , 0.020 , 1.528 , 0.689
 
6 , 0 , 0.25 , 0.020 , 1.536 , 0.689
 
7 , 0 , 0.25 , 0.020 , 1.024 , 0.689
 
8 , 0 , 0.25 , 0.020 , 1.025 , 0.689
 
9 , 0 , 0.25 , 0.020 , 1.030 , 0.689
 
10 , 0 , 0.25 , 0.020 , 1.513 , 0.689
 
11 , 0 , 0.25 , 0.020 , 1.028 , 0.689
 
12 , 0 , 0.25 , 0.020 , 1.524 , 0.689
 
13 , 0 , 0.25 , 0.020 , 1.032 , 0.689
 
14 , 0 , 0.25 , 0.020 , 1.024 , 0.689
 
15 , 0 , 0.25 , 0.020 , 1.032 , 0.689
 
0 , 0 , 0.5 , 0.020 , 1.024 , 0.689
 
1 , 0 , 0.5 , 0.020 , 1.530 , 0.689
 
2 , 0 , 0.5 , 0.020 , 1.024 , 0.689
 
3 , 0 , 0.5 , 0.020 , 1.512 , 0.689
 
4 , 0 , 0.5 , 0.020 , 1.522 , 0.689
 
5 , 0 , 0.5 , 0.020 , 1.525 , 0.689
 
6 , 0 , 0.5 , 0.020 , 1.530 , 0.689
 
7 , 0 , 0.5 , 0.020 , 1.024 , 0.689
 
8 , 0 , 0.5 , 0.020 , 1.024 , 0.689
 
9 , 0 , 0.5 , 0.020 , 1.034 , 0.689
 
10 , 0 , 0.5 , 0.020 , 1.516 , 0.689
 
11 , 0 , 0.5 , 0.020 , 1.042 , 0.689
 
12 , 0 , 0.5 , 0.020 , 1.522 , 0.689
 
13 , 0 , 0.5 , 0.020 , 1.024 , 0.689
 
14 , 0 , 0.5 , 0.020 , 1.026 , 0.689
 
15 , 0 , 0.5 , 0.020 , 1.032 , 0.689
 
0 , 0 , 0.75 , 0.020 , 1.028 , 0.689
 
1 , 0 , 0.75 , 0.020 , 1.025 , 0.689
 
2 , 0 , 0.75 , 0.020 , 1.028 , 0.689
 
3 , 0 , 0.75 , 0.020 , 1.512 , 0.689
 
4 , 0 , 0.75 , 0.020 , 1.024 , 0.689
 
5 , 0 , 0.75 , 0.020 , 1.529 , 0.689
 
6 , 0 , 0.75 , 0.020 , 1.026 , 0.689
 
7 , 0 , 0.75 , 0.020 , 1.533 , 0.689
 
8 , 0 , 0.75 , 0.020 , 1.032 , 0.689
 
9 , 0 , 0.75 , 0.020 , 1.024 , 0.689
 
10 , 0 , 0.75 , 0.020 , 1.529 , 0.689
 
11 , 0 , 0.75 , 0.020 , 1.028 , 0.689
 
12 , 0 , 0.75 , 0.020 , 1.514 , 0.689
 
13 , 0 , 0.75 , 0.020 , 1.028 , 0.689
 
14 , 0 , 0.75 , 0.020 , 1.025 , 0.689
 
15 , 0 , 0.75 , 0.020 , 1.036 , 0.689
 
0 , 0 , 1 , 0.020 , 1.026 , 0.689
 
1 , 0 , 1 , 0.020 , 1.024 , 0.689
 
2 , 0 , 1 , 0.020 , 1.024 , 0.689
 
3 , 0 , 1 , 0.020 , 1.508 , 0.689
 
4 , 0 , 1 , 0.020 , 1.024 , 0.689
 
5 , 0 , 1 , 0.020 , 1.520 , 0.689
 
6 , 0 , 1 , 0.020 , 1.025 , 0.689
 
7 , 0 , 1 , 0.020 , 1.530 , 0.689
 
8 , 0 , 1 , 0.020 , 1.027 , 0.689
 
9 , 0 , 1 , 0.020 , 1.033 , 0.689
 
10 , 0 , 1 , 0.020 , 1.025 , 0.689
 
11 , 0 , 1 , 0.020 , 1.024 , 0.689
 
12 , 0 , 1 , 0.020 , 1.524 , 0.689
 
13 , 0 , 1 , 0.020 , 1.520 , 0.689
 
14 , 0 , 1 , 0.020 , 1.024 , 0.689
 
15 , 0 , 1 , 0.020 , 1.024 , 0.689
 
0 , 0 , 1.25 , 0.020 , 1.028 , 0.689
 
1 , 0 , 1.25 , 0.020 , 1.024 , 0.689
 
2 , 0 , 1.25 , 0.020 , 1.024 , 0.689
 
3 , 0 , 1.25 , 0.020 , 1.024 , 0.689
 
4 , 0 , 1.25 , 0.020 , 1.525 , 0.689
 
5 , 0 , 1.25 , 0.020 , 1.529 , 0.689
 
6 , 0 , 1.25 , 0.020 , 1.522 , 0.689
 
7 , 0 , 1.25 , 0.020 , 1.529 , 0.689
 
8 , 0 , 1.25 , 0.020 , 1.028 , 0.689
 
9 , 0 , 1.25 , 0.020 , 1.029 , 0.689
 
10 , 0 , 1.25 , 0.020 , 1.516 , 0.689
 
11 , 0 , 1.25 , 0.020 , 1.028 , 0.689
 
12 , 0 , 1.25 , 0.020 , 1.526 , 0.689
 
13 , 0 , 1.25 , 0.020 , 1.028 , 0.689
 
14 , 0 , 1.25 , 0.020 , 1.029 , 0.689
 
15 , 0 , 1.25 , 0.020 , 1.032 , 0.689
 
0 , 0 , 1.5 , 0.020 , 1.030 , 0.689
 
1 , 0 , 1.5 , 0.020 , 1.527 , 0.689
 
2 , 0 , 1.5 , 0.020 , 1.025 , 0.689
 
3 , 0 , 1.5 , 0.020 , 1.024 , 0.689
 
4 , 0 , 1.5 , 0.020 , 1.528 , 0.689
 
5 , 0 , 1.5 , 0.020 , 1.531 , 0.689
 
6 , 0 , 1.5 , 0.020 , 1.526 , 0.689
 
7 , 0 , 1.5 , 0.020 , 1.522 , 0.689
 
8 , 0 , 1.5 , 0.020 , 1.041 , 0.689
 
9 , 0 , 1.5 , 0.020 , 1.024 , 0.689
 
10 , 0 , 1.5 , 0.020 , 1.516 , 0.689
 
11 , 0 , 1.5 , 0.020 , 1.040 , 0.689
 
12 , 0 , 1.5 , 0.020 , 1.521 , 0.689
 
13 , 0 , 1.5 , 0.020 , 1.026 , 0.689
 
14 , 0 , 1.5 , 0.020 , 1.031 , 0.689
 
15 , 0 , 1.5 , 0.020 , 1.024 , 0.689
 
0 , 0 , 1.75 , 0.020 , 1.528 , 0.689
 
1 , 0 , 1.75 , 0.020 , 1.026 , 0.689
 
2 , 0 , 1.75 , 0.020 , 1.520 , 0.689
 
3 , 0 , 1.75 , 0.020 , 1.508 , 0.689
 
4 , 0 , 1.75 , 0.020 , 1.024 , 0.689
 
5 , 0 , 1.75 , 0.020 , 1.527 , 0.689
 
6 , 0 , 1.75 , 0.020 , 1.024 , 0.689
 
7 , 0 , 1.75 , 0.020 , 1.533 , 0.689
 
8 , 0 , 1.75 , 0.020 , 1.024 , 0.689
 
9 , 0 , 1.75 , 0.020 , 1.024 , 0.689
 
10 , 0 , 1.75 , 0.020 , 1.520 , 0.689
 
11 , 0 , 1.75 , 0.020 , 1.024 , 0.689
 
12 , 0 , 1.75 , 0.020 , 1.528 , 0.689
 
13 , 0 , 1.75 , 0.020 , 1.034 , 0.689
 
14 , 0 , 1.75 , 0.020 , 1.032 , 0.689
 
15 , 0 , 1.75 , 0.020 , 1.513 , 0.689
 
0 , 0 , 2 , 0.020 , 1.029 , 0.689
 
1 , 0 , 2 , 0.020 , 1.024 , 0.689
 
2 , 0 , 2 , 0.020 , 1.026 , 0.689
 
3 , 0 , 2 , 0.020 , 1.512 , 0.689
 
4 , 0 , 2 , 0.020 , 1.528 , 0.689
 
5 , 0 , 2 , 0.020 , 1.024 , 0.689
 
6 , 0 , 2 , 0.020 , 1.024 , 0.689
 
7 , 0 , 2 , 0.020 , 1.027 , 0.689
 
8 , 0 , 2 , 0.020 , 1.026 , 0.689
 
9 , 0 , 2 , 0.020 , 1.024 , 0.689
 
10 , 0 , 2 , 0.020 , 1.512 , 0.689
 
11 , 0 , 2 , 0.020 , 1.024 , 0.689
 
12 , 0 , 2 , 0.020 , 1.520 , 0.689
 
13 , 0 , 2 , 0.020 , 1.031 , 0.689
 
14 , 0 , 2 , 0.020 , 1.024 , 0.689
 
15 , 0 , 2 , 0.020 , 1.024 , 0.689
 
0 , 0 , 2.25 , 0.020 , 1.027 , 0.689
 
1 , 0 , 2.25 , 0.020 , 1.525 , 0.689
 
2 , 0 , 2.25 , 0.020 , 1.027 , 0.689
 
3 , 0 , 2.25 , 0.020 , 1.504 , 0.689
 
4 , 0 , 2.25 , 0.020 , 1.521 , 0.689
 
5 , 0 , 2.25 , 0.020 , 1.024 , 0.689
 
6 , 0 , 2.25 , 0.020 , 1.024 , 0.689
 
7 , 0 , 2.25 , 0.020 , 1.026 , 0.689
 
8 , 0 , 2.25 , 0.020 , 1.024 , 0.689
 
9 , 0 , 2.25 , 0.020 , 1.024 , 0.689
 
10 , 0 , 2.25 , 0.020 , 1.025 , 0.689
 
11 , 0 , 2.25 , 0.020 , 1.028 , 0.689
 
12 , 0 , 2.25 , 0.020 , 1.528 , 0.689
 
13 , 0 , 2.25 , 0.020 , 1.024 , 0.689
 
14 , 0 , 2.25 , 0.020 , 1.026 , 0.689
 
15 , 0 , 2.25 , 0.020 , 1.029 , 0.689
 
0 , 0 , 2.5 , 0.020 , 1.024 , 0.689
 
1 , 0 , 2.5 , 0.020 , 1.026 , 0.689
 
2 , 0 , 2.5 , 0.020 , 1.514 , 0.689
 
3 , 0 , 2.5 , 0.020 , 1.513 , 0.689
 
4 , 0 , 2.5 , 0.020 , 1.024 , 0.689
 
5 , 0 , 2.5 , 0.020 , 1.532 , 0.689
 
6 , 0 , 2.5 , 0.020 , 1.030 , 0.689
 
7 , 0 , 2.5 , 0.020 , 1.534 , 0.689
 
8 , 0 , 2.5 , 0.020 , 1.027 , 0.689
 
9 , 0 , 2.5 , 0.020 , 1.030 , 0.689
 
10 , 0 , 2.5 , 0.020 , 1.025 , 0.689
 
11 , 0 , 2.5 , 0.020 , 1.024 , 0.689
 
12 , 0 , 2.5 , 0.020 , 1.524 , 0.689
 
13 , 0 , 2.5 , 0.020 , 1.026 , 0.689
 
14 , 0 , 2.5 , 0.020 , 1.026 , 0.689
 
15 , 0 , 2.5 , 0.020 , 1.034 , 0.689
 
0 , 0 , 2.75 , 0.020 , 1.024 , 0.689
 
1 , 0 , 2.75 , 0.020 , 1.024 , 0.689
 
2 , 0 , 2.75 , 0.020 , 1.024 , 0.689
 
3 , 0 , 2.75 , 0.020 , 1.516 , 0.689
 
4 , 0 , 2.75 , 0.020 , 1.532 , 0.689
 
5 , 0 , 2.75 , 0.020 , 1.024 , 0.689
 
6 , 0 , 2.75 , 0.020 , 1.524 , 0.689
 
7 , 0 , 2.75 , 0.020 , 1.529 , 0.689
 
8 , 0 , 2.75 , 0.020 , 1.028 , 0.689
 
9 , 0 , 2.75 , 0.020 , 1.025 , 0.689
 
10 , 0 , 2.75 , 0.020 , 1.025 , 0.689
 
11 , 0 , 2.75 , 0.020 , 1.028 , 0.689
 
12 , 0 , 2.75 , 0.020 , 1.528 , 0.689
 
13 , 0 , 2.75 , 0.020 , 1.024 , 0.689
 
14 , 0 , 2.75 , 0.020 , 1.024 , 0.689
 
15 , 0 , 2.75 , 0.020 , 1.032 , 0.689
 
0 , 0 , 3 , 0.020 , 1.030 , 0.689
 
1 , 0 , 3 , 0.020 , 1.027 , 0.689
 
2 , 0 , 3 , 0.020 , 1.025 , 0.689
 
3 , 0 , 3 , 0.020 , 1.507 , 0.689
 
4 , 0 , 3 , 0.020 , 1.522 , 0.689
 
5 , 0 , 3 , 0.020 , 1.533 , 0.689
 
6 , 0 , 3 , 0.020 , 1.528 , 0.689
 
7 , 0 , 3 , 0.020 , 1.024 , 0.689
 
8 , 0 , 3 , 0.020 , 1.025 , 0.689
 
9 , 0 , 3 , 0.020 , 1.026 , 0.689
 
10 , 0 , 3 , 0.020 , 1.511 , 0.689
 
11 , 0 , 3 , 0.020 , 1.036 , 0.689
 
12 , 0 , 3 , 0.020 , 1.528 , 0.689
 
13 , 0 , 3 , 0.020 , 1.042 , 0.689
 
14 , 0 , 3 , 0.020 , 1.028 , 0.689
 
15 , 0 , 3 , 0.020 , 1.027 , 0.689
 
0 , 0 , 3.25 , 0.020 , 1.519 , 0.689
 
1 , 0 , 3.25 , 0.020 , 1.030 , 0.689
 
2 , 0 , 3.25 , 0.020 , 1.028 , 0.689
 
3 , 0 , 3.25 , 0.020 , 1.026 , 0.689
 
4 , 0 , 3.25 , 0.020 , 1.530 , 0.689
 
5 , 0 , 3.25 , 0.020 , 1.024 , 0.689
 
6 , 0 , 3.25 , 0.020 , 1.024 , 0.689
 
7 , 0 , 3.25 , 0.020 , 1.521 , 0.689
 
8 , 0 , 3.25 , 0.020 , 1.027 , 0.689
 
9 , 0 , 3.25 , 0.020 , 1.515 , 0.689
 
10 , 0 , 3.25 , 0.020 , 1.025 , 0.689
 
11 , 0 , 3.25 , 0.020 , 1.028 , 0.689
 
12 , 0 , 3.25 , 0.020 , 1.522 , 0.689
 
13 , 0 , 3.25 , 0.020 , 1.028 , 0.689
 
14 , 0 , 3.25 , 0.020 , 1.024 , 0.689
 
15 , 0 , 3.25 , 0.020 , 1.033 , 0.689
 
0 , 0 , 3.5 , 0.020 , 1.030 , 0.689
 
1 , 0 , 3.5 , 0.020 , 1.526 , 0.689
 
2 , 0 , 3.5 , 0.020 , 1.024 , 0.689
 
3 , 0 , 3.5 , 0.020 , 1.024 , 0.689
 
4 , 0 , 3.5 , 0.020 , 1.024 , 0.689
 
5 , 0 , 3.5 , 0.020 , 1.024 , 0.689
 
6 , 0 , 3.5 , 0.020 , 1.528 , 0.689
 
7 , 0 , 3.5 , 0.020 , 1.532 , 0.689
 
8 , 0 , 3.5 , 0.020 , 1.024 , 0.689
 
9 , 0 , 3.5 , 0.020 , 1.026 , 0.689
 
10 , 0 , 3.5 , 0.020 , 1.516 , 0.689
 
11 , 0 , 3.5 , 0.020 , 1.026 , 0.689
 
12 , 0 , 3.5 , 0.020 , 1.529 , 0.689
 
13 , 0 , 3.5 , 0.020 , 1.032 , 0.689
 
14 , 0 , 3.5 , 0.020 , 1.024 , 0.689
 
15 , 0 , 3.5 , 0.020 , 1.032 , 0.689
 
0 , 0 , 3.75 , 0.020 , 1.026 , 0.689
 
1 , 0 , 3.75 , 0.020 , 1.028 , 0.689
 
2 , 0 , 3.75 , 0.020 , 1.024 , 0.689
 
3 , 0 , 3.75 , 0.020 , 1.512 , 0.689
 
4 , 0 , 3.75 , 0.020 , 1.529 , 0.689
 
5 , 0 , 3.75 , 0.020 , 1.025 , 0.689
 
6 , 0 , 3.75 , 0.020 , 1.026 , 0.689
 
7 , 0 , 3.75 , 0.020 , 1.530 , 0.689
 
8 , 0 , 3.75 , 0.020 , 1.029 , 0.689
 
9 , 0 , 3.75 , 0.020 , 1.034 , 0.689
 
10 , 0 , 3.75 , 0.020 , 1.024 , 0.689
 
11 , 0 , 3.75 , 0.020 , 1.024 , 0.689
 
12 , 0 , 3.75 , 0.020 , 1.516 , 0.689
 
13 , 0 , 3.75 , 0.020 , 1.026 , 0.689
 
14 , 0 , 3.75 , 0.020 , 1.026 , 0.689
 
15 , 0 , 3.75 , 0.020 , 1.040 , 0.689
 
0 , 0 , 4 , 0.020 , 1.026 , 0.689
 
1 , 0 , 4 , 0.020 , 1.024 , 0.689
 
2 , 0 , 4 , 0.020 , 1.024 , 0.689
 
3 , 0 , 4 , 0.020 , 1.513 , 0.689
 
4 , 0 , 4 , 0.020 , 1.528 , 0.689
 
5 , 0 , 4 , 0.020 , 1.026 , 0.691
 
6 , 0 , 4 , 0.020 , 1.024 , 0.689
 
7 , 0 , 4 , 0.020 , 1.533 , 0.689
 
8 , 0 , 4 , 0.020 , 1.040 , 0.691
 
9 , 0 , 4 , 0.020 , 1.024 , 0.689
 
10 , 0 , 4 , 0.020 , 1.512 , 0.691
 
11 , 0 , 4 , 0.020 , 1.037 , 0.689
 
12 , 0 , 4 , 0.020 , 1.528 , 0.689
 
13 , 0 , 4 , 0.020 , 1.024 , 0.691
 
14 , 0 , 4 , 0.020 , 1.026 , 0.689
 
15 , 0 , 4 , 0.020 , 1.025 , 0.689
 
0 , 0 , 4.25 , 0.020 , 1.024 , 0.691
 
1 , 0 , 4.25 , 0.020 , 1.028 , 0.691
 
2 , 0 , 4.25 , 0.020 , 1.025 , 0.689
 
3 , 0 , 4.25 , 0.020 , 1.508 , 0.689
 
4 , 0 , 4.25 , 0.020 , 1.526 , 0.689
 
5 , 0 , 4.25 , 0.020 , 1.026 , 0.689
 
6 , 0 , 4.25 , 0.020 , 1.527 , 0.691
 
7 , 0 , 4.25 , 0.020 , 1.530 , 0.689
 
8 , 0 , 4.25 , 0.020 , 1.032 , 0.689
 
9 , 0 , 4.25 , 0.020 , 1.032 , 0.689
 
10 , 0 , 4.25 , 0.020 , 1.024 , 0.689
 
11 , 0 , 4.25 , 0.020 , 1.027 , 0.689
 
12 , 0 , 4.25 , 0.020 , 1.528 , 0.689
 
13 , 0 , 4.25 , 0.020 , 1.028 , 0.689
 
14 , 0 , 4.25 , 0.020 , 1.028 , 0.689
 
15 , 0 , 4.25 , 0.020 , 1.024 , 0.689
 
0 , 0 , 4.5 , 0.020 , 1.528 , 0.689
 
1 , 0 , 4.5 , 0.020 , 1.530 , 0.689
 
2 , 0 , 4.5 , 0.020 , 1.028 , 0.689
 
3 , 0 , 4.5 , 0.020 , 1.026 , 0.689
 
4 , 0 , 4.5 , 0.020 , 1.529 , 0.689
 
5 , 0 , 4.5 , 0.020 , 1.523 , 0.689
 
6 , 0 , 4.5 , 0.020 , 1.032 , 0.689
 
7 , 0 , 4.5 , 0.020 , 1.536 , 0.689
 
8 , 0 , 4.5 , 0.020 , 1.029 , 0.689
 
9 , 0 , 4.5 , 0.020 , 1.024 , 0.689
 
10 , 0 , 4.5 , 0.020 , 1.512 , 0.689
 
11 , 0 , 4.5 , 0.020 , 1.032 , 0.689
 
12 , 0 , 4.5 , 0.020 , 1.528 , 0.689
 
13 , 0 , 4.5 , 0.020 , 1.029 , 0.689
 
14 , 0 , 4.5 , 0.020 , 1.024 , 0.689
 
15 , 0 , 4.5 , 0.020 , 1.032 , 0.689
 
0 , 0 , 4.75 , 0.020 , 1.024 , 0.691
 
1 , 0 , 4.75 , 0.020 , 1.520 , 0.689
 
2 , 0 , 4.75 , 0.020 , 1.024 , 0.689
 
3 , 0 , 4.75 , 0.020 , 1.024 , 0.689
 
4 , 0 , 4.75 , 0.020 , 1.528 , 0.689
 
5 , 0 , 4.75 , 0.020 , 1.523 , 0.689
 
6 , 0 , 4.75 , 0.020 , 1.024 , 0.691
 
7 , 0 , 4.75 , 0.020 , 1.024 , 0.689
 
8 , 0 , 4.75 , 0.020 , 1.024 , 0.691
 
9 , 0 , 4.75 , 0.020 , 1.036 , 0.691
 
10 , 0 , 4.75 , 0.020 , 1.024 , 0.689
 
11 , 0 , 4.75 , 0.020 , 1.024 , 0.689
 
12 , 0 , 4.75 , 0.020 , 1.526 , 0.691
 
13 , 0 , 4.75 , 0.020 , 1.024 , 0.689
 
14 , 0 , 4.75 , 0.020 , 1.036 , 0.691
 
15 , 0 , 4.75 , 0.020 , 1.025 , 0.691
 
0 , 0 , 5 , 0.020 , 1.521 , 0.691
 
1 , 0 , 5 , 0.020 , 1.025 , 0.691
 
2 , 0 , 5 , 0.020 , 1.029 , 0.691
 
3 , 0 , 5 , 0.020 , 1.025 , 0.691
 
4 , 0 , 5 , 0.020 , 1.532 , 0.691
 
5 , 0 , 5 , 0.020 , 1.529 , 0.691
 
6 , 0 , 5 , 0.020 , 1.524 , 0.691
 
7 , 0 , 5 , 0.020 , 1.028 , 0.691
 
8 , 0 , 5 , 0.020 , 1.030 , 0.691
 
9 , 0 , 5 , 0.020 , 1.024 , 0.689
 
10 , 0 , 5 , 0.020 , 1.514 , 0.691
 
11 , 0 , 5 , 0.020 , 1.025 , 0.689
 
12 , 0 , 5 , 0.020 , 1.528 , 0.691
 
13 , 0 , 5 , 0.020 , 1.024 , 0.691
 
14 , 0 , 5 , 0.020 , 1.032 , 0.689
 
15 , 0 , 5 , 0.020 , 1.035 , 0.689
 
0 , 0 , 5.25 , 0.020 , 1.026 , 0.689
 
1 , 0 , 5.25 , 0.020 , 1.025 , 0.689
 
2 , 0 , 5.25 , 0.020 , 1.028 , 0.691
 
3 , 0 , 5.25 , 0.020 , 1.512 , 0.689
 
4 , 0 , 5.25 , 0.020 , 1.524 , 0.691
 
5 , 0 , 5.25 , 0.020 , 1.024 , 0.689
 
6 , 0 , 5.25 , 0.020 , 1.523 , 0.689
 
7 , 0 , 5.25 , 0.020 , 1.532 , 0.689
 
8 , 0 , 5.25 , 0.020 , 1.030 , 0.689
 
9 , 0 , 5.25 , 0.020 , 1.024 , 0.689
 
10 , 0 , 5.25 , 0.020 , 1.516 , 0.691
 
11 , 0 , 5.25 , 0.020 , 1.027 , 0.689
 
12 , 0 , 5.25 , 0.020 , 1.525 , 0.691
 
13 , 0 , 5.25 , 0.020 , 1.516 , 0.691
 
14 , 0 , 5.25 , 0.020 , 1.032 , 0.689
 
15 , 0 , 5.25 , 0.020 , 1.030 , 0.689
 
0 , 0 , 5.5 , 0.020 , 1.028 , 0.689
 
1 , 0 , 5.5 , 0.020 , 1.024 , 0.691
 
2 , 0 , 5.5 , 0.020 , 1.523 , 0.689
 
3 , 0 , 5.5 , 0.020 , 1.512 , 0.691
 
4 , 0 , 5.5 , 0.020 , 1.024 , 0.689
 
5 , 0 , 5.5 , 0.020 , 1.024 , 0.691
 
6 , 0 , 5.5 , 0.020 , 1.533 , 0.691
 
7 , 0 , 5.5 , 0.020 , 1.025 , 0.691
 
8 , 0 , 5.5 , 0.020 , 1.031 , 0.691
 
9 , 0 , 5.5 , 0.020 , 1.027 , 0.691
 
10 , 0 , 5.5 , 0.020 , 1.516 , 0.689
 
11 , 0 , 5.5 , 0.020 , 1.040 , 0.691
 
12 , 0 , 5.5 , 0.020 , 1.520 , 0.691
 
13 , 0 , 5.5 , 0.020 , 1.025 , 0.691
 
14 , 0 , 5.5 , 0.020 , 1.024 , 0.691
 
15 , 0 , 5.5 , 0.020 , 1.033 , 0.691
 
0 , 0 , 5.75 , 0.020 , 1.028 , 0.689
 
1 , 0 , 5.75 , 0.020 , 1.024 , 0.691
 
2 , 0 , 5.75 , 0.020 , 1.028 , 0.691
 
3 , 0 , 5.75 , 0.020 , 1.512 , 0.691
 
4 , 0 , 5.75 , 0.020 , 1.532 , 0.691
 
5 , 0 , 5.75 , 0.020 , 1.530 , 0.689
 
6 , 0 , 5.75 , 0.020 , 1.523 , 0.691
 
7 , 0 , 5.75 , 0.020 , 1.529 , 0.691
 
8 , 0 , 5.75 , 0.020 , 1.026 , 0.689
 
9 , 0 , 5.75 , 0.020 , 1.025 , 0.691
 
10 , 0 , 5.75 , 0.020 , 1.513 , 0.691
 
11 , 0 , 5.75 , 0.020 , 1.024 , 0.691
 
12 , 0 , 5.75 , 0.020 , 1.528 , 0.691
 
13 , 0 , 5.75 , 0.020 , 1.024 , 0.691
 
14 , 0 , 5.75 , 0.020 , 1.025 , 0.689
 
15 , 0 , 5.75 , 0.020 , 1.034 , 0.689
 
0 , 0 , 6 , 0.020 , 1.026 , 0.689
 
1 , 0 , 6 , 0.020 , 1.024 , 0.691
 
2 , 0 , 6 , 0.020 , 1.024 , 0.689
 
3 , 0 , 6 , 0.020 , 1.026 , 0.695
 
4 , 0 , 6 , 0.020 , 1.025 , 0.691
 
5 , 0 , 6 , 0.020 , 1.530 , 0.689
 
6 , 0 , 6 , 0.020 , 1.024 , 0.691
 
7 , 0 , 6 , 0.020 , 1.025 , 0.691
 
8 , 0 , 6 , 0.020 , 1.035 , 0.691
 
9 , 0 , 6 , 0.020 , 1.033 , 0.691
 
10 , 0 , 6 , 0.020 , 1.517 , 0.689
 
11 , 0 , 6 , 0.020 , 1.032 , 0.691
 
12 , 0 , 6 , 0.020 , 1.520 , 0.691
 
13 , 0 , 6 , 0.020 , 1.520 , 0.691
 
14 , 0 , 6 , 0.020 , 1.027 , 0.691
 
15 , 0 , 6 , 0.020 , 1.024 , 0.691
 
0 , 0 , 6.25 , 0.020 , 1.024 , 0.691
 
1 , 0 , 6.25 , 0.020 , 1.029 , 0.691
 
2 , 0 , 6.25 , 0.020 , 1.026 , 0.691
 
3 , 0 , 6.25 , 0.020 , 1.510 , 0.691
 
4 , 0 , 6.25 , 0.020 , 1.532 , 0.691
 
5 , 0 , 6.25 , 0.020 , 1.528 , 0.691
 
6 , 0 , 6.25 , 0.020 , 1.530 , 0.691
 
7 , 0 , 6.25 , 0.020 , 1.528 , 0.691
 
8 , 0 , 6.25 , 0.020 , 1.024 , 0.691
 
9 , 0 , 6.25 , 0.020 , 1.026 , 0.691
 
10 , 0 , 6.25 , 0.020 , 1.512 , 0.691
 
11 , 0 , 6.25 , 0.020 , 1.024 , 0.691
 
12 , 0 , 6.25 , 0.020 , 1.528 , 0.691
 
13 , 0 , 6.25 , 0.020 , 1.025 , 0.691
 
14 , 0 , 6.25 , 0.020 , 1.026 , 0.691
 
15 , 0 , 6.25 , 0.020 , 1.026 , 0.691
 
0 , 0 , 6.5 , 0.020 , 1.024 , 0.691
 
1 , 0 , 6.5 , 0.020 , 1.024 , 0.691
 
2 , 0 , 6.5 , 0.020 , 1.024 , 0.691
 
3 , 0 , 6.5 , 0.020 , 1.024 , 0.691
 
4 , 0 , 6.5 , 0.020 , 1.024 , 0.691
 
5 , 0 , 6.5 , 0.020 , 1.528 , 0.691
 
6 , 0 , 6.5 , 0.020 , 1.032 , 0.691
 
7 , 0 , 6.5 , 0.020 , 1.028 , 0.691
 
8 , 0 , 6.5 , 0.020 , 1.024 , 0.691
 
9 , 0 , 6.5 , 0.020 , 1.024 , 0.691
 
10 , 0 , 6.5 , 0.020 , 1.512 , 0.691
 
11 , 0 , 6.5 , 0.020 , 1.037 , 0.691
 
12 , 0 , 6.5 , 0.020 , 1.524 , 0.691
 
13 , 0 , 6.5 , 0.020 , 1.024 , 0.691
 
14 , 0 , 6.5 , 0.020 , 1.024 , 0.691
 
15 , 0 , 6.5 , 0.020 , 1.026 , 0.691
 
0 , 0 , 6.75 , 0.020 , 1.028 , 0.691
 
1 , 0 , 6.75 , 0.020 , 1.025 , 0.691
 
2 , 0 , 6.75 , 0.020 , 1.024 , 0.691
 
3 , 0 , 6.75 , 0.020 , 1.024 , 0.691
 
4 , 0 , 6.75 , 0.020 , 1.521 , 0.691
 
5 , 0 , 6.75 , 0.020 , 1.532 , 0.691
 
6 , 0 , 6.75 , 0.020 , 1.520 , 0.691
 
7 , 0 , 6.75 , 0.020 , 1.532 , 0.691
 
8 , 0 , 6.75 , 0.020 , 1.032 , 0.691
 
9 , 0 , 6.75 , 0.020 , 1.028 , 0.691
 
10 , 0 , 6.75 , 0.020 , 1.514 , 0.691
 
11 , 0 , 6.75 , 0.020 , 1.032 , 0.691
 
12 , 0 , 6.75 , 0.020 , 1.522 , 0.691
 
13 , 0 , 6.75 , 0.020 , 1.024 , 0.691
 
14 , 0 , 6.75 , 0.020 , 1.025 , 0.691
 
15 , 0 , 6.75 , 0.020 , 1.028 , 0.691
 
0 , 0 , 7 , 0.020 , 1.026 , 0.691
 
1 , 0 , 7 , 0.020 , 1.028 , 0.691
 
2 , 0 , 7 , 0.020 , 1.029 , 0.691
 
3 , 0 , 7 , 0.020 , 1.508 , 0.691
 
4 , 0 , 7 , 0.020 , 1.524 , 0.691
 
5 , 0 , 7 , 0.020 , 1.525 , 0.691
 
6 , 0 , 7 , 0.020 , 1.032 , 0.691
 
7 , 0 , 7 , 0.020 , 1.528 , 0.691
 
8 , 0 , 7 , 0.020 , 1.028 , 0.691
 
9 , 0 , 7 , 0.020 , 1.026 , 0.691
 
10 , 0 , 7 , 0.020 , 1.512 , 0.691
 
11 , 0 , 7 , 0.020 , 1.026 , 0.691
 
12 , 0 , 7 , 0.020 , 1.520 , 0.691
 
13 , 0 , 7 , 0.020 , 1.024 , 0.691
 
14 , 0 , 7 , 0.020 , 1.024 , 0.691
 
15 , 0 , 7 , 0.020 , 1.028 , 0.691
 
0 , 0 , 7.25 , 0.020 , 1.024 , 0.691
 
1 , 0 , 7.25 , 0.020 , 1.026 , 0.691
 
2 , 0 , 7.25 , 0.020 , 1.025 , 0.691
 
3 , 0 , 7.25 , 0.020 , 1.024 , 0.691
 
4 , 0 , 7.25 , 0.020 , 1.528 , 0.691
 
5 , 0 , 7.25 , 0.020 , 1.524 , 0.691
 
6 , 0 , 7.25 , 0.020 , 1.524 , 0.691
 
7 , 0 , 7.25 , 0.020 , 1.026 , 0.691
 
8 , 0 , 7.25 , 0.020 , 1.024 , 0.695
 
9 , 0 , 7.25 , 0.020 , 1.032 , 0.691
 
10 , 0 , 7.25 , 0.020 , 1.512 , 0.691
 
11 , 0 , 7.25 , 0.020 , 1.036 , 0.691
 
12 , 0 , 7.25 , 0.020 , 1.520 , 0.691
 
13 , 0 , 7.25 , 0.020 , 1.024 , 0.691
 
14 , 0 , 7.25 , 0.020 , 1.033 , 0.691
 
15 , 0 , 7.25 , 0.020 , 1.032 , 0.691
 
0 , 0 , 7.5 , 0.020 , 1.024 , 0.691
 
1 , 0 , 7.5 , 0.020 , 1.527 , 0.691
 
2 , 0 , 7.5 , 0.020 , 1.029 , 0.691
 
3 , 0 , 7.5 , 0.020 , 1.024 , 0.691
 
4 , 0 , 7.5 , 0.020 , 1.528 , 0.691
 
5 , 0 , 7.5 , 0.020 , 1.530 , 0.691
 
6 , 0 , 7.5 , 0.020 , 1.027 , 0.691
 
7 , 0 , 7.5 , 0.020 , 1.025 , 0.691
 
8 , 0 , 7.5 , 0.020 , 1.032 , 0.691
 
9 , 0 , 7.5 , 0.020 , 1.024 , 0.691
 
10 , 0 , 7.5 , 0.020 , 1.026 , 0.691
 
11 , 0 , 7.5 , 0.020 , 1.024 , 0.691
 
12 , 0 , 7.5 , 0.020 , 1.024 , 0.691
 
13 , 0 , 7.5 , 0.020 , 1.028 , 0.691
 
14 , 0 , 7.5 , 0.020 , 1.536 , 0.691
 
15 , 0 , 7.5 , 0.020 , 1.026 , 0.691
 
0 , 0 , 7.75 , 0.020 , 1.029 , 0.691
 
1 , 0 , 7.75 , 0.020 , 1.024 , 0.691
 
2 , 0 , 7.75 , 0.020 , 1.024 , 0.691
 
3 , 0 , 7.75 , 0.020 , 1.512 , 0.691
 
4 , 0 , 7.75 , 0.020 , 1.524 , 0.691
 
5 , 0 , 7.75 , 0.020 , 1.528 , 0.691
 
6 , 0 , 7.75 , 0.020 , 1.530 , 0.691
 
7 , 0 , 7.75 , 0.020 , 1.520 , 0.691
 
8 , 0 , 7.75 , 0.020 , 1.025 , 0.691
 
9 , 0 , 7.75 , 0.020 , 1.029 , 0.691
 
10 , 0 , 7.75 , 0.020 , 1.024 , 0.691
 
11 , 0 , 7.75 , 0.020 , 1.027 , 0.691
 
12 , 0 , 7.75 , 0.020 , 1.524 , 0.691
 
13 , 0 , 7.75 , 0.020 , 1.024 , 0.691
 
14 , 0 , 7.75 , 0.020 , 1.033 , 0.695
 
15 , 0 , 7.75 , 0.020 , 1.029 , 0.691
 
0 , 0 , 8 , 0.020 , 1.527 , 0.691
 
1 , 0 , 8 , 0.020 , 1.522 , 0.691
 
2 , 0 , 8 , 0.020 , 1.024 , 0.691
 
3 , 0 , 8 , 0.020 , 1.510 , 0.691
 
4 , 0 , 8 , 0.020 , 1.521 , 0.691
 
5 , 0 , 8 , 0.020 , 1.535 , 0.691
 
6 , 0 , 8 , 0.020 , 1.528 , 0.691
 
7 , 0 , 8 , 0.020 , 1.024 , 0.691
 
8 , 0 , 8 , 0.020 , 1.032 , 0.691
 
9 , 0 , 8 , 0.020 , 1.024 , 0.691
 
10 , 0 , 8 , 0.020 , 1.520 , 0.691
 
11 , 0 , 8 , 0.020 , 1.032 , 0.691
 
12 , 0 , 8 , 0.020 , 1.520 , 0.691
 
13 , 0 , 8 , 0.020 , 1.025 , 0.691
 
14 , 0 , 8 , 0.020 , 1.024 , 0.691
 
15 , 0 , 8 , 0.020 , 1.036 , 0.691
 
0 , 0 , 8.25 , 0.020 , 1.024 , 0.695
 
1 , 0 , 8.25 , 0.020 , 1.025 , 0.691
 
2 , 0 , 8.25 , 0.020 , 1.028 , 0.691
 
3 , 0 , 8.25 , 0.020 , 1.517 , 0.691
 
4 , 0 , 8.25 , 0.020 , 1.528 , 0.695
 
5 , 0 , 8.25 , 0.020 , 1.024 , 0.691
 
6 , 0 , 8.25 , 0.020 , 1.525 , 0.691
 
7 , 0 , 8.25 , 0.020 , 1.528 , 0.691
 
8 , 0 , 8.25 , 0.020 , 1.026 , 0.691
 
9 , 0 , 8.25 , 0.020 , 1.028 , 0.691
 
10 , 0 , 8.25 , 0.020 , 1.506 , 0.691
 
11 , 0 , 8.25 , 0.020 , 1.026 , 0.691
 
12 , 0 , 8.25 , 0.020 , 1.520 , 0.691
 
13 , 0 , 8.25 , 0.020 , 1.026 , 0.691
 
14 , 0 , 8.25 , 0.020 , 1.024 , 0.691
 
15 , 0 , 8.25 , 0.020 , 1.036 , 0.691
 
0 , 0 , 8.5 , 0.020 , 1.028 , 0.691
 
1 , 0 , 8.5 , 0.020 , 1.527 , 0.691
 
2 , 0 , 8.5 , 0.020 , 1.024 , 0.691
 
3 , 0 , 8.5 , 0.020 , 1.515 , 0.691
 
4 , 0 , 8.5 , 0.020 , 1.525 , 0.691
 
5 , 0 , 8.5 , 0.020 , 1.024 , 0.691
 
6 , 0 , 8.5 , 0.020 , 1.522 , 0.691
 
7 , 0 , 8.5 , 0.020 , 1.524 , 0.691
 
8 , 0 , 8.5 , 0.020 , 1.024 , 0.691
 
9 , 0 , 8.5 , 0.020 , 1.511 , 0.691
 
10 , 0 , 8.5 , 0.020 , 1.516 , 0.691
 
11 , 0 , 8.5 , 0.020 , 1.024 , 0.691
 
12 , 0 , 8.5 , 0.020 , 1.530 , 0.691
 
13 , 0 , 8.5 , 0.020 , 1.025 , 0.691
 
14 , 0 , 8.5 , 0.020 , 1.024 , 0.691
 
15 , 0 , 8.5 , 0.020 , 1.026 , 0.691
 
0 , 0 , 8.75 , 0.020 , 1.524 , 0.691
 
1 , 0 , 8.75 , 0.020 , 1.024 , 0.691
 
2 , 0 , 8.75 , 0.020 , 1.516 , 0.691
 
3 , 0 , 8.75 , 0.020 , 1.516 , 0.691
 
4 , 0 , 8.75 , 0.020 , 1.024 , 0.691
 
5 , 0 , 8.75 , 0.020 , 1.026 , 0.691
 
6 , 0 , 8.75 , 0.020 , 1.524 , 0.691
 
7 , 0 , 8.75 , 0.020 , 1.024 , 0.691
 
8 , 0 , 8.75 , 0.020 , 1.026 , 0.691
 
9 , 0 , 8.75 , 0.020 , 1.025 , 0.691
 
10 , 0 , 8.75 , 0.020 , 1.520 , 0.691
 
11 , 0 , 8.75 , 0.020 , 1.025 , 0.691
 
12 , 0 , 8.75 , 0.020 , 1.024 , 0.691
 
13 , 0 , 8.75 , 0.020 , 1.030 , 0.691
 
14 , 0 , 8.75 , 0.020 , 1.025 , 0.691
 
15 , 0 , 8.75 , 0.020 , 1.025 , 0.691
 
0 , 0 , 9 , 0.020 , 1.024 , 0.691
 
1 , 0 , 9 , 0.020 , 1.520 , 0.691
 
2 , 0 , 9 , 0.020 , 1.028 , 0.691
 
3 , 0 , 9 , 0.020 , 1.512 , 0.691
 
4 , 0 , 9 , 0.020 , 1.528 , 0.691
 
5 , 0 , 9 , 0.020 , 1.523 , 0.691
 
6 , 0 , 9 , 0.020 , 1.024 , 0.691
 
7 , 0 , 9 , 0.020 , 1.528 , 0.691
 
8 , 0 , 9 , 0.020 , 1.025 , 0.691
 
9 , 0 , 9 , 0.020 , 1.024 , 0.691
 
10 , 0 , 9 , 0.020 , 1.520 , 0.691
 
11 , 0 , 9 , 0.020 , 1.036 , 0.691
 
12 , 0 , 9 , 0.020 , 1.523 , 0.691
 
13 , 0 , 9 , 0.020 , 1.024 , 0.691
 
14 , 0 , 9 , 0.020 , 1.026 , 0.691
 
15 , 0 , 9 , 0.020 , 1.025 , 0.691
 
0 , 0 , 9.25 , 0.020 , 1.024 , 0.691
 
1 , 0 , 9.25 , 0.020 , 1.529 , 0.691
 
2 , 0 , 9.25 , 0.020 , 1.026 , 0.691
 
3 , 0 , 9.25 , 0.020 , 1.504 , 0.691
 
4 , 0 , 9.25 , 0.020 , 1.520 , 0.691
 
5 , 0 , 9.25 , 0.020 , 1.029 , 0.691
 
6 , 0 , 9.25 , 0.020 , 1.024 , 0.691
 
7 , 0 , 9.25 , 0.020 , 1.536 , 0.691
 
8 , 0 , 9.25 , 0.020 , 1.024 , 0.691
 
9 , 0 , 9.25 , 0.020 , 1.024 , 0.691
 
10 , 0 , 9.25 , 0.020 , 1.024 , 0.691
 
11 , 0 , 9.25 , 0.020 , 1.024 , 0.691
 
12 , 0 , 9.25 , 0.020 , 1.520 , 0.695
 
13 , 0 , 9.25 , 0.020 , 1.030 , 0.691
 
14 , 0 , 9.25 , 0.020 , 1.030 , 0.691
 
15 , 0 , 9.25 , 0.020 , 1.032 , 0.691
 
0 , 0 , 9.5 , 0.020 , 1.025 , 0.691
 
1 , 0 , 9.5 , 0.030 , 1.025 , 0.691
 
2 , 0 , 9.5 , 0.020 , 1.026 , 0.691
 
3 , 0 , 9.5 , 0.020 , 1.516 , 0.691
 
4 , 0 , 9.5 , 0.020 , 1.522 , 0.691
 
5 , 0 , 9.5 , 0.020 , 1.025 , 0.691
 
6 , 0 , 9.5 , 0.020 , 1.527 , 0.691
 
7 , 0 , 9.5 , 0.020 , 1.024 , 0.691
 
8 , 0 , 9.5 , 0.020 , 1.028 , 0.691
 
9 , 0 , 9.5 , 0.020 , 1.025 , 0.691
 
10 , 0 , 9.5 , 0.020 , 1.523 , 0.691
 
11 , 0 , 9.5 , 0.020 , 1.040 , 0.691
 
12 , 0 , 9.5 , 0.020 , 1.520 , 0.691
 
13 , 0 , 9.5 , 0.020 , 1.025 , 0.691
 
14 , 0 , 9.5 , 0.020 , 1.032 , 0.691
 
15 , 0 , 9.5 , 0.020 , 1.024 , 0.691
 
0 , 0 , 9.75 , 0.020 , 1.024 , 0.691
 
1 , 0 , 9.75 , 0.020 , 1.024 , 0.691
 
2 , 0 , 9.75 , 0.020 , 1.024 , 0.691
 
3 , 0 , 9.75 , 0.020 , 1.506 , 0.691
 
4 , 0 , 9.75 , 0.020 , 1.529 , 0.691
 
5 , 0 , 9.75 , 0.020 , 1.526 , 0.691
 
6 , 0 , 9.75 , 0.020 , 1.528 , 0.691
 
7 , 0 , 9.75 , 0.020 , 1.532 , 0.691
 
8 , 0 , 9.75 , 0.020 , 1.026 , 0.691
 
9 , 0 , 9.75 , 0.020 , 1.024 , 0.691
 
10 , 0 , 9.75 , 0.020 , 1.516 , 0.691
 
11 , 0 , 9.75 , 0.020 , 1.027 , 0.691
 
12 , 0 , 9.75 , 0.020 , 1.522 , 0.691
 
13 , 0 , 9.75 , 0.020 , 1.024 , 0.691
 
14 , 0 , 9.75 , 0.020 , 1.026 , 0.691
 
15 , 0 , 9.75 , 0.020 , 1.030 , 0.691
 
0 , 0 , 10 , 0.020 , 1.025 , 0.691
 
1 , 0 , 10 , 0.020 , 1.025 , 0.691
 
2 , 0 , 10 , 0.020 , 1.026 , 0.691
 
3 , 0 , 10 , 0.020 , 1.024 , 0.691
 
4 , 0 , 10 , 0.020 , 1.524 , 0.691
 
5 , 0 , 10 , 0.020 , 1.024 , 0.691
 
6 , 0 , 10 , 0.020 , 1.531 , 0.691
 
7 , 0 , 10 , 0.020 , 1.025 , 0.691
 
8 , 0 , 10 , 0.020 , 1.027 , 0.691
 
9 , 0 , 10 , 0.020 , 1.026 , 0.691
 
10 , 0 , 10 , 0.020 , 1.525 , 0.691
 
11 , 0 , 10 , 0.020 , 1.038 , 0.691
 
12 , 0 , 10 , 0.020 , 1.524 , 0.691
 
13 , 0 , 10 , 0.020 , 1.026 , 0.691
 
14 , 0 , 10 , 0.020 , 1.032 , 0.691
 
15 , 0 , 10 , 0.020 , 1.024 , 0.691
 
0 , 0 , 10.25 , 0.020 , 1.032 , 0.691
 
1 , 0 , 10.25 , 0.020 , 1.024 , 0.691
 
2 , 0 , 10.25 , 0.020 , 1.025 , 0.691
 
3 , 0 , 10.25 , 0.020 , 1.516 , 0.691
 
4 , 0 , 10.25 , 0.020 , 1.528 , 0.691
 
5 , 0 , 10.25 , 0.020 , 1.528 , 0.695
 
6 , 0 , 10.25 , 0.020 , 1.530 , 0.695
 
7 , 0 , 10.25 , 0.020 , 1.024 , 0.695
 
8 , 0 , 10.25 , 0.020 , 1.036 , 0.691
 
9 , 0 , 10.25 , 0.020 , 1.030 , 0.691
 
10 , 0 , 10.25 , 0.020 , 1.516 , 0.691
 
11 , 0 , 10.25 , 0.020 , 1.032 , 0.695
 
12 , 0 , 10.25 , 0.020 , 1.520 , 0.691
 
13 , 0 , 10.25 , 0.020 , 1.024 , 0.691
 
14 , 0 , 10.25 , 0.020 , 1.025 , 0.691
 
15 , 0 , 10.25 , 0.020 , 1.025 , 0.691
 
0 , 0 , 10.5 , 0.020 , 1.025 , 0.695
 
1 , 0 , 10.5 , 0.020 , 1.024 , 0.691
 
2 , 0 , 10.5 , 0.020 , 1.520 , 0.691
 
3 , 0 , 10.5 , 0.020 , 1.512 , 0.691
 
4 , 0 , 10.5 , 0.020 , 1.530 , 0.695
 
5 , 0 , 10.5 , 0.020 , 1.523 , 0.695
 
6 , 0 , 10.5 , 0.020 , 1.024 , 0.695
 
7 , 0 , 10.5 , 0.020 , 1.532 , 0.691
 
8 , 0 , 10.5 , 0.020 , 1.032 , 0.695
 
9 , 0 , 10.5 , 0.020 , 1.030 , 0.695
 
10 , 0 , 10.5 , 0.020 , 1.512 , 0.691
 
11 , 0 , 10.5 , 0.020 , 1.024 , 0.695
 
12 , 0 , 10.5 , 0.020 , 1.528 , 0.691
 
13 , 0 , 10.5 , 0.020 , 1.028 , 0.691
 
14 , 0 , 10.5 , 0.020 , 1.036 , 0.695
 
15 , 0 , 10.5 , 0.020 , 1.038 , 0.695
 
0 , 0 , 10.75 , 0.020 , 1.024 , 0.695
 
1 , 0 , 10.75 , 0.020 , 1.025 , 0.691
 
2 , 0 , 10.75 , 0.020 , 1.035 , 0.695
 
3 , 0 , 10.75 , 0.020 , 1.029 , 0.691
 
4 , 0 , 10.75 , 0.020 , 1.024 , 0.695
 
5 , 0 , 10.75 , 0.020 , 1.024 , 0.691
 
6 , 0 , 10.75 , 0.020 , 1.028 , 0.691
 
7 , 0 , 10.75 , 0.020 , 1.024 , 0.695
 
8 , 0 , 10.75 , 0.020 , 1.032 , 0.695
 
9 , 0 , 10.75 , 0.020 , 1.029 , 0.695
 
10 , 0 , 10.75 , 0.020 , 1.520 , 0.695
 
11 , 0 , 10.75 , 0.020 , 1.025 , 0.695
 
12 , 0 , 10.75 , 0.020 , 1.520 , 0.695
 
13 , 0 , 10.75 , 0.020 , 1.024 , 0.695
 
14 , 0 , 10.75 , 0.020 , 1.030 , 0.695
 
15 , 0 , 10.75 , 0.020 , 1.029 , 0.695
 
0 , 0 , 11 , 0.020 , 1.028 , 0.695
 
1 , 0 , 11 , 0.020 , 1.025 , 0.695
 
2 , 0 , 11 , 0.020 , 1.028 , 0.695
 
3 , 0 , 11 , 0.020 , 1.028 , 0.691
 
4 , 0 , 11 , 0.020 , 1.525 , 0.695
 
5 , 0 , 11 , 0.020 , 1.024 , 0.695
 
6 , 0 , 11 , 0.020 , 1.029 , 0.691
 
7 , 0 , 11 , 0.020 , 1.032 , 0.691
 
8 , 0 , 11 , 0.020 , 1.025 , 0.695
 
9 , 0 , 11 , 0.020 , 1.024 , 0.695
 
10 , 0 , 11 , 0.020 , 1.514 , 0.695
 
11 , 0 , 11 , 0.020 , 1.024 , 0.695
 
12 , 0 , 11 , 0.020 , 1.524 , 0.695
 
13 , 0 , 11 , 0.020 , 1.025 , 0.695
 
14 , 0 , 11 , 0.020 , 1.024 , 0.691
 
15 , 0 , 11 , 0.020 , 1.030 , 0.695
 
0 , 0 , 11.25 , 0.020 , 1.029 , 0.695
 
1 , 0 , 11.25 , 0.020 , 1.532 , 0.695
 
2 , 0 , 11.25 , 0.020 , 1.026 , 0.695
 
3 , 0 , 11.25 , 0.020 , 1.510 , 0.695
 
4 , 0 , 11.25 , 0.020 , 1.530 , 0.695
 
5 , 0 , 11.25 , 0.020 , 1.524 , 0.695
 
6 , 0 , 11.25 , 0.020 , 1.024 , 0.695
 
7 , 0 , 11.25 , 0.020 , 1.025 , 0.695
 
8 , 0 , 11.25 , 0.020 , 1.024 , 0.695
 
9 , 0 , 11.25 , 0.020 , 1.025 , 0.695
 
10 , 0 , 11.25 , 0.020 , 1.521 , 0.695
 
11 , 0 , 11.25 , 0.020 , 1.024 , 0.695
 
12 , 0 , 11.25 , 0.020 , 1.521 , 0.695
 
13 , 0 , 11.25 , 0.020 , 1.024 , 0.695
 
14 , 0 , 11.25 , 0.020 , 1.025 , 0.695
 
15 , 0 , 11.25 , 0.020 , 1.033 , 0.695
 
0 , 0 , 11.5 , 0.020 , 1.026 , 0.691
 
1 , 0 , 11.5 , 0.020 , 1.524 , 0.695
 
2 , 0 , 11.5 , 0.020 , 1.024 , 0.695
 
3 , 0 , 11.5 , 0.020 , 1.516 , 0.691
 
4 , 0 , 11.5 , 0.020 , 1.520 , 0.695
 
5 , 0 , 11.5 , 0.020 , 1.024 , 0.695
 
6 , 0 , 11.5 , 0.020 , 1.026 , 0.695
 
7 , 0 , 11.5 , 0.020 , 1.025 , 0.695
 
8 , 0 , 11.5 , 0.020 , 1.024 , 0.695
 
9 , 0 , 11.5 , 0.020 , 1.026 , 0.695
 
10 , 0 , 11.5 , 0.020 , 1.512 , 0.691
 
11 , 0 , 11.5 , 0.020 , 1.029 , 0.695
 
12 , 0 , 11.5 , 0.020 , 1.526 , 0.695
 
13 , 0 , 11.5 , 0.020 , 1.024 , 0.695
 
14 , 0 , 11.5 , 0.020 , 1.033 , 0.695
 
15 , 0 , 11.5 , 0.020 , 1.028 , 0.695
 
0 , 0 , 11.75 , 0.020 , 1.025 , 0.691
 
1 , 0 , 11.75 , 0.020 , 1.024 , 0.695
 
2 , 0 , 11.75 , 0.020 , 1.024 , 0.695
 
3 , 0 , 11.75 , 0.020 , 1.508 , 0.695
 
4 , 0 , 11.75 , 0.020 , 1.533 , 0.695
 
5 , 0 , 11.75 , 0.020 , 1.024 , 0.695
 
6 , 0 , 11.75 , 0.020 , 1.528 , 0.695
 
7 , 0 , 11.75 , 0.020 , 1.523 , 0.695
 
8 , 0 , 11.75 , 0.020 , 1.024 , 0.695
 
9 , 0 , 11.75 , 0.020 , 1.027 , 0.695
 
10 , 0 , 11.75 , 0.020 , 1.514 , 0.695
 
11 , 0 , 11.75 , 0.020 , 1.032 , 0.695
 
12 , 0 , 11.75 , 0.020 , 1.528 , 0.695
 
13 , 0 , 11.75 , 0.020 , 1.024 , 0.695
 
14 , 0 , 11.75 , 0.020 , 1.029 , 0.695
 
15 , 0 , 11.75 , 0.020 , 1.029 , 0.695
 
0 , 0 , 12 , 0.020 , 1.026 , 0.695
 
1 , 0 , 12 , 0.020 , 1.024 , 0.695
 
2 , 0 , 12 , 0.020 , 1.024 , 0.695
 
3 , 0 , 12 , 0.020 , 1.024 , 0.695
 
4 , 0 , 12 , 0.020 , 1.531 , 0.695
 
5 , 0 , 12 , 0.020 , 1.523 , 0.695
 
6 , 0 , 12 , 0.020 , 1.525 , 0.695
 
7 , 0 , 12 , 0.020 , 1.024 , 0.691
 
8 , 0 , 12 , 0.020 , 1.031 , 0.695
 
9 , 0 , 12 , 0.020 , 1.026 , 0.695
 
10 , 0 , 12 , 0.020 , 1.514 , 0.695
 
11 , 0 , 12 , 0.020 , 1.024 , 0.695
 
12 , 0 , 12 , 0.020 , 1.525 , 0.695
 
13 , 0 , 12 , 0.020 , 1.025 , 0.695
 
14 , 0 , 12 , 0.020 , 1.024 , 0.695
 
15 , 0 , 12 , 0.020 , 1.029 , 0.695
 
0 , 0 , 12.25 , 0.020 , 1.024 , 0.695
 
1 , 0 , 12.25 , 0.020 , 1.528 , 0.695
 
2 , 0 , 12.25 , 0.020 , 1.024 , 0.695
 
3 , 0 , 12.25 , 0.020 , 1.509 , 0.695
 
4 , 0 , 12.25 , 0.020 , 1.528 , 0.695
 
5 , 0 , 12.25 , 0.020 , 1.028 , 0.695
 
6 , 0 , 12.25 , 0.020 , 1.028 , 0.695
 
7 , 0 , 12.25 , 0.020 , 1.530 , 0.695
 
8 , 0 , 12.25 , 0.020 , 1.028 , 0.695
 
9 , 0 , 12.25 , 0.020 , 1.026 , 0.695
 
10 , 0 , 12.25 , 0.020 , 1.512 , 0.695
 
11 , 0 , 12.25 , 0.020 , 1.028 , 0.695
 
12 , 0 , 12.25 , 0.020 , 1.520 , 0.695
 
13 , 0 , 12.25 , 0.020 , 1.024 , 0.695
 
14 , 0 , 12.25 , 0.020 , 1.024 , 0.695
 
15 , 0 , 12.25 , 0.020 , 1.028 , 0.695
 
0 , 0 , 12.5 , 0.020 , 1.027 , 0.695
 
1 , 0 , 12.5 , 0.020 , 1.523 , 0.695
 
2 , 0 , 12.5 , 0.020 , 1.028 , 0.695
 
3 , 0 , 12.5 , 0.020 , 1.508 , 0.695
 
4 , 0 , 12.5 , 0.020 , 1.024 , 0.695
 
5 , 0 , 12.5 , 0.020 , 1.520 , 0.695
 
6 , 0 , 12.5 , 0.020 , 1.025 , 0.695
 
7 , 0 , 12.5 , 0.020 , 1.028 , 0.695
 
8 , 0 , 12.5 , 0.020 , 1.024 , 0.695
 
9 , 0 , 12.5 , 0.020 , 1.024 , 0.695
 
10 , 0 , 12.5 , 0.020 , 1.521 , 0.695
 
11 , 0 , 12.5 , 0.020 , 1.032 , 0.695
 
12 , 0 , 12.5 , 0.020 , 1.524 , 0.695
 
13 , 0 , 12.5 , 0.020 , 1.024 , 0.695
 
14 , 0 , 12.5 , 0.020 , 1.024 , 0.695
 
15 , 0 , 12.5 , 0.020 , 1.025 , 0.695
 
0 , 0 , 12.75 , 0.020 , 1.029 , 0.695
 
1 , 0 , 12.75 , 0.020 , 1.025 , 0.695
 
2 , 0 , 12.75 , 0.020 , 1.024 , 0.695
 
3 , 0 , 12.75 , 0.020 , 1.510 , 0.695
 
4 , 0 , 12.75 , 0.020 , 1.530 , 0.695
 
5 , 0 , 12.75 , 0.020 , 1.530 , 0.695
 
6 , 0 , 12.75 , 0.020 , 1.024 , 0.695
 
7 , 0 , 12.75 , 0.020 , 1.024 , 0.695
 
8 , 0 , 12.75 , 0.020 , 1.030 , 0.695
 
9 , 0 , 12.75 , 0.020 , 1.024 , 0.695
 
10 , 0 , 12.75 , 0.020 , 1.520 , 0.695
 
11 , 0 , 12.75 , 0.020 , 1.026 , 0.695
 
12 , 0 , 12.75 , 0.020 , 1.529 , 0.695
 
13 , 0 , 12.75 , 0.020 , 1.034 , 0.695
 
14 , 0 , 12.75 , 0.020 , 1.030 , 0.695
 
15 , 0 , 12.75 , 0.020 , 1.032 , 0.695
 
0 , 0 , 13 , 0.020 , 1.030 , 0.695
 
1 , 0 , 13 , 0.020 , 1.030 , 0.695
 
2 , 0 , 13 , 0.020 , 1.024 , 0.695
 
3 , 0 , 13 , 0.020 , 1.512 , 0.695
 
4 , 0 , 13 , 0.020 , 1.528 , 0.695
 
5 , 0 , 13 , 0.020 , 1.528 , 0.695
 
6 , 0 , 13 , 0.020 , 1.528 , 0.695
 
7 , 0 , 13 , 0.020 , 1.533 , 0.695
 
8 , 0 , 13 , 0.020 , 1.025 , 0.695
 
9 , 0 , 13 , 0.020 , 1.030 , 0.695
 
10 , 0 , 13 , 0.020 , 1.506 , 0.695
 
11 , 0 , 13 , 0.020 , 1.032 , 0.695
 
12 , 0 , 13 , 0.020 , 1.529 , 0.695
 
13 , 0 , 13 , 0.020 , 1.024 , 0.695
 
14 , 0 , 13 , 0.020 , 1.024 , 0.695
 
15 , 0 , 13 , 0.020 , 1.036 , 0.695
 
0 , 0 , 13.25 , 0.020 , 1.024 , 0.695
 
1 , 0 , 13.25 , 0.020 , 1.521 , 0.695
 
2 , 0 , 13.25 , 0.020 , 1.024 , 0.695
 
3 , 0 , 13.25 , 0.020 , 1.504 , 0.695
 
4 , 0 , 13.25 , 0.020 , 1.024 , 0.695
 
5 , 0 , 13.25 , 0.020 , 1.528 , 0.695
 
6 , 0 , 13.25 , 0.020 , 1.024 , 0.695
 
7 , 0 , 13.25 , 0.020 , 1.521 , 0.695
 
8 , 0 , 13.25 , 0.020 , 1.025 , 0.695
 
9 , 0 , 13.25 , 0.020 , 1.024 , 0.695
 
10 , 0 , 13.25 , 0.020 , 1.024 , 0.695
 
11 , 0 , 13.25 , 0.020 , 1.029 , 0.695
 
12 , 0 , 13.25 , 0.020 , 1.524 , 0.695
 
13 , 0 , 13.25 , 0.020 , 1.024 , 0.695
 
14 , 0 , 13.25 , 0.020 , 1.026 , 0.695
 
15 , 0 , 13.25 , 0.020 , 1.034 , 0.695
 
0 , 0 , 13.5 , 0.020 , 1.024 , 0.695
 
1 , 0 , 13.5 , 0.020 , 1.515 , 0.695
 
2 , 0 , 13.5 , 0.020 , 1.024 , 0.695
 
3 , 0 , 13.5 , 0.020 , 1.508 , 0.695
 
4 , 0 , 13.5 , 0.020 , 1.520 , 0.695
 
5 , 0 , 13.5 , 0.020 , 1.528 , 0.695
 
6 , 0 , 13.5 , 0.020 , 1.530 , 0.695
 
7 , 0 , 13.5 , 0.020 , 1.027 , 0.695
 
8 , 0 , 13.5 , 0.020 , 1.028 , 0.695
 
9 , 0 , 13.5 , 0.020 , 1.029 , 0.695
 
10 , 0 , 13.5 , 0.020 , 1.514 , 0.695
 
11 , 0 , 13.5 , 0.020 , 1.025 , 0.695
 
12 , 0 , 13.5 , 0.020 , 1.530 , 0.695
 
13 , 0 , 13.5 , 0.020 , 1.026 , 0.695
 
14 , 0 , 13.5 , 0.020 , 1.028 , 0.695
 
15 , 0 , 13.5 , 0.020 , 1.037 , 0.695
 
0 , 0 , 13.75 , 0.020 , 1.024 , 0.695
 
1 , 0 , 13.75 , 0.020 , 1.530 , 0.695
 
2 , 0 , 13.75 , 0.020 , 1.031 , 0.695
 
3 , 0 , 13.75 , 0.020 , 1.516 , 0.695
 
4 , 0 , 13.75 , 0.020 , 1.530 , 0.695
 
5 , 0 , 13.75 , 0.020 , 1.521 , 0.695
 
6 , 0 , 13.75 , 0.020 , 1.025 , 0.695
 
7 , 0 , 13.75 , 0.020 , 1.524 , 0.695
 
8 , 0 , 13.75 , 0.020 , 1.024 , 0.695
 
9 , 0 , 13.75 , 0.020 , 1.024 , 0.695
 
10 , 0 , 13.75 , 0.020 , 1.520 , 0.695
 
11 , 0 , 13.75 , 0.020 , 1.034 , 0.695
 
12 , 0 , 13.75 , 0.020 , 1.528 , 0.695
 
13 , 0 , 13.75 , 0.020 , 1.025 , 0.695
 
14 , 0 , 13.75 , 0.020 , 1.029 , 0.695
 
15 , 0 , 13.75 , 0.020 , 1.026 , 0.695
 
0 , 0 , 14 , 0.020 , 1.032 , 0.695
 
1 , 0 , 14 , 0.020 , 1.520 , 0.695
 
2 , 0 , 14 , 0.020 , 1.518 , 0.695
 
3 , 0 , 14 , 0.020 , 1.511 , 0.695
 
4 , 0 , 14 , 0.020 , 1.520 , 0.695
 
5 , 0 , 14 , 0.020 , 1.024 , 0.695
 
6 , 0 , 14 , 0.020 , 1.521 , 0.695
 
7 , 0 , 14 , 0.020 , 1.524 , 0.695
 
8 , 0 , 14 , 0.020 , 1.025 , 0.695
 
9 , 0 , 14 , 0.020 , 1.024 , 0.695
 
10 , 0 , 14 , 0.020 , 1.512 , 0.695
 
11 , 0 , 14 , 0.020 , 1.028 , 0.695
 
12 , 0 , 14 , 0.020 , 1.517 , 0.695
 
13 , 0 , 14 , 0.020 , 1.028 , 0.695
 
14 , 0 , 14 , 0.020 , 1.026 , 0.695
 
15 , 0 , 14 , 0.020 , 1.025 , 0.695
 
0 , 0 , 14.25 , 0.020 , 1.024 , 0.695
 
1 , 0 , 14.25 , 0.020 , 1.522 , 0.695
 
2 , 0 , 14.25 , 0.020 , 1.024 , 0.695
 
3 , 0 , 14.25 , 0.020 , 1.508 , 0.695
 
4 , 0 , 14.25 , 0.020 , 1.525 , 0.695
 
5 , 0 , 14.25 , 0.020 , 1.526 , 0.695
 
6 , 0 , 14.25 , 0.020 , 1.024 , 0.695
 
7 , 0 , 14.25 , 0.020 , 1.530 , 0.695
 
8 , 0 , 14.25 , 0.020 , 1.024 , 0.695
 
9 , 0 , 14.25 , 0.020 , 1.029 , 0.695
 
10 , 0 , 14.25 , 0.020 , 1.522 , 0.695
 
11 , 0 , 14.25 , 0.020 , 1.025 , 0.695
 
12 , 0 , 14.25 , 0.020 , 1.529 , 0.695
 
13 , 0 , 14.25 , 0.020 , 1.033 , 0.695
 
14 , 0 , 14.25 , 0.020 , 1.032 , 0.695
 
15 , 0 , 14.25 , 0.020 , 1.031 , 0.695
 
0 , 0 , 14.5 , 0.020 , 1.523 , 0.695
 
1 , 0 , 14.5 , 0.020 , 1.529 , 0.695
 
2 , 0 , 14.5 , 0.020 , 1.024 , 0.695
 
3 , 0 , 14.5 , 0.020 , 1.509 , 0.695
 
4 , 0 , 14.5 , 0.020 , 1.530 , 0.695
 
5 , 0 , 14.5 , 0.020 , 1.024 , 0.695
 
6 , 0 , 14.5 , 0.020 , 1.029 , 0.695
 
7 , 0 , 14.5 , 0.020 , 1.024 , 0.695
 
8 , 0 , 14.5 , 0.020 , 1.028 , 0.695
 
9 , 0 , 14.5 , 0.020 , 1.024 , 0.695
 
10 , 0 , 14.5 , 0.020 , 1.518 , 0.695
 
11 , 0 , 14.5 , 0.020 , 1.026 , 0.695
 
12 , 0 , 14.5 , 0.020 , 1.520 , 0.695
 
13 , 0 , 14.5 , 0.020 , 1.024 , 0.695
 
14 , 0 , 14.5 , 0.020 , 1.025 , 0.695
 
15 , 0 , 14.5 , 0.020 , 1.035 , 0.695
 
0 , 0 , 14.75 , 0.020 , 1.029 , 0.695
 
1 , 0 , 14.75 , 0.020 , 1.024 , 0.695
 
2 , 0 , 14.75 , 0.020 , 1.520 , 0.695
 
3 , 0 , 14.75 , 0.020 , 1.508 , 0.695
 
4 , 0 , 14.75 , 0.020 , 1.520 , 0.695
 
5 , 0 , 14.75 , 0.020 , 1.524 , 0.695
 
6 , 0 , 14.75 , 0.020 , 1.026 , 0.695
 
7 , 0 , 14.75 , 0.020 , 1.026 , 0.695
 
8 , 0 , 14.75 , 0.020 , 1.026 , 0.695
 
9 , 0 , 14.75 , 0.020 , 1.025 , 0.695
 
10 , 0 , 14.75 , 0.020 , 1.516 , 0.695
 
11 , 0 , 14.75 , 0.020 , 1.024 , 0.695
 
12 , 0 , 14.75 , 0.020 , 1.530 , 0.695
 
13 , 0 , 14.75 , 0.020 , 1.025 , 0.695
 
14 , 0 , 14.75 , 0.020 , 1.030 , 0.695
 
15 , 0 , 14.75 , 0.020 , 1.024 , 0.695
 
0 , 0 , 15 , 0.020 , 1.028 , 0.695
 
1 , 0 , 15 , 0.020 , 1.025 , 0.695
 
2 , 0 , 15 , 0.020 , 1.025 , 0.695
 
3 , 0 , 15 , 0.020 , 1.513 , 0.695
 
4 , 0 , 15 , 0.020 , 1.522 , 0.695
 
5 , 0 , 15 , 0.020 , 1.529 , 0.695
 
6 , 0 , 15 , 0.020 , 1.531 , 0.695
 
7 , 0 , 15 , 0.020 , 1.024 , 0.695
 
8 , 0 , 15 , 0.020 , 1.030 , 0.695
 
9 , 0 , 15 , 0.020 , 1.024 , 0.695
 
10 , 0 , 15 , 0.020 , 1.520 , 0.695
 
11 , 0 , 15 , 0.020 , 1.033 , 0.695
 
12 , 0 , 15 , 0.020 , 1.522 , 0.695
 
13 , 0 , 15 , 0.020 , 1.024 , 0.695
 
14 , 0 , 15 , 0.020 , 1.032 , 0.695
 
15 , 0 , 15 , 0.020 , 1.033 , 0.695
 
0 , 0 , 15.25 , 0.020 , 1.532 , 0.695
 
1 , 0 , 15.25 , 0.020 , 1.027 , 0.695
 
2 , 0 , 15.25 , 0.020 , 1.025 , 0.695
 
3 , 0 , 15.25 , 0.020 , 1.024 , 0.695
 
4 , 0 , 15.25 , 0.020 , 1.528 , 0.695
 
5 , 0 , 15.25 , 0.020 , 1.024 , 0.695
 
6 , 0 , 15.25 , 0.020 , 1.024 , 0.695
 
7 , 0 , 15.25 , 0.020 , 1.024 , 0.695
 
8 , 0 , 15.25 , 0.020 , 1.028 , 0.695
 
9 , 0 , 15.25 , 0.020 , 1.026 , 0.695
 
10 , 0 , 15.25 , 0.020 , 1.024 , 0.695
 
11 , 0 , 15.25 , 0.020 , 1.037 , 0.695
 
12 , 0 , 15.25 , 0.020 , 1.525 , 0.695
 
13 , 0 , 15.25 , 0.020 , 1.024 , 0.695
 
14 , 0 , 15.25 , 0.020 , 1.024 , 0.695
 
15 , 0 , 15.25 , 0.020 , 1.025 , 0.695
 
0 , 0 , 15.5 , 0.020 , 1.024 , 0.695
 
1 , 0 , 15.5 , 0.020 , 1.024 , 0.695
 
2 , 0 , 15.5 , 0.020 , 1.527 , 0.695
 
3 , 0 , 15.5 , 0.020 , 1.515 , 0.695
 
4 , 0 , 15.5 , 0.020 , 1.525 , 0.695
 
5 , 0 , 15.5 , 0.020 , 1.532 , 0.695
 
6 , 0 , 15.5 , 0.020 , 1.530 , 0.695
 
7 , 0 , 15.5 , 0.020 , 1.529 , 0.695
 
8 , 0 , 15.5 , 0.020 , 1.024 , 0.695
 
9 , 0 , 15.5 , 0.020 , 1.028 , 0.695
 
10 , 0 , 15.5 , 0.020 , 1.516 , 0.695
 
11 , 0 , 15.5 , 0.020 , 1.024 , 0.695
 
12 , 0 , 15.5 , 0.020 , 1.520 , 0.695
 
13 , 0 , 15.5 , 0.020 , 1.025 , 0.695
 
14 , 0 , 15.5 , 0.020 , 1.026 , 0.695
 
15 , 0 , 15.5 , 0.020 , 1.032 , 0.695
 
0 , 0 , 15.75 , 0.020 , 1.026 , 0.695
 
1 , 0 , 15.75 , 0.020 , 1.024 , 0.695
 
2 , 0 , 15.75 , 0.020 , 1.026 , 0.695
 
3 , 0 , 15.75 , 0.020 , 1.513 , 0.695
 
4 , 0 , 15.75 , 0.020 , 1.520 , 0.695
 
5 , 0 , 15.75 , 0.020 , 1.521 , 0.695
 
6 , 0 , 15.75 , 0.020 , 1.526 , 0.695
 
7 , 0 , 15.75 , 0.020 , 1.528 , 0.695
 
8 , 0 , 15.75 , 0.020 , 1.025 , 0.695
 
9 , 0 , 15.75 , 0.020 , 1.025 , 0.695
 
10 , 0 , 15.75 , 0.020 , 1.517 , 0.695
 
11 , 0 , 15.75 , 0.020 , 1.032 , 0.695
 
12 , 0 , 15.75 , 0.020 , 1.520 , 0.695
 
13 , 0 , 15.75 , 0.020 , 1.024 , 0.695
 
14 , 0 , 15.75 , 0.020 , 1.028 , 0.695
 
15 , 0 , 15.75 , 0.020 , 1.024 , 0.695
 
0 , 0 , 16 , 0.020 , 1.032 , 0.695
 
1 , 0 , 16 , 0.020 , 1.025 , 0.695
 
2 , 0 , 16 , 0.020 , 1.515 , 0.695
 
3 , 0 , 16 , 0.020 , 1.505 , 0.695
 
4 , 0 , 16 , 0.020 , 1.531 , 0.695
 
5 , 0 , 16 , 0.020 , 1.025 , 0.695
 
6 , 0 , 16 , 0.020 , 1.024 , 0.695
 
7 , 0 , 16 , 0.020 , 1.530 , 0.695
 
8 , 0 , 16 , 0.020 , 1.026 , 0.695
 
9 , 0 , 16 , 0.020 , 1.512 , 0.695
 
10 , 0 , 16 , 0.020 , 1.522 , 0.695
 
11 , 0 , 16 , 0.020 , 1.024 , 0.695
 
12 , 0 , 16 , 0.020 , 1.528 , 0.695
 
13 , 0 , 16 , 0.020 , 1.517 , 0.695
 
14 , 0 , 16 , 0.020 , 1.032 , 0.695
 
15 , 0 , 16 , 0.020 , 1.030 , 0.695
 
0 , 0 , 16.25 , 0.020 , 1.024 , 0.695
 
1 , 0 , 16.25 , 0.020 , 1.526 , 0.695
 
2 , 0 , 16.25 , 0.020 , 1.026 , 0.695
 
3 , 0 , 16.25 , 0.020 , 1.505 , 0.695
 
4 , 0 , 16.25 , 0.020 , 1.529 , 0.695
 
5 , 0 , 16.25 , 0.020 , 1.526 , 0.695
 
6 , 0 , 16.25 , 0.020 , 1.026 , 0.695
 
7 , 0 , 16.25 , 0.020 , 1.528 , 0.695
 
8 , 0 , 16.25 , 0.020 , 1.024 , 0.695
 
9 , 0 , 16.25 , 0.020 , 1.028 , 0.695
 
10 , 0 , 16.25 , 0.020 , 1.512 , 0.695
 
11 , 0 , 16.25 , 0.020 , 1.040 , 0.695
 
12 , 0 , 16.25 , 0.020 , 1.527 , 0.695
 
13 , 0 , 16.25 , 0.020 , 1.024 , 0.695
 
14 , 0 , 16.25 , 0.020 , 1.028 , 0.695
 
15 , 0 , 16.25 , 0.020 , 1.029 , 0.695
 
0 , 0 , 16.5 , 0.020 , 1.025 , 0.695
 
1 , 0 , 16.5 , 0.020 , 1.024 , 0.695
 
2 , 0 , 16.5 , 0.020 , 1.024 , 0.695
 
3 , 0 , 16.5 , 0.020 , 1.508 , 0.695
 
4 , 0 , 16.5 , 0.020 , 1.024 , 0.695
 
5 , 0 , 16.5 , 0.020 , 1.526 , 0.695
 
6 , 0 , 16.5 , 0.020 , 1.516 , 0.695
 
7 , 0 , 16.5 , 0.020 , 1.024 , 0.695
 
8 , 0 , 16.5 , 0.020 , 1.032 , 0.695
 
9 , 0 , 16.5 , 0.020 , 1.026 , 0.695
 
10 , 0 , 16.5 , 0.020 , 1.524 , 0.695
 
11 , 0 , 16.5 , 0.020 , 1.025 , 0.695
 
12 , 0 , 16.5 , 0.020 , 1.524 , 0.695
 
13 , 0 , 16.5 , 0.020 , 1.032 , 0.695
 
14 , 0 , 16.5 , 0.020 , 1.026 , 0.695
 
15 , 0 , 16.5 , 0.020 , 1.035 , 0.695
 
0 , 0 , 16.75 , 0.020 , 1.024 , 0.695
 
1 , 0 , 16.75 , 0.020 , 1.521 , 0.695
 
2 , 0 , 16.75 , 0.020 , 1.026 , 0.695
 
3 , 0 , 16.75 , 0.020 , 1.025 , 0.695
 
4 , 0 , 16.75 , 0.020 , 1.524 , 0.695
 
5 , 0 , 16.75 , 0.020 , 1.024 , 0.695
 
6 , 0 , 16.75 , 0.020 , 1.025 , 0.695
 
7 , 0 , 16.75 , 0.020 , 1.524 , 0.695
 
8 , 0 , 16.75 , 0.020 , 1.024 , 0.695
 
9 , 0 , 16.75 , 0.020 , 1.024 , 0.695
 
10 , 0 , 16.75 , 0.020 , 1.024 , 0.695
 
11 , 0 , 16.75 , 0.020 , 1.024 , 0.695
 
12 , 0 , 16.75 , 0.020 , 1.526 , 0.695
 
13 , 0 , 16.75 , 0.020 , 1.024 , 0.695
 
14 , 0 , 16.75 , 0.020 , 1.026 , 0.695
 
15 , 0 , 16.75 , 0.020 , 1.032 , 0.695
 
0 , 0 , 17 , 0.020 , 1.030 , 0.695
 
1 , 0 , 17 , 0.020 , 1.025 , 0.695
 
2 , 0 , 17 , 0.020 , 1.024 , 0.695
 
3 , 0 , 17 , 0.020 , 1.516 , 0.695
 
4 , 0 , 17 , 0.020 , 1.529 , 0.695
 
5 , 0 , 17 , 0.020 , 1.026 , 0.695
 
6 , 0 , 17 , 0.020 , 1.024 , 0.695
 
7 , 0 , 17 , 0.020 , 1.528 , 0.695
 
8 , 0 , 17 , 0.020 , 1.024 , 0.695
 
9 , 0 , 17 , 0.020 , 1.027 , 0.695
 
10 , 0 , 17 , 0.020 , 1.024 , 0.695
 
11 , 0 , 17 , 0.020 , 1.024 , 0.695
 
12 , 0 , 17 , 0.020 , 1.522 , 0.695
 
13 , 0 , 17 , 0.020 , 1.032 , 0.695
 
14 , 0 , 17 , 0.020 , 1.024 , 0.695
 
15 , 0 , 17 , 0.020 , 1.026 , 0.695
 
0 , 0 , 17.25 , 0.020 , 1.536 , 0.695
 
1 , 0 , 17.25 , 0.020 , 1.524 , 0.695
 
2 , 0 , 17.25 , 0.020 , 1.032 , 0.695
 
3 , 0 , 17.25 , 0.020 , 1.512 , 0.695
 
4 , 0 , 17.25 , 0.020 , 1.528 , 0.695
 
5 , 0 , 17.25 , 0.020 , 1.526 , 0.695
 
6 , 0 , 17.25 , 0.020 , 1.523 , 0.695
 
7 , 0 , 17.25 , 0.020 , 1.024 , 0.695
 
8 , 0 , 17.25 , 0.020 , 1.033 , 0.695
 
9 , 0 , 17.25 , 0.020 , 1.030 , 0.695
 
10 , 0 , 17.25 , 0.020 , 1.520 , 0.695
 
11 , 0 , 17.25 , 0.020 , 1.027 , 0.695
 
12 , 0 , 17.25 , 0.020 , 1.523 , 0.695
 
13 , 0 , 17.25 , 0.020 , 1.025 , 0.695
 
14 , 0 , 17.25 , 0.020 , 1.040 , 0.695
 
15 , 0 , 17.25 , 0.020 , 1.028 , 0.695
 
0 , 0 , 17.5 , 0.020 , 1.026 , 0.695
 
1 , 0 , 17.5 , 0.020 , 1.025 , 0.695
 
2 , 0 , 17.5 , 0.020 , 1.024 , 0.695
 
3 , 0 , 17.5 , 0.020 , 1.024 , 0.695
 
4 , 0 , 17.5 , 0.020 , 1.528 , 0.695
 
5 , 0 , 17.5 , 0.020 , 1.528 , 0.695
 
6 , 0 , 17.5 , 0.020 , 1.029 , 0.695
 
7 , 0 , 17.5 , 0.020 , 1.528 , 0.695
 
8 , 0 , 17.5 , 0.020 , 1.026 , 0.695
 
9 , 0 , 17.5 , 0.020 , 1.026 , 0.695
 
10 , 0 , 17.5 , 0.020 , 1.516 , 0.695
 
11 , 0 , 17.5 , 0.020 , 1.030 , 0.695
 
12 , 0 , 17.5 , 0.020 , 1.528 , 0.695
 
13 , 0 , 17.5 , 0.020 , 1.521 , 0.695
 
14 , 0 , 17.5 , 0.020 , 1.040 , 0.695
 
15 , 0 , 17.5 , 0.020 , 1.027 , 0.695
 
0 , 0 , 17.75 , 0.020 , 1.528 , 0.695
 
1 , 0 , 17.75 , 0.020 , 1.034 , 0.695
 
2 , 0 , 17.75 , 0.020 , 1.030 , 0.695
 
3 , 0 , 17.75 , 0.020 , 1.024 , 0.695
 
4 , 0 , 17.75 , 0.020 , 1.521 , 0.695
 
5 , 0 , 17.75 , 0.020 , 1.526 , 0.695
 
6 , 0 , 17.75 , 0.020 , 1.024 , 0.695
 
7 , 0 , 17.75 , 0.020 , 1.525 , 0.695
 
8 , 0 , 17.75 , 0.020 , 1.028 , 0.695
 
9 , 0 , 17.75 , 0.020 , 1.024 , 0.695
 
10 , 0 , 17.75 , 0.020 , 1.523 , 0.695
 
11 , 0 , 17.75 , 0.020 , 1.024 , 0.695
 
12 , 0 , 17.75 , 0.020 , 1.524 , 0.695
 
13 , 0 , 17.75 , 0.020 , 1.024 , 0.695
 
14 , 0 , 17.75 , 0.020 , 1.025 , 0.695
 
15 , 0 , 17.75 , 0.020 , 1.024 , 0.695
 
0 , 0 , 18 , 0.020 , 1.030 , 0.695
 
1 , 0 , 18 , 0.020 , 1.025 , 0.695
 
2 , 0 , 18 , 0.020 , 1.519 , 0.695
 
3 , 0 , 18 , 0.020 , 1.024 , 0.695
 
4 , 0 , 18 , 0.020 , 1.521 , 0.695
 
5 , 0 , 18 , 0.020 , 1.520 , 0.695
 
6 , 0 , 18 , 0.020 , 1.030 , 0.695
 
7 , 0 , 18 , 0.020 , 1.528 , 0.695
 
8 , 0 , 18 , 0.020 , 1.024 , 0.695
 
9 , 0 , 18 , 0.020 , 1.024 , 0.695
 
10 , 0 , 18 , 0.020 , 1.024 , 0.695
 
11 , 0 , 18 , 0.020 , 1.035 , 0.695
 
12 , 0 , 18 , 0.020 , 1.521 , 0.695
 
13 , 0 , 18 , 0.020 , 1.024 , 0.695
 
14 , 0 , 18 , 0.020 , 1.024 , 0.695
 
15 , 0 , 18 , 0.020 , 1.034 , 0.695
 
0 , 0 , 18.25 , 0.020 , 1.024 , 0.695
 
1 , 0 , 18.25 , 0.020 , 1.028 , 0.695
 
2 , 0 , 18.25 , 0.020 , 1.029 , 0.695
 
3 , 0 , 18.25 , 0.020 , 1.512 , 0.695
 
4 , 0 , 18.25 , 0.020 , 1.528 , 0.695
 
5 , 0 , 18.25 , 0.020 , 1.520 , 0.695
 
6 , 0 , 18.25 , 0.020 , 1.024 , 0.695
 
7 , 0 , 18.25 , 0.020 , 1.524 , 0.695
 
8 , 0 , 18.25 , 0.020 , 1.024 , 0.695
 
9 , 0 , 18.25 , 0.020 , 1.028 , 0.695
 
10 , 0 , 18.25 , 0.020 , 1.512 , 0.695
 
11 , 0 , 18.25 , 0.020 , 1.032 , 0.695
 
12 , 0 , 18.25 , 0.020 , 1.530 , 0.695
 
13 , 0 , 18.25 , 0.020 , 1.522 , 0.695
 
14 , 0 , 18.25 , 0.020 , 1.024 , 0.695
 
15 , 0 , 18.25 , 0.020 , 1.024 , 0.695
 
0 , 0 , 18.5 , 0.020 , 1.024 , 0.695
 
1 , 0 , 18.5 , 0.020 , 1.524 , 0.695
 
2 , 0 , 18.5 , 0.020 , 1.032 , 0.695
 
3 , 0 , 18.5 , 0.020 , 1.510 , 0.695
 
4 , 0 , 18.5 , 0.020 , 1.528 , 0.695
 
5 , 0 , 18.5 , 0.020 , 1.526 , 0.695
 
6 , 0 , 18.5 , 0.020 , 1.024 , 0.695
 
7 , 0 , 18.5 , 0.020 , 1.528 , 0.695
 
8 , 0 , 18.5 , 0.020 , 1.025 , 0.695
 
9 , 0 , 18.5 , 0.020 , 1.028 , 0.695
 
10 , 0 , 18.5 , 0.020 , 1.524 , 0.695
 
11 , 0 , 18.5 , 0.020 , 1.034 , 0.695
 
12 , 0 , 18.5 , 0.020 , 1.520 , 0.695
 
13 , 0 , 18.5 , 0.020 , 1.026 , 0.695
 
14 , 0 , 18.5 , 0.020 , 1.024 , 0.695
 
15 , 0 , 18.5 , 0.020 , 1.032 , 0.695
 
0 , 0 , 18.75 , 0.020 , 1.522 , 0.695
 
1 , 0 , 18.75 , 0.020 , 1.024 , 0.695
 
2 , 0 , 18.75 , 0.020 , 1.024 , 0.695
 
3 , 0 , 18.75 , 0.020 , 1.510 , 0.695
 
4 , 0 , 18.75 , 0.020 , 1.529 , 0.695
 
5 , 0 , 18.75 , 0.020 , 1.024 , 0.695
 
6 , 0 , 18.75 , 0.020 , 1.531 , 0.695
 
7 , 0 , 18.75 , 0.020 , 1.024 , 0.695
 
8 , 0 , 18.75 , 0.020 , 1.031 , 0.695
 
9 , 0 , 18.75 , 0.020 , 1.026 , 0.695
 
10 , 0 , 18.75 , 0.020 , 1.512 , 0.695
 
11 , 0 , 18.75 , 0.020 , 1.024 , 0.695
 
12 , 0 , 18.75 , 0.020 , 1.528 , 0.695
 
13 , 0 , 18.75 , 0.020 , 1.024 , 0.695
 
14 , 0 , 18.75 , 0.020 , 1.025 , 0.695
 
15 , 0 , 18.75 , 0.020 , 1.024 , 0.695
 
0 , 0 , 19 , 0.020 , 1.032 , 0.695
 
1 , 0 , 19 , 0.020 , 1.024 , 0.695
 
2 , 0 , 19 , 0.020 , 1.025 , 0.695
 
3 , 0 , 19 , 0.020 , 1.026 , 0.695
 
4 , 0 , 19 , 0.020 , 1.524 , 0.695
 
5 , 0 , 19 , 0.020 , 1.528 , 0.695
 
6 , 0 , 19 , 0.020 , 1.024 , 0.695
 
7 , 0 , 19 , 0.020 , 1.528 , 0.695
 
8 , 0 , 19 , 0.020 , 1.024 , 0.695
 
9 , 0 , 19 , 0.020 , 1.024 , 0.695
 
10 , 0 , 19 , 0.020 , 1.520 , 0.695
 
11 , 0 , 19 , 0.020 , 1.032 , 0.695
 
12 , 0 , 19 , 0.020 , 1.509 , 0.695
 
13 , 0 , 19 , 0.020 , 1.032 , 0.695
 
14 , 0 , 19 , 0.020 , 1.034 , 0.695
 
15 , 0 , 19 , 0.020 , 1.032 , 0.695
 
0 , 0 , 19.25 , 0.020 , 1.028 , 0.695
 
1 , 0 , 19.25 , 0.020 , 1.528 , 0.695
 
2 , 0 , 19.25 , 0.020 , 1.024 , 0.695
 
3 , 0 , 19.25 , 0.020 , 1.024 , 0.695
 
4 , 0 , 19.25 , 0.020 , 1.521 , 0.695
 
5 , 0 , 19.25 , 0.020 , 1.024 , 0.695
 
6 , 0 , 19.25 , 0.020 , 1.526 , 0.695
 
7 , 0 , 19.25 , 0.020 , 1.024 , 0.695
 
8 , 0 , 19.25 , 0.020 , 1.024 , 0.695
 
9 , 0 , 19.25 , 0.020 , 1.026 , 0.695
 
10 , 0 , 19.25 , 0.020 , 1.508 , 0.695
 
11 , 0 , 19.25 , 0.020 , 1.024 , 0.695
 
12 , 0 , 19.25 , 0.020 , 1.520 , 0.695
 
13 , 0 , 19.25 , 0.020 , 1.028 , 0.695
 
14 , 0 , 19.25 , 0.020 , 1.024 , 0.695
 
15 , 0 , 19.25 , 0.020 , 1.028 , 0.695
 
0 , 0 , 19.5 , 0.020 , 1.025 , 0.695
 
1 , 0 , 19.5 , 0.020 , 1.024 , 0.695
 
2 , 0 , 19.5 , 0.020 , 1.030 , 0.695
 
3 , 0 , 19.5 , 0.020 , 1.514 , 0.695
 
4 , 0 , 19.5 , 0.020 , 1.522 , 0.695
 
5 , 0 , 19.5 , 0.020 , 1.520 , 0.695
 
6 , 0 , 19.5 , 0.020 , 1.025 , 0.695
 
7 , 0 , 19.5 , 0.020 , 1.024 , 0.695
 
8 , 0 , 19.5 , 0.020 , 1.024 , 0.695
 
9 , 0 , 19.5 , 0.020 , 1.024 , 0.695
 
10 , 0 , 19.5 , 0.020 , 1.025 , 0.695
 
11 , 0 , 19.5 , 0.020 , 1.029 , 0.695
 
12 , 0 , 19.5 , 0.020 , 1.528 , 0.695
 
13 , 0 , 19.5 , 0.020 , 1.024 , 0.695
 
14 , 0 , 19.5 , 0.020 , 1.032 , 0.695
 
15 , 0 , 19.5 , 0.020 , 1.030 , 0.695
 
0 , 0 , 19.75 , 0.020 , 1.529 , 0.695
 
1 , 0 , 19.75 , 0.020 , 1.028 , 0.695
 
2 , 0 , 19.75 , 0.020 , 1.029 , 0.695
 
3 , 0 , 19.75 , 0.020 , 1.504 , 0.695
 
4 , 0 , 19.75 , 0.020 , 1.523 , 0.695
 
5 , 0 , 19.75 , 0.020 , 1.024 , 0.695
 
6 , 0 , 19.75 , 0.020 , 1.530 , 0.695
 
7 , 0 , 19.75 , 0.020 , 1.531 , 0.695
 
8 , 0 , 19.75 , 0.020 , 1.024 , 0.695
 
9 , 0 , 19.75 , 0.020 , 1.028 , 0.695
 
10 , 0 , 19.75 , 0.020 , 1.024 , 0.695
 
11 , 0 , 19.75 , 0.020 , 1.032 , 0.695
 
12 , 0 , 19.75 , 0.020 , 1.521 , 0.695
 
13 , 0 , 19.75 , 0.020 , 1.024 , 0.695
 
14 , 0 , 19.75 , 0.020 , 1.024 , 0.695
 
15 , 0 , 19.75 , 0.020 , 1.027 , 0.695
 
0 , 0 , 20 , 0.020 , 1.028 , 0.695
 
1 , 0 , 20 , 0.020 , 1.024 , 0.695
 
2 , 0 , 20 , 0.020 , 1.026 , 0.695
 
3 , 0 , 20 , 0.020 , 1.030 , 0.695
 
4 , 0 , 20 , 0.020 , 1.529 , 0.695
 
5 , 0 , 20 , 0.020 , 1.520 , 0.695
 
6 , 0 , 20 , 0.020 , 1.024 , 0.695
 
7 , 0 , 20 , 0.020 , 1.529 , 0.695
 
8 , 0 , 20 , 0.020 , 1.035 , 0.695
 
9 , 0 , 20 , 0.020 , 1.030 , 0.695
 
10 , 0 , 20 , 0.020 , 1.520 , 0.695
 
11 , 0 , 20 , 0.020 , 1.024 , 0.695
 
12 , 0 , 20 , 0.020 , 1.525 , 0.695
 
13 , 0 , 20 , 0.020 , 1.512 , 0.695
 
14 , 0 , 20 , 0.020 , 1.029 , 0.695
 
15 , 0 , 20 , 0.020 , 1.027 , 0.695
 
0 , 0 , 20.25 , 0.020 , 1.026 , 0.695
 
1 , 0 , 20.25 , 0.020 , 1.526 , 0.695
 
2 , 0 , 20.25 , 0.020 , 1.024 , 0.695
 
3 , 0 , 20.25 , 0.020 , 1.024 , 0.695
 
4 , 0 , 20.25 , 0.020 , 1.520 , 0.695
 
5 , 0 , 20.25 , 0.020 , 1.029 , 0.695
 
6 , 0 , 20.25 , 0.020 , 1.025 , 0.695
 
7 , 0 , 20.25 , 0.020 , 1.524 , 0.695
 
8 , 0 , 20.25 , 0.020 , 1.028 , 0.695
 
9 , 0 , 20.25 , 0.020 , 1.512 , 0.695
 
10 , 0 , 20.25 , 0.020 , 1.025 , 0.695
 
11 , 0 , 20.25 , 0.020 , 1.025 , 0.695
 
12 , 0 , 20.25 , 0.020 , 1.524 , 0.695
 
13 , 0 , 20.25 , 0.020 , 1.026 , 0.695
 
14 , 0 , 20.25 , 0.020 , 1.028 , 0.695
 
15 , 0 , 20.25 , 0.020 , 1.032 , 0.695
 
0 , 0 , 20.5 , 0.020 , 1.028 , 0.695
 
1 , 0 , 20.5 , 0.020 , 1.024 , 0.695
 
2 , 0 , 20.5 , 0.020 , 1.024 , 0.695
 
3 , 0 , 20.5 , 0.020 , 1.512 , 0.695
 
4 , 0 , 20.5 , 0.020 , 1.529 , 0.695
 
5 , 0 , 20.5 , 0.020 , 1.530 , 0.695
 
6 , 0 , 20.5 , 0.020 , 1.024 , 0.695
 
7 , 0 , 20.5 , 0.020 , 1.024 , 0.695
 
8 , 0 , 20.5 , 0.020 , 1.028 , 0.695
 
9 , 0 , 20.5 , 0.020 , 1.032 , 0.695
 
10 , 0 , 20.5 , 0.020 , 1.024 , 0.695
 
11 , 0 , 20.5 , 0.020 , 1.026 , 0.695
 
12 , 0 , 20.5 , 0.020 , 1.024 , 0.695
 
13 , 0 , 20.5 , 0.020 , 1.026 , 0.695
 
14 , 0 , 20.5 , 0.020 , 1.025 , 0.695
 
15 , 0 , 20.5 , 0.020 , 1.033 , 0.695
 
0 , 0 , 20.75 , 0.020 , 1.532 , 0.695
 
1 , 0 , 20.75 , 0.020 , 1.024 , 0.695
 
2 , 0 , 20.75 , 0.020 , 1.024 , 0.695
 
3 , 0 , 20.75 , 0.020 , 1.028 , 0.695
 
4 , 0 , 20.75 , 0.020 , 1.533 , 0.695
 
5 , 0 , 20.75 , 0.020 , 1.027 , 0.695
 
6 , 0 , 20.75 , 0.020 , 1.520 , 0.695
 
7 , 0 , 20.75 , 0.020 , 1.025 , 0.695
 
8 , 0 , 20.75 , 0.020 , 1.027 , 0.695
 
9 , 0 , 20.75 , 0.020 , 1.513 , 0.695
 
10 , 0 , 20.75 , 0.020 , 1.520 , 0.695
 
11 , 0 , 20.75 , 0.020 , 1.024 , 0.695
 
12 , 0 , 20.75 , 0.020 , 1.522 , 0.695
 
13 , 0 , 20.75 , 0.020 , 1.024 , 0.695
 
14 , 0 , 20.75 , 0.020 , 1.028 , 0.695
 
15 , 0 , 20.75 , 0.020 , 1.024 , 0.695
 
0 , 0 , 21 , 0.020 , 1.032 , 0.695
 
1 , 0 , 21 , 0.020 , 1.524 , 0.695
 
2 , 0 , 21 , 0.020 , 1.033 , 0.695
 
3 , 0 , 21 , 0.020 , 1.512 , 0.695
 
4 , 0 , 21 , 0.020 , 1.532 , 0.695
 
5 , 0 , 21 , 0.020 , 1.528 , 0.695
 
6 , 0 , 21 , 0.020 , 1.526 , 0.695
 
7 , 0 , 21 , 0.020 , 1.522 , 0.695
 
8 , 0 , 21 , 0.020 , 1.032 , 0.695
 
9 , 0 , 21 , 0.020 , 1.032 , 0.695
 
10 , 0 , 21 , 0.020 , 1.525 , 0.695
 
11 , 0 , 21 , 0.020 , 1.033 , 0.695
 
12 , 0 , 21 , 0.020 , 1.030 , 0.695
 
13 , 0 , 21 , 0.020 , 1.025 , 0.695
 
14 , 0 , 21 , 0.020 , 1.024 , 0.695
 
15 , 0 , 21 , 0.020 , 1.034 , 0.695
 
0 , 0 , 21.25 , 0.020 , 1.528 , 0.695
 
1 , 0 , 21.25 , 0.020 , 1.030 , 0.695
 
2 , 0 , 21.25 , 0.020 , 1.032 , 0.695
 
3 , 0 , 21.25 , 0.020 , 1.513 , 0.695
 
4 , 0 , 21.25 , 0.020 , 1.529 , 0.695
 
5 , 0 , 21.25 , 0.020 , 1.024 , 0.695
 
6 , 0 , 21.25 , 0.020 , 1.534 , 0.695
 
7 , 0 , 21.25 , 0.020 , 1.533 , 0.695
 
8 , 0 , 21.25 , 0.020 , 1.028 , 0.695
 
9 , 0 , 21.25 , 0.020 , 1.026 , 0.695
 
10 , 0 , 21.25 , 0.020 , 1.024 , 0.695
 
11 , 0 , 21.25 , 0.020 , 1.027 , 0.695
 
12 , 0 , 21.25 , 0.020 , 1.504 , 0.695
 
13 , 0 , 21.25 , 0.020 , 1.520 , 0.695
 
14 , 0 , 21.25 , 0.020 , 1.032 , 0.695
 
15 , 0 , 21.25 , 0.020 , 1.028 , 0.695
 
0 , 0 , 21.5 , 0.020 , 1.026 , 0.695
 
1 , 0 , 21.5 , 0.020 , 1.028 , 0.695
 
2 , 0 , 21.5 , 0.020 , 1.024 , 0.695
 
3 , 0 , 21.5 , 0.020 , 1.513 , 0.695
 
4 , 0 , 21.5 , 0.020 , 1.531 , 0.695
 
5 , 0 , 21.5 , 0.020 , 1.529 , 0.695
 
6 , 0 , 21.5 , 0.020 , 1.026 , 0.695
 
7 , 0 , 21.5 , 0.020 , 1.024 , 0.695
 
8 , 0 , 21.5 , 0.020 , 1.031 , 0.695
 
9 , 0 , 21.5 , 0.020 , 1.518 , 0.695
 
10 , 0 , 21.5 , 0.020 , 1.505 , 0.695
 
11 , 0 , 21.5 , 0.020 , 1.025 , 0.695
 
12 , 0 , 21.5 , 0.020 , 1.520 , 0.695
 
13 , 0 , 21.5 , 0.020 , 1.522 , 0.695
 
14 , 0 , 21.5 , 0.020 , 1.024 , 0.695
 
15 , 0 , 21.5 , 0.020 , 1.024 , 0.695
 
0 , 0 , 21.75 , 0.020 , 1.026 , 0.695
 
1 , 0 , 21.75 , 0.020 , 1.024 , 0.695
 
2 , 0 , 21.75 , 0.020 , 1.026 , 0.695
 
3 , 0 , 21.75 , 0.020 , 1.513 , 0.695
 
4 , 0 , 21.75 , 0.020 , 1.524 , 0.695
 
5 , 0 , 21.75 , 0.020 , 1.528 , 0.695
 
6 , 0 , 21.75 , 0.020 , 1.024 , 0.695
 
7 , 0 , 21.75 , 0.020 , 1.530 , 0.695
 
8 , 0 , 21.75 , 0.020 , 1.028 , 0.695
 
9 , 0 , 21.75 , 0.020 , 1.026 , 0.695
 
10 , 0 , 21.75 , 0.020 , 1.512 , 0.695
 
11 , 0 , 21.75 , 0.020 , 1.034 , 0.695
 
12 , 0 , 21.75 , 0.020 , 1.520 , 0.695
 
13 , 0 , 21.75 , 0.020 , 1.025 , 0.695
 
14 , 0 , 21.75 , 0.020 , 1.032 , 0.695
 
15 , 0 , 21.75 , 0.020 , 1.025 , 0.695
 
0 , 0 , 22 , 0.020 , 1.024 , 0.695
 
1 , 0 , 22 , 0.020 , 1.026 , 0.695
 
2 , 0 , 22 , 0.020 , 1.026 , 0.695
 
3 , 0 , 22 , 0.020 , 1.516 , 0.695
 
4 , 0 , 22 , 0.020 , 1.524 , 0.695
 
5 , 0 , 22 , 0.020 , 1.524 , 0.695
 
6 , 0 , 22 , 0.020 , 1.524 , 0.695
 
7 , 0 , 22 , 0.020 , 1.024 , 0.695
 
8 , 0 , 22 , 0.020 , 1.027 , 0.695
 
9 , 0 , 22 , 0.020 , 1.025 , 0.695
 
10 , 0 , 22 , 0.020 , 1.521 , 0.695
 
11 , 0 , 22 , 0.020 , 1.029 , 0.695
 
12 , 0 , 22 , 0.020 , 1.524 , 0.695
 
13 , 0 , 22 , 0.020 , 1.026 , 0.695
 
14 , 0 , 22 , 0.020 , 1.528 , 0.695
 
15 , 0 , 22 , 0.020 , 1.032 , 0.695
 
0 , 0 , 22.25 , 0.020 , 1.024 , 0.695
 
1 , 0 , 22.25 , 0.020 , 1.024 , 0.695
 
2 , 0 , 22.25 , 0.020 , 1.024 , 0.695
 
3 , 0 , 22.25 , 0.020 , 1.024 , 0.695
 
4 , 0 , 22.25 , 0.020 , 1.526 , 0.695
 
5 , 0 , 22.25 , 0.020 , 1.027 , 0.695
 
6 , 0 , 22.25 , 0.020 , 1.522 , 0.695
 
7 , 0 , 22.25 , 0.020 , 1.025 , 0.695
 
8 , 0 , 22.25 , 0.020 , 1.032 , 0.695
 
9 , 0 , 22.25 , 0.020 , 1.026 , 0.695
 
10 , 0 , 22.25 , 0.020 , 1.524 , 0.695
 
11 , 0 , 22.25 , 0.020 , 1.032 , 0.695
 
12 , 0 , 22.25 , 0.020 , 1.520 , 0.695
 
13 , 0 , 22.25 , 0.020 , 1.034 , 0.695
 
14 , 0 , 22.25 , 0.020 , 1.024 , 0.695
 
15 , 0 , 22.25 , 0.020 , 1.036 , 0.695
 
0 , 0 , 22.5 , 0.020 , 1.025 , 0.695
 
1 , 0 , 22.5 , 0.020 , 1.028 , 0.695
 
2 , 0 , 22.5 , 0.020 , 1.515 , 0.695
 
3 , 0 , 22.5 , 0.020 , 1.512 , 0.695
 
4 , 0 , 22.5 , 0.020 , 1.520 , 0.695
 
5 , 0 , 22.5 , 0.020 , 1.526 , 0.695
 
6 , 0 , 22.5 , 0.020 , 1.528 , 0.695
 
7 , 0 , 22.5 , 0.020 , 1.528 , 0.695
 
8 , 0 , 22.5 , 0.020 , 1.026 , 0.695
 
9 , 0 , 22.5 , 0.020 , 1.028 , 0.695
 
10 , 0 , 22.5 , 0.020 , 1.522 , 0.695
 
11 , 0 , 22.5 , 0.020 , 1.025 , 0.695
 
12 , 0 , 22.5 , 0.020 , 1.528 , 0.695
 
13 , 0 , 22.5 , 0.020 , 1.024 , 0.695
 
14 , 0 , 22.5 , 0.020 , 1.025 , 0.695
 
15 , 0 , 22.5 , 0.020 , 1.036 , 0.695
 
0 , 0 , 22.75 , 0.020 , 1.024 , 0.695
 
1 , 0 , 22.75 , 0.020 , 1.521 , 0.695
 
2 , 0 , 22.75 , 0.020 , 1.024 , 0.695
 
3 , 0 , 22.75 , 0.020 , 1.024 , 0.695
 
4 , 0 , 22.75 , 0.020 , 1.532 , 0.695
 
5 , 0 , 22.75 , 0.020 , 1.532 , 0.695
 
6 , 0 , 22.75 , 0.020 , 1.526 , 0.695
 
7 , 0 , 22.75 , 0.020 , 1.024 , 0.695
 
8 , 0 , 22.75 , 0.020 , 1.024 , 0.695
 
9 , 0 , 22.75 , 0.020 , 1.030 , 0.695
 
10 , 0 , 22.75 , 0.020 , 1.521 , 0.695
 
11 , 0 , 22.75 , 0.020 , 1.024 , 0.695
 
12 , 0 , 22.75 , 0.020 , 1.520 , 0.695
 
13 , 0 , 22.75 , 0.020 , 1.025 , 0.695
 
14 , 0 , 22.75 , 0.020 , 1.024 , 0.695
 
15 , 0 , 22.75 , 0.020 , 1.028 , 0.695
 
0 , 0 , 23 , 0.020 , 1.028 , 0.695
 
1 , 0 , 23 , 0.020 , 1.024 , 0.695
 
2 , 0 , 23 , 0.020 , 1.026 , 0.695
 
3 , 0 , 23 , 0.020 , 1.512 , 0.695
 
4 , 0 , 23 , 0.020 , 1.520 , 0.695
 
5 , 0 , 23 , 0.020 , 1.536 , 0.695
 
6 , 0 , 23 , 0.020 , 1.024 , 0.695
 
7 , 0 , 23 , 0.020 , 1.024 , 0.695
 
8 , 0 , 23 , 0.020 , 1.032 , 0.695
 
9 , 0 , 23 , 0.020 , 1.032 , 0.695
 
10 , 0 , 23 , 0.020 , 1.512 , 0.695
 
11 , 0 , 23 , 0.020 , 1.028 , 0.695
 
12 , 0 , 23 , 0.020 , 1.532 , 0.695
 
13 , 0 , 23 , 0.020 , 1.028 , 0.695
 
14 , 0 , 23 , 0.020 , 1.024 , 0.695
 
15 , 0 , 23 , 0.020 , 1.027 , 0.695
 
0 , 0 , 23.25 , 0.020 , 1.028 , 0.695
 
1 , 0 , 23.25 , 0.020 , 1.024 , 0.695
 
2 , 0 , 23.25 , 0.020 , 1.026 , 0.695
 
3 , 0 , 23.25 , 0.020 , 1.506 , 0.695
 
4 , 0 , 23.25 , 0.020 , 1.534 , 0.695
 
5 , 0 , 23.25 , 0.020 , 1.024 , 0.695
 
6 , 0 , 23.25 , 0.020 , 1.024 , 0.695
 
7 , 0 , 23.25 , 0.020 , 1.025 , 0.695
 
8 , 0 , 23.25 , 0.020 , 1.024 , 0.695
 
9 , 0 , 23.25 , 0.020 , 1.029 , 0.695
 
10 , 0 , 23.25 , 0.020 , 1.512 , 0.695
 
11 , 0 , 23.25 , 0.020 , 1.032 , 0.695
 
12 , 0 , 23.25 , 0.020 , 1.531 , 0.695
 
13 , 0 , 23.25 , 0.020 , 1.026 , 0.695
 
14 , 0 , 23.25 , 0.020 , 1.028 , 0.695
 
15 , 0 , 23.25 , 0.020 , 1.026 , 0.695
 
0 , 0 , 23.5 , 0.020 , 1.028 , 0.695
 
1 , 0 , 23.5 , 0.020 , 1.521 , 0.695
 
2 , 0 , 23.5 , 0.020 , 1.026 , 0.695
 
3 , 0 , 23.5 , 0.020 , 1.024 , 0.695
 
4 , 0 , 23.5 , 0.020 , 1.520 , 0.695
 
5 , 0 , 23.5 , 0.020 , 1.524 , 0.695
 
6 , 0 , 23.5 , 0.020 , 1.535 , 0.695
 
7 , 0 , 23.5 , 0.020 , 1.024 , 0.695
 
8 , 0 , 23.5 , 0.020 , 1.025 , 0.695
 
9 , 0 , 23.5 , 0.020 , 1.026 , 0.695
 
10 , 0 , 23.5 , 0.020 , 1.512 , 0.695
 
11 , 0 , 23.5 , 0.020 , 1.031 , 0.695
 
12 , 0 , 23.5 , 0.020 , 1.527 , 0.695
 
13 , 0 , 23.5 , 0.020 , 1.025 , 0.695
 
14 , 0 , 23.5 , 0.020 , 1.026 , 0.695
 
15 , 0 , 23.5 , 0.020 , 1.032 , 0.695
 
0 , 0 , 23.75 , 0.020 , 1.024 , 0.695
 
1 , 0 , 23.75 , 0.020 , 1.026 , 0.695
 
2 , 0 , 23.75 , 0.020 , 1.025 , 0.695
 
3 , 0 , 23.75 , 0.020 , 1.514 , 0.695
 
4 , 0 , 23.75 , 0.020 , 1.522 , 0.695
 
5 , 0 , 23.75 , 0.020 , 1.528 , 0.695
 
6 , 0 , 23.75 , 0.020 , 1.025 , 0.695
 
7 , 0 , 23.75 , 0.020 , 1.530 , 0.695
 
8 , 0 , 23.75 , 0.020 , 1.034 , 0.695
 
9 , 0 , 23.75 , 0.020 , 1.029 , 0.695
 
10 , 0 , 23.75 , 0.020 , 1.520 , 0.695
 
11 , 0 , 23.75 , 0.020 , 1.025 , 0.695
 
12 , 0 , 23.75 , 0.020 , 1.525 , 0.695
 
13 , 0 , 23.75 , 0.020 , 1.031 , 0.695
 
14 , 0 , 23.75 , 0.020 , 1.024 , 0.695
 
15 , 0 , 23.75 , 0.020 , 1.032 , 0.695
 
0 , 0 , 24 , 0.020 , 1.024 , 0.695
 
1 , 0 , 24 , 0.020 , 1.528 , 0.695
 
2 , 0 , 24 , 0.020 , 1.024 , 0.695
 
3 , 0 , 24 , 0.020 , 1.513 , 0.695
 
4 , 0 , 24 , 0.020 , 1.523 , 0.695
 
5 , 0 , 24 , 0.020 , 1.024 , 0.695
 
6 , 0 , 24 , 0.020 , 1.024 , 0.695
 
7 , 0 , 24 , 0.020 , 1.024 , 0.695
 
8 , 0 , 24 , 0.020 , 1.032 , 0.695
 
9 , 0 , 24 , 0.020 , 1.027 , 0.695
 
10 , 0 , 24 , 0.020 , 1.513 , 0.695
 
11 , 0 , 24 , 0.020 , 1.024 , 0.695
 
12 , 0 , 24 , 0.020 , 1.528 , 0.695
 
13 , 0 , 24 , 0.020 , 1.024 , 0.695
 
14 , 0 , 24 , 0.020 , 1.031 , 0.695
 
15 , 0 , 24 , 0.020 , 1.032 , 0.695
 
0 , 0 , 24.25 , 0.020 , 1.024 , 0.695
 
1 , 0 , 24.25 , 0.020 , 1.025 , 0.695
 
2 , 0 , 24.25 , 0.020 , 1.030 , 0.695
 
3 , 0 , 24.25 , 0.020 , 1.024 , 0.695
 
4 , 0 , 24.25 , 0.020 , 1.528 , 0.695
 
5 , 0 , 24.25 , 0.020 , 1.529 , 0.695
 
6 , 0 , 24.25 , 0.020 , 1.530 , 0.695
 
7 , 0 , 24.25 , 0.020 , 1.530 , 0.695
 
8 , 0 , 24.25 , 0.020 , 1.032 , 0.695
 
9 , 0 , 24.25 , 0.020 , 1.024 , 0.695
 
10 , 0 , 24.25 , 0.020 , 1.520 , 0.695
 
11 , 0 , 24.25 , 0.020 , 1.025 , 0.695
 
12 , 0 , 24.25 , 0.020 , 1.520 , 0.695
 
13 , 0 , 24.25 , 0.020 , 1.025 , 0.695
 
14 , 0 , 24.25 , 0.020 , 1.033 , 0.695
 
15 , 0 , 24.25 , 0.020 , 1.034 , 0.695
 
0 , 0 , 24.5 , 0.020 , 1.024 , 0.695
 
1 , 0 , 24.5 , 0.020 , 1.522 , 0.695
 
2 , 0 , 24.5 , 0.020 , 1.029 , 0.695
 
3 , 0 , 24.5 , 0.020 , 1.024 , 0.695
 
4 , 0 , 24.5 , 0.020 , 1.528 , 0.695
 
5 , 0 , 24.5 , 0.020 , 1.026 , 0.695
 
6 , 0 , 24.5 , 0.020 , 1.526 , 0.695
 
7 , 0 , 24.5 , 0.020 , 1.534 , 0.695
 
8 , 0 , 24.5 , 0.020 , 1.024 , 0.695
 
9 , 0 , 24.5 , 0.020 , 1.026 , 0.695
 
10 , 0 , 24.5 , 0.020 , 1.516 , 0.695
 
11 , 0 , 24.5 , 0.020 , 1.036 , 0.695
 
12 , 0 , 24.5 , 0.020 , 1.521 , 0.695
 
13 , 0 , 24.5 , 0.020 , 1.025 , 0.695
 
14 , 0 , 24.5 , 0.020 , 1.024 , 0.695
 
15 , 0 , 24.5 , 0.020 , 1.024 , 0.695
 
0 , 0 , 24.75 , 0.020 , 1.024 , 0.695
 
1 , 0 , 24.75 , 0.020 , 1.025 , 0.695
 
2 , 0 , 24.75 , 0.020 , 1.024 , 0.695
 
3 , 0 , 24.75 , 0.020 , 1.024 , 0.695
 
4 , 0 , 24.75 , 0.020 , 1.528 , 0.695
 
5 , 0 , 24.75 , 0.020 , 1.521 , 0.695
 
6 , 0 , 24.75 , 0.020 , 1.024 , 0.695
 
7 , 0 , 24.75 , 0.020 , 1.536 , 0.695
 
8 , 0 , 24.75 , 0.020 , 1.025 , 0.695
 
9 , 0 , 24.75 , 0.020 , 1.506 , 0.695
 
10 , 0 , 24.75 , 0.020 , 1.520 , 0.695
 
11 , 0 , 24.75 , 0.020 , 1.024 , 0.695
 
12 , 0 , 24.75 , 0.020 , 1.528 , 0.695
 
13 , 0 , 24.75 , 0.020 , 1.027 , 0.695
 
14 , 0 , 24.75 , 0.020 , 1.028 , 0.695
 
15 , 0 , 24.75 , 0.020 , 1.026 , 0.695
 
0 , 0 , 25 , 0.020 , 1.024 , 0.695
 
1 , 0 , 25 , 0.020 , 1.024 , 0.695
 
2 , 0 , 25 , 0.020 , 1.028 , 0.695
 
3 , 0 , 25 , 0.020 , 1.509 , 0.695
 
4 , 0 , 25 , 0.020 , 1.522 , 0.695
 
5 , 0 , 25 , 0.020 , 1.024 , 0.695
 
6 , 0 , 25 , 0.020 , 1.532 , 0.695
 
7 , 0 , 25 , 0.020 , 1.532 , 0.695
 
8 , 0 , 25 , 0.020 , 1.024 , 0.695
 
9 , 0 , 25 , 0.020 , 1.024 , 0.695
 
10 , 0 , 25 , 0.020 , 1.521 , 0.695
 
11 , 0 , 25 , 0.020 , 1.026 , 0.695
 
12 , 0 , 25 , 0.020 , 1.520 , 0.695
 
13 , 0 , 25 , 0.020 , 1.026 , 0.695
 
14 , 0 , 25 , 0.020 , 1.032 , 0.695
 
15 , 0 , 25 , 0.020 , 1.032 , 0.695
 
0 , 0 , 25.25 , 0.020 , 1.024 , 0.695
 
1 , 0 , 25.25 , 0.020 , 1.024 , 0.695
 
2 , 0 , 25.25 , 0.020 , 1.026 , 0.695
 
3 , 0 , 25.25 , 0.020 , 1.504 , 0.695
 
4 , 0 , 25.25 , 0.020 , 1.024 , 0.695
 
5 , 0 , 25.25 , 0.020 , 1.025 , 0.695
 
6 , 0 , 25.25 , 0.020 , 1.028 , 0.695
 
7 , 0 , 25.25 , 0.020 , 1.533 , 0.695
 
8 , 0 , 25.25 , 0.020 , 1.024 , 0.695
 
9 , 0 , 25.25 , 0.020 , 1.032 , 0.695
 
10 , 0 , 25.25 , 0.020 , 1.512 , 0.695
 
11 , 0 , 25.25 , 0.020 , 1.035 , 0.695
 
12 , 0 , 25.25 , 0.020 , 1.520 , 0.695
 
13 , 0 , 25.25 , 0.020 , 1.026 , 0.695
 
14 , 0 , 25.25 , 0.020 , 1.025 , 0.695
 
15 , 0 , 25.25 , 0.020 , 1.024 , 0.695
 
0 , 0 , 25.5 , 0.020 , 1.027 , 0.695
 
1 , 0 , 25.5 , 0.020 , 1.522 , 0.695
 
2 , 0 , 25.5 , 0.020 , 1.026 , 0.695
 
3 , 0 , 25.5 , 0.020 , 1.505 , 0.695
 
4 , 0 , 25.5 , 0.020 , 1.524 , 0.695
 
5 , 0 , 25.5 , 0.020 , 1.523 , 0.695
 
6 , 0 , 25.5 , 0.020 , 1.522 , 0.695
 
7 , 0 , 25.5 , 0.020 , 1.531 , 0.695
 
8 , 0 , 25.5 , 0.020 , 1.032 , 0.695
 
9 , 0 , 25.5 , 0.020 , 1.026 , 0.695
 
10 , 0 , 25.5 , 0.020 , 1.513 , 0.695
 
11 , 0 , 25.5 , 0.020 , 1.024 , 0.695
 
12 , 0 , 25.5 , 0.020 , 1.522 , 0.695
 
13 , 0 , 25.5 , 0.020 , 1.524 , 0.695
 
14 , 0 , 25.5 , 0.020 , 1.028 , 0.695
 
15 , 0 , 25.5 , 0.020 , 1.032 , 0.695
 
0 , 0 , 25.75 , 0.020 , 1.024 , 0.695
 
1 , 0 , 25.75 , 0.020 , 1.024 , 0.695
 
2 , 0 , 25.75 , 0.020 , 1.026 , 0.695
 
3 , 0 , 25.75 , 0.020 , 1.025 , 0.695
 
4 , 0 , 25.75 , 0.020 , 1.027 , 0.695
 
5 , 0 , 25.75 , 0.020 , 1.024 , 0.695
 
6 , 0 , 25.75 , 0.020 , 1.528 , 0.695
 
7 , 0 , 25.75 , 0.020 , 1.024 , 0.695
 
8 , 0 , 25.75 , 0.020 , 1.028 , 0.695
 
9 , 0 , 25.75 , 0.020 , 1.028 , 0.695
 
10 , 0 , 25.75 , 0.020 , 1.024 , 0.695
 
11 , 0 , 25.75 , 0.020 , 1.033 , 0.695
 
12 , 0 , 25.75 , 0.020 , 1.528 , 0.695
 
13 , 0 , 25.75 , 0.020 , 1.029 , 0.695
 
14 , 0 , 25.75 , 0.020 , 1.024 , 0.695
 
15 , 0 , 25.75 , 0.020 , 1.029 , 0.695
 
0 , 0 , 26 , 0.020 , 1.030 , 0.695
 
1 , 0 , 26 , 0.020 , 1.024 , 0.695
 
2 , 0 , 26 , 0.020 , 1.025 , 0.695
 
3 , 0 , 26 , 0.020 , 1.024 , 0.695
 
4 , 0 , 26 , 0.020 , 1.528 , 0.695
 
5 , 0 , 26 , 0.020 , 1.024 , 0.695
 
6 , 0 , 26 , 0.020 , 1.525 , 0.695
 
7 , 0 , 26 , 0.020 , 1.024 , 0.695
 
8 , 0 , 26 , 0.020 , 1.033 , 0.695
 
9 , 0 , 26 , 0.020 , 1.513 , 0.695
 
10 , 0 , 26 , 0.020 , 1.511 , 0.695
 
11 , 0 , 26 , 0.020 , 1.036 , 0.695
 
12 , 0 , 26 , 0.020 , 1.526 , 0.695
 
13 , 0 , 26 , 0.020 , 1.028 , 0.695
 
14 , 0 , 26 , 0.020 , 1.032 , 0.695
 
15 , 0 , 26 , 0.020 , 1.024 , 0.695
 
0 , 0 , 26.25 , 0.020 , 1.024 , 0.695
 
1 , 0 , 26.25 , 0.020 , 1.026 , 0.695
 
2 , 0 , 26.25 , 0.020 , 1.024 , 0.695
 
3 , 0 , 26.25 , 0.020 , 1.517 , 0.695
 
4 , 0 , 26.25 , 0.020 , 1.024 , 0.695
 
5 , 0 , 26.25 , 0.020 , 1.520 , 0.695
 
6 , 0 , 26.25 , 0.020 , 1.024 , 0.695
 
7 , 0 , 26.25 , 0.020 , 1.530 , 0.695
 
8 , 0 , 26.25 , 0.020 , 1.024 , 0.695
 
9 , 0 , 26.25 , 0.020 , 1.024 , 0.695
 
10 , 0 , 26.25 , 0.020 , 1.522 , 0.695
 
11 , 0 , 26.25 , 0.020 , 1.033 , 0.695
 
12 , 0 , 26.25 , 0.020 , 1.522 , 0.695
 
13 , 0 , 26.25 , 0.020 , 1.026 , 0.695
 
14 , 0 , 26.25 , 0.020 , 1.026 , 0.695
 
15 , 0 , 26.25 , 0.020 , 1.024 , 0.695
 
0 , 0 , 26.5 , 0.020 , 1.024 , 0.695
 
1 , 0 , 26.5 , 0.020 , 1.520 , 0.695
 
2 , 0 , 26.5 , 0.020 , 1.038 , 0.695
 
3 , 0 , 26.5 , 0.020 , 1.029 , 0.695
 
4 , 0 , 26.5 , 0.020 , 1.534 , 0.695
 
5 , 0 , 26.5 , 0.020 , 1.024 , 0.695
 
6 , 0 , 26.5 , 0.020 , 1.526 , 0.695
 
7 , 0 , 26.5 , 0.020 , 1.026 , 0.695
 
8 , 0 , 26.5 , 0.020 , 1.028 , 0.695
 
9 , 0 , 26.5 , 0.020 , 1.028 , 0.695
 
10 , 0 , 26.5 , 0.020 , 1.516 , 0.695
 
11 , 0 , 26.5 , 0.020 , 1.024 , 0.695
 
12 , 0 , 26.5 , 0.020 , 1.528 , 0.695
 
13 , 0 , 26.5 , 0.020 , 1.520 , 0.695
 
14 , 0 , 26.5 , 0.020 , 1.027 , 0.695
 
15 , 0 , 26.5 , 0.020 , 1.032 , 0.695
 
0 , 0 , 26.75 , 0.020 , 1.032 , 0.695
 
1 , 0 , 26.75 , 0.020 , 1.521 , 0.695
 
2 , 0 , 26.75 , 0.020 , 1.025 , 0.695
 
3 , 0 , 26.75 , 0.020 , 1.513 , 0.695
 
4 , 0 , 26.75 , 0.020 , 1.530 , 0.695
 
5 , 0 , 26.75 , 0.020 , 1.529 , 0.695
 
6 , 0 , 26.75 , 0.020 , 1.024 , 0.695
 
7 , 0 , 26.75 , 0.020 , 1.528 , 0.695
 
8 , 0 , 26.75 , 0.020 , 1.029 , 0.695
 
9 , 0 , 26.75 , 0.020 , 1.028 , 0.695
 
10 , 0 , 26.75 , 0.020 , 1.024 , 0.695
 
11 , 0 , 26.75 , 0.020 , 1.040 , 0.695
 
12 , 0 , 26.75 , 0.020 , 1.528 , 0.695
 
13 , 0 , 26.75 , 0.020 , 1.024 , 0.695
 
14 , 0 , 26.75 , 0.020 , 1.030 , 0.695
 
15 , 0 , 26.75 , 0.020 , 1.033 , 0.695
 
0 , 0 , 27 , 0.020 , 1.024 , 0.695
 
1 , 0 , 27 , 0.020 , 1.024 , 0.695
 
2 , 0 , 27 , 0.020 , 1.025 , 0.695
 
3 , 0 , 27 , 0.020 , 1.512 , 0.695
 
4 , 0 , 27 , 0.020 , 1.521 , 0.695
 
5 , 0 , 27 , 0.020 , 1.026 , 0.695
 
6 , 0 , 27 , 0.020 , 1.530 , 0.695
 
7 , 0 , 27 , 0.020 , 1.528 , 0.695
 
8 , 0 , 27 , 0.020 , 1.032 , 0.695
 
9 , 0 , 27 , 0.020 , 1.029 , 0.695
 
10 , 0 , 27 , 0.020 , 1.522 , 0.695
 
11 , 0 , 27 , 0.020 , 1.035 , 0.695
 
12 , 0 , 27 , 0.020 , 1.520 , 0.695
 
13 , 0 , 27 , 0.020 , 1.529 , 0.695
 
14 , 0 , 27 , 0.020 , 1.028 , 0.695
 
15 , 0 , 27 , 0.020 , 1.034 , 0.695
 
0 , 0 , 27.25 , 0.020 , 1.032 , 0.695
 
1 , 0 , 27.25 , 0.020 , 1.521 , 0.695
 
2 , 0 , 27.25 , 0.020 , 1.028 , 0.695
 
3 , 0 , 27.25 , 0.020 , 1.512 , 0.695
 
4 , 0 , 27.25 , 0.020 , 1.528 , 0.695
 
5 , 0 , 27.25 , 0.020 , 1.528 , 0.695
 
6 , 0 , 27.25 , 0.020 , 1.026 , 0.695
 
7 , 0 , 27.25 , 0.020 , 1.520 , 0.695
 
8 , 0 , 27.25 , 0.020 , 1.025 , 0.695
 
9 , 0 , 27.25 , 0.020 , 1.026 , 0.695
 
10 , 0 , 27.25 , 0.020 , 1.517 , 0.695
 
11 , 0 , 27.25 , 0.020 , 1.025 , 0.695
 
12 , 0 , 27.25 , 0.020 , 1.524 , 0.695
 
13 , 0 , 27.25 , 0.020 , 1.026 , 0.695
 
14 , 0 , 27.25 , 0.020 , 1.024 , 0.695
 
15 , 0 , 27.25 , 0.020 , 1.028 , 0.695
 
0 , 0 , 27.5 , 0.020 , 1.026 , 0.695
 
1 , 0 , 27.5 , 0.020 , 1.028 , 0.695
 
2 , 0 , 27.5 , 0.020 , 1.025 , 0.695
 
3 , 0 , 27.5 , 0.020 , 1.510 , 0.695
 
4 , 0 , 27.5 , 0.020 , 1.520 , 0.695
 
5 , 0 , 27.5 , 0.020 , 1.529 , 0.695
 
6 , 0 , 27.5 , 0.020 , 1.024 , 0.695
 
7 , 0 , 27.5 , 0.020 , 1.528 , 0.695
 
8 , 0 , 27.5 , 0.020 , 1.024 , 0.695
 
9 , 0 , 27.5 , 0.020 , 1.033 , 0.695
 
10 , 0 , 27.5 , 0.020 , 1.516 , 0.695
 
11 , 0 , 27.5 , 0.020 , 1.024 , 0.695
 
12 , 0 , 27.5 , 0.020 , 1.026 , 0.695
 
13 , 0 , 27.5 , 0.020 , 1.024 , 0.695
 
14 , 0 , 27.5 , 0.020 , 1.024 , 0.695
 
15 , 0 , 27.5 , 0.020 , 1.036 , 0.695
 
0 , 0 , 27.75 , 0.020 , 1.024 , 0.695
 
1 , 0 , 27.75 , 0.020 , 1.026 , 0.695
 
2 , 0 , 27.75 , 0.020 , 1.025 , 0.695
 
3 , 0 , 27.75 , 0.020 , 1.509 , 0.695
 
4 , 0 , 27.75 , 0.020 , 1.528 , 0.695
 
5 , 0 , 27.75 , 0.020 , 1.524 , 0.695
 
6 , 0 , 27.75 , 0.020 , 1.534 , 0.695
 
7 , 0 , 27.75 , 0.020 , 1.025 , 0.695
 
8 , 0 , 27.75 , 0.020 , 1.028 , 0.695
 
9 , 0 , 27.75 , 0.020 , 1.510 , 0.695
 
10 , 0 , 27.75 , 0.020 , 1.514 , 0.695
 
11 , 0 , 27.75 , 0.020 , 1.037 , 0.695
 
12 , 0 , 27.75 , 0.020 , 1.527 , 0.695
 
13 , 0 , 27.75 , 0.020 , 1.026 , 0.695
 
14 , 0 , 27.75 , 0.020 , 1.024 , 0.695
 
15 , 0 , 27.75 , 0.020 , 1.034 , 0.695
 
0 , 0 , 28 , 0.020 , 1.522 , 0.695
 
1 , 0 , 28 , 0.020 , 1.520 , 0.695
 
2 , 0 , 28 , 0.020 , 1.025 , 0.695
 
3 , 0 , 28 , 0.020 , 1.514 , 0.695
 
4 , 0 , 28 , 0.020 , 1.528 , 0.695
 
5 , 0 , 28 , 0.020 , 1.026 , 0.695
 
6 , 0 , 28 , 0.020 , 1.532 , 0.695
 
7 , 0 , 28 , 0.020 , 1.024 , 0.695
 
8 , 0 , 28 , 0.020 , 1.027 , 0.695
 
9 , 0 , 28 , 0.020 , 1.513 , 0.695
 
10 , 0 , 28 , 0.020 , 1.025 , 0.695
 
11 , 0 , 28 , 0.020 , 1.025 , 0.695
 
12 , 0 , 28 , 0.020 , 1.532 , 0.695
 
13 , 0 , 28 , 0.020 , 1.032 , 0.695
 
14 , 0 , 28 , 0.020 , 1.034 , 0.695
 
15 , 0 , 28 , 0.020 , 1.024 , 0.695
 
0 , 0 , 28.25 , 0.020 , 1.520 , 0.695
 
1 , 0 , 28.25 , 0.020 , 1.024 , 0.695
 
2 , 0 , 28.25 , 0.020 , 1.025 , 0.695
 
3 , 0 , 28.25 , 0.020 , 1.505 , 0.695
 
4 , 0 , 28.25 , 0.020 , 1.025 , 0.695
 
5 , 0 , 28.25 , 0.020 , 1.028 , 0.695
 
6 , 0 , 28.25 , 0.020 , 1.532 , 0.695
 
7 , 0 , 28.25 , 0.020 , 1.530 , 0.695
 
8 , 0 , 28.25 , 0.020 , 1.024 , 0.695
 
9 , 0 , 28.25 , 0.020 , 1.032 , 0.695
 
10 , 0 , 28.25 , 0.020 , 1.025 , 0.695
 
11 , 0 , 28.25 , 0.020 , 1.025 , 0.695
 
12 , 0 , 28.25 , 0.020 , 1.529 , 0.695
 
13 , 0 , 28.25 , 0.020 , 1.033 , 0.695
 
14 , 0 , 28.25 , 0.020 , 1.024 , 0.695
 
15 , 0 , 28.25 , 0.020 , 1.024 , 0.695
 
0 , 0 , 28.5 , 0.020 , 1.026 , 0.695
 
1 , 0 , 28.5 , 0.020 , 1.024 , 0.695
 
2 , 0 , 28.5 , 0.020 , 1.033 , 0.695
 
3 , 0 , 28.5 , 0.020 , 1.502 , 0.695
 
4 , 0 , 28.5 , 0.020 , 1.532 , 0.695
 
5 , 0 , 28.5 , 0.020 , 1.530 , 0.695
 
6 , 0 , 28.5 , 0.020 , 1.024 , 0.695
 
7 , 0 , 28.5 , 0.020 , 1.532 , 0.695
 
8 , 0 , 28.5 , 0.020 , 1.026 , 0.695
 
9 , 0 , 28.5 , 0.020 , 1.518 , 0.695
 
10 , 0 , 28.5 , 0.020 , 1.513 , 0.695
 
11 , 0 , 28.5 , 0.020 , 1.028 , 0.695
 
12 , 0 , 28.5 , 0.020 , 1.524 , 0.695
 
13 , 0 , 28.5 , 0.020 , 1.026 , 0.695
 
14 , 0 , 28.5 , 0.020 , 1.025 , 0.695
 
15 , 0 , 28.5 , 0.020 , 1.024 , 0.695
 
0 , 0 , 28.75 , 0.020 , 1.029 , 0.695
 
1 , 0 , 28.75 , 0.020 , 1.028 , 0.695
 
2 , 0 , 28.75 , 0.020 , 1.518 , 0.695
 
3 , 0 , 28.75 , 0.020 , 1.512 , 0.695
 
4 , 0 , 28.75 , 0.020 , 1.523 , 0.695
 
5 , 0 , 28.75 , 0.020 , 1.026 , 0.695
 
6 , 0 , 28.75 , 0.020 , 1.521 , 0.695
 
7 , 0 , 28.75 , 0.020 , 1.523 , 0.695
 
8 , 0 , 28.75 , 0.020 , 1.024 , 0.695
 
9 , 0 , 28.75 , 0.020 , 1.510 , 0.695
 
10 , 0 , 28.75 , 0.020 , 1.512 , 0.695
 
11 , 0 , 28.75 , 0.020 , 1.024 , 0.695
 
12 , 0 , 28.75 , 0.020 , 1.510 , 0.695
 
13 , 0 , 28.75 , 0.020 , 1.024 , 0.695
 
14 , 0 , 28.75 , 0.020 , 1.029 , 0.695
 
15 , 0 , 28.75 , 0.020 , 1.033 , 0.695
 
0 , 0 , 29 , 0.020 , 1.527 , 0.695
 
1 , 0 , 29 , 0.020 , 1.024 , 0.695
 
2 , 0 , 29 , 0.020 , 1.024 , 0.695
 
3 , 0 , 29 , 0.020 , 1.520 , 0.695
 
4 , 0 , 29 , 0.020 , 1.026 , 0.695
 
5 , 0 , 29 , 0.020 , 1.525 , 0.695
 
6 , 0 , 29 , 0.020 , 1.028 , 0.695
 
7 , 0 , 29 , 0.020 , 1.536 , 0.695
 
8 , 0 , 29 , 0.020 , 1.528 , 0.695
 
9 , 0 , 29 , 0.020 , 1.029 , 0.695
 
10 , 0 , 29 , 0.020 , 1.512 , 0.695
 
11 , 0 , 29 , 0.020 , 1.026 , 0.695
 
12 , 0 , 29 , 0.020 , 1.521 , 0.695
 
13 , 0 , 29 , 0.020 , 1.027 , 0.695
 
14 , 0 , 29 , 0.020 , 1.033 , 0.695
 
15 , 0 , 29 , 0.020 , 1.035 , 0.695
 
0 , 0 , 29.25 , 0.020 , 1.530 , 0.695
 
1 , 0 , 29.25 , 0.020 , 1.522 , 0.695
 
2 , 0 , 29.25 , 0.020 , 1.025 , 0.695
 
3 , 0 , 29.25 , 0.020 , 1.516 , 0.695
 
4 , 0 , 29.25 , 0.020 , 1.532 , 0.695
 
5 , 0 , 29.25 , 0.020 , 1.024 , 0.695
 
6 , 0 , 29.25 , 0.020 , 1.528 , 0.695
 
7 , 0 , 29.25 , 0.020 , 1.529 , 0.695
 
8 , 0 , 29.25 , 0.020 , 1.032 , 0.695
 
9 , 0 , 29.25 , 0.020 , 1.032 , 0.695
 
10 , 0 , 29.25 , 0.020 , 1.527 , 0.695
 
11 , 0 , 29.25 , 0.020 , 1.036 , 0.695
 
12 , 0 , 29.25 , 0.020 , 1.531 , 0.695
 
13 , 0 , 29.25 , 0.020 , 1.518 , 0.695
 
14 , 0 , 29.25 , 0.020 , 1.028 , 0.695
 
15 , 0 , 29.25 , 0.020 , 1.036 , 0.695
 
0 , 0 , 29.5 , 0.020 , 1.520 , 0.695
 
1 , 0 , 29.5 , 0.020 , 1.025 , 0.695
 
2 , 0 , 29.5 , 0.020 , 1.032 , 0.695
 
3 , 0 , 29.5 , 0.020 , 1.504 , 0.695
 
4 , 0 , 29.5 , 0.020 , 1.528 , 0.695
 
5 , 0 , 29.5 , 0.020 , 1.028 , 0.695
 
6 , 0 , 29.5 , 0.020 , 1.025 , 0.695
 
7 , 0 , 29.5 , 0.020 , 1.530 , 0.695
 
8 , 0 , 29.5 , 0.020 , 1.032 , 0.695
 
9 , 0 , 29.5 , 0.020 , 1.024 , 0.695
 
10 , 0 , 29.5 , 0.020 , 1.025 , 0.695
 
11 , 0 , 29.5 , 0.020 , 1.032 , 0.695
 
12 , 0 , 29.5 , 0.020 , 1.522 , 0.695
 
13 , 0 , 29.5 , 0.020 , 1.028 , 0.695
 
14 , 0 , 29.5 , 0.020 , 1.024 , 0.695
 
15 , 0 , 29.5 , 0.020 , 1.034 , 0.695
 
0 , 0 , 29.75 , 0.020 , 1.024 , 0.695
 
1 , 0 , 29.75 , 0.020 , 1.024 , 0.695
 
2 , 0 , 29.75 , 0.020 , 1.024 , 0.695
 
3 , 0 , 29.75 , 0.020 , 1.025 , 0.695
 
4 , 0 , 29.75 , 0.020 , 1.528 , 0.695
 
5 , 0 , 29.75 , 0.020 , 1.525 , 0.695
 
6 , 0 , 29.75 , 0.020 , 1.526 , 0.695
 
7 , 0 , 29.75 , 0.020 , 1.024 , 0.695
 
8 , 0 , 29.75 , 0.020 , 1.026 , 0.695
 
9 , 0 , 29.75 , 0.020 , 1.032 , 0.695
 
10 , 0 , 29.75 , 0.020 , 1.508 , 0.695
 
11 , 0 , 29.75 , 0.020 , 1.024 , 0.695
 
12 , 0 , 29.75 , 0.020 , 1.024 , 0.695
 
13 , 0 , 29.75 , 0.020 , 1.032 , 0.695
 
14 , 0 , 29.75 , 0.020 , 1.028 , 0.695
 
15 , 0 , 29.75 , 0.020 , 1.025 , 0.695
 
0 , 0 , 30 , 0.020 , 1.028 , 0.695
 
1 , 0 , 30 , 0.020 , 1.516 , 0.695
 
2 , 0 , 30 , 0.020 , 1.024 , 0.695
 
3 , 0 , 30 , 0.020 , 1.508 , 0.695
 
4 , 0 , 30 , 0.020 , 1.024 , 0.695
 
5 , 0 , 30 , 0.020 , 1.030 , 0.695
 
6 , 0 , 30 , 0.020 , 1.027 , 0.695
 
7 , 0 , 30 , 0.020 , 1.528 , 0.695
 
8 , 0 , 30 , 0.020 , 1.024 , 0.695
 
9 , 0 , 30 , 0.020 , 1.028 , 0.695
 
10 , 0 , 30 , 0.020 , 1.515 , 0.695
 
11 , 0 , 30 , 0.020 , 1.024 , 0.695
 
12 , 0 , 30 , 0.020 , 1.528 , 0.695
 
13 , 0 , 30 , 0.020 , 1.024 , 0.695
 
14 , 0 , 30 , 0.020 , 1.025 , 0.695
 
15 , 0 , 30 , 0.020 , 1.025 , 0.695
 
0 , 0 , 30.25 , 0.020 , 1.024 , 0.695
 
1 , 0 , 30.25 , 0.020 , 1.527 , 0.695
 
2 , 0 , 30.25 , 0.020 , 1.028 , 0.695
 
3 , 0 , 30.25 , 0.020 , 1.504 , 0.695
 
4 , 0 , 30.25 , 0.020 , 1.024 , 0.695
 
5 , 0 , 30.25 , 0.020 , 1.528 , 0.695
 
6 , 0 , 30.25 , 0.020 , 1.034 , 0.695
 
7 , 0 , 30.25 , 0.020 , 1.024 , 0.695
 
8 , 0 , 30.25 , 0.020 , 1.026 , 0.695
 
9 , 0 , 30.25 , 0.020 , 1.511 , 0.695
 
10 , 0 , 30.25 , 0.020 , 1.513 , 0.695
 
11 , 0 , 30.25 , 0.020 , 1.025 , 0.695
 
12 , 0 , 30.25 , 0.020 , 1.520 , 0.695
 
13 , 0 , 30.25 , 0.020 , 1.525 , 0.695
 
14 , 0 , 30.25 , 0.020 , 1.027 , 0.695
 
15 , 0 , 30.25 , 0.020 , 1.032 , 0.695
 
0 , 0 , 30.5 , 0.020 , 1.025 , 0.695
 
1 , 0 , 30.5 , 0.020 , 1.029 , 0.695
 
2 , 0 , 30.5 , 0.020 , 1.026 , 0.695
 
3 , 0 , 30.5 , 0.020 , 1.024 , 0.695
 
4 , 0 , 30.5 , 0.020 , 1.529 , 0.695
 
5 , 0 , 30.5 , 0.020 , 1.024 , 0.695
 
6 , 0 , 30.5 , 0.020 , 1.524 , 0.695
 
7 , 0 , 30.5 , 0.020 , 1.529 , 0.695
 
8 , 0 , 30.5 , 0.020 , 1.029 , 0.695
 
9 , 0 , 30.5 , 0.020 , 1.025 , 0.695
 
10 , 0 , 30.5 , 0.020 , 1.520 , 0.695
 
11 , 0 , 30.5 , 0.020 , 1.025 , 0.695
 
12 , 0 , 30.5 , 0.020 , 1.524 , 0.695
 
13 , 0 , 30.5 , 0.020 , 1.024 , 0.695
 
14 , 0 , 30.5 , 0.020 , 1.027 , 0.695
 
15 , 0 , 30.5 , 0.020 , 1.029 , 0.695
 
0 , 0 , 30.75 , 0.020 , 1.024 , 0.695
 
1 , 0 , 30.75 , 0.020 , 1.024 , 0.695
 
2 , 0 , 30.75 , 0.020 , 1.025 , 0.695
 
3 , 0 , 30.75 , 0.020 , 1.508 , 0.695
 
4 , 0 , 30.75 , 0.020 , 1.526 , 0.695
 
5 , 0 , 30.75 , 0.020 , 1.024 , 0.695
 
6 , 0 , 30.75 , 0.020 , 1.528 , 0.695
 
7 , 0 , 30.75 , 0.020 , 1.024 , 0.695
 
8 , 0 , 30.75 , 0.020 , 1.034 , 0.695
 
9 , 0 , 30.75 , 0.020 , 1.024 , 0.695
 
10 , 0 , 30.75 , 0.020 , 1.511 , 0.695
 
11 , 0 , 30.75 , 0.020 , 1.026 , 0.695
 
12 , 0 , 30.75 , 0.020 , 1.524 , 0.695
 
13 , 0 , 30.75 , 0.020 , 1.029 , 0.695
 
14 , 0 , 30.75 , 0.020 , 1.024 , 0.695
 
15 , 0 , 30.75 , 0.020 , 1.035 , 0.695
 
0 , 0 , 31 , 0.020 , 1.517 , 0.695
 
1 , 0 , 31 , 0.020 , 1.024 , 0.695
 
2 , 0 , 31 , 0.020 , 1.026 , 0.695
 
3 , 0 , 31 , 0.020 , 1.508 , 0.695
 
4 , 0 , 31 , 0.020 , 1.531 , 0.695
 
5 , 0 , 31 , 0.020 , 1.527 , 0.695
 
6 , 0 , 31 , 0.020 , 1.524 , 0.695
 
7 , 0 , 31 , 0.020 , 1.520 , 0.695
 
8 , 0 , 31 , 0.020 , 1.025 , 0.695
 
9 , 0 , 31 , 0.020 , 1.024 , 0.695
 
10 , 0 , 31 , 0.020 , 1.024 , 0.695
 
11 , 0 , 31 , 0.020 , 1.036 , 0.695
 
12 , 0 , 31 , 0.020 , 1.525 , 0.695
 
13 , 0 , 31 , 0.020 , 1.024 , 0.695
 
14 , 0 , 31 , 0.020 , 1.032 , 0.695
 
15 , 0 , 31 , 0.020 , 1.035 , 0.695
 
0 , 0 , 31.25 , 0.020 , 1.024 , 0.695
 
1 , 0 , 31.25 , 0.020 , 1.027 , 0.695
 
2 , 0 , 31.25 , 0.020 , 1.028 , 0.695
 
3 , 0 , 31.25 , 0.020 , 1.512 , 0.695
 
4 , 0 , 31.25 , 0.020 , 1.024 , 0.695
 
5 , 0 , 31.25 , 0.020 , 1.532 , 0.695
 
6 , 0 , 31.25 , 0.020 , 1.525 , 0.695
 
7 , 0 , 31.25 , 0.020 , 1.532 , 0.695
 
8 , 0 , 31.25 , 0.020 , 1.024 , 0.695
 
9 , 0 , 31.25 , 0.020 , 1.033 , 0.695
 
10 , 0 , 31.25 , 0.020 , 1.514 , 0.695
 
11 , 0 , 31.25 , 0.020 , 1.036 , 0.695
 
12 , 0 , 31.25 , 0.020 , 1.521 , 0.695
 
13 , 0 , 31.25 , 0.020 , 1.024 , 0.695
 
14 , 0 , 31.25 , 0.020 , 1.028 , 0.695
 
15 , 0 , 31.25 , 0.020 , 1.024 , 0.695
 
0 , 0 , 31.5 , 0.020 , 1.028 , 0.695
 
1 , 0 , 31.5 , 0.020 , 1.024 , 0.695
 
2 , 0 , 31.5 , 0.020 , 1.032 , 0.695
 
3 , 0 , 31.5 , 0.020 , 1.024 , 0.695
 
4 , 0 , 31.5 , 0.020 , 1.024 , 0.695
 
5 , 0 , 31.5 , 0.020 , 1.028 , 0.695
 
6 , 0 , 31.5 , 0.020 , 1.026 , 0.695
 
7 , 0 , 31.5 , 0.020 , 1.025 , 0.695
 
8 , 0 , 31.5 , 0.020 , 1.028 , 0.695
 
9 , 0 , 31.5 , 0.020 , 1.028 , 0.695
 
10 , 0 , 31.5 , 0.020 , 1.517 , 0.695
 
11 , 0 , 31.5 , 0.020 , 1.024 , 0.695
 
12 , 0 , 31.5 , 0.020 , 1.520 , 0.695
 
13 , 0 , 31.5 , 0.020 , 1.024 , 0.695
 
14 , 0 , 31.5 , 0.020 , 1.025 , 0.695
 
15 , 0 , 31.5 , 0.020 , 1.032 , 0.695
 
0 , 0 , 31.75 , 0.020 , 1.027 , 0.695
 
1 , 0 , 31.75 , 0.020 , 1.024 , 0.695
 
2 , 0 , 31.75 , 0.020 , 1.025 , 0.695
 
3 , 0 , 31.75 , 0.020 , 1.509 , 0.695
 
4 , 0 , 31.75 , 0.020 , 1.521 , 0.695
 
5 , 0 , 31.75 , 0.020 , 1.524 , 0.695
 
6 , 0 , 31.75 , 0.020 , 1.026 , 0.695
 
7 , 0 , 31.75 , 0.020 , 1.026 , 0.695
 
8 , 0 , 31.75 , 0.020 , 1.024 , 0.695
 
9 , 0 , 31.75 , 0.020 , 1.024 , 0.695
 
10 , 0 , 31.75 , 0.020 , 1.513 , 0.695
 
11 , 0 , 31.75 , 0.020 , 1.032 , 0.695
 
12 , 0 , 31.75 , 0.020 , 1.521 , 0.695
