Test Run for Data taking:
Trial, Device, Channel, Tile, IMON, RMON, VCOMP
0, 0, 0, 2, 0.370, 1.378, 0.004

 
0, 0, 1, 4, 0.410, 1.384, 0.004

 
0, 0, 2, 6, 0.370, 1.404, 0.004

 
0, 0, 3, 8, 0.460, 1.391, 0.004

 
0, 0, 4, 10, 0.370, 1.378, 0.004

 
0, 0, 5, 12, 0.430, 1.388, 0.004

 
0, 0, 6, 14, 0.360, 1.386, 0.004

 
0, 0, 7, 16, 0.400, 1.372, 0.004

 
0, 0, 8, 18, 0.390, 1.389, 0.004

 
0, 0, 9, 20, 0.360, 1.392, 0.004

 
0, 0, 10, 22, 0.380, 1.382, 0.004

 
0, 0, 11, 24, 0.310, 1.396, 0.004

 
0, 0, 12, 26, 0.400, 1.385, 0.004

 
0, 0, 13, 28, 0.330, 1.385, 0.004

 
0, 0, 14, 30, 0.370, 1.403, 0.004

 
0, 0, 15, 32, 4.290, 1.339, 0.004

 
0, 1, 0, 1, 0.440, 1.368, 0.004

 
0, 1, 1, 3, 0.080, 1.383, 0.004

 
0, 1, 2, 5, 0.450, 1.365, 0.004

 
0, 1, 3, 7, 0.410, 1.349, 0.004

 
0, 1, 4, 9, 0.450, 1.384, 0.004

 
0, 1, 5, 11, 0.470, 1.365, 0.004

 
0, 1, 6, 13, 0.420, 1.370, 0.004

 
0, 1, 7, 15, 0.410, 1.387, 0.004

 
0, 1, 8, 17, 0.440, 1.371, 0.004

 
0, 1, 9, 19, 0.270, 1.363, 0.004

 
0, 1, 10, 21, 0.200, 1.370, 0.004

 
0, 1, 11, 23, 0.280, 1.369, 0.004

 
0, 1, 12, 25, 0.300, 1.374, 0.004

 
0, 1, 13, 27, 0.280, 1.372, 0.004

 
0, 1, 14, 29, 0.310, 1.365, 0.004

 
0, 1, 15, 31, 0.320, 1.371, 0.004

 
1, 0, 0, 2, 0.360, 1.391, 0.004

 
1, 0, 1, 4, 0.400, 1.370, 0.004

 
1, 0, 2, 6, 0.370, 1.396, 0.004

 
1, 0, 3, 8, 0.450, 1.375, 0.004

 
1, 0, 4, 10, 0.380, 1.379, 0.004

 
1, 0, 5, 12, 0.420, 1.390, 0.004

 
1, 0, 6, 14, 0.350, 1.391, 0.004

 
1, 0, 7, 16, 0.390, 1.381, 0.004

 
1, 0, 8, 18, 0.380, 1.386, 0.004

 
1, 0, 9, 20, 0.360, 1.386, 0.004

 
1, 0, 10, 22, 0.380, 1.382, 0.004

 
1, 0, 11, 24, 0.310, 1.396, 0.004

 
1, 0, 12, 26, 0.400, 1.381, 0.004

 
1, 0, 13, 28, 0.330, 1.379, 0.004

 
1, 0, 14, 30, 0.360, 1.401, 0.004

 
1, 0, 15, 32, 4.260, 1.356, 0.004

 
1, 1, 0, 1, 0.440, 1.370, 0.004

 
1, 1, 1, 3, 0.080, 1.379, 0.004

 
1, 1, 2, 5, 0.440, 1.366, 0.004

 
1, 1, 3, 7, 0.420, 1.359, 0.004

 
1, 1, 4, 9, 0.430, 1.379, 0.004

 
1, 1, 5, 11, 0.460, 1.381, 0.004

 
1, 1, 6, 13, 0.410, 1.378, 0.004

 
1, 1, 7, 15, 0.410, 1.376, 0.004

 
1, 1, 8, 17, 0.440, 1.375, 0.004

 
1, 1, 9, 19, 0.250, 1.357, 0.004

 
1, 1, 10, 21, 0.180, 1.369, 0.004

 
1, 1, 11, 23, 0.260, 1.370, 0.004

 
1, 1, 12, 25, 0.340, 1.377, 0.004

 
1, 1, 13, 27, 0.280, 1.363, 0.004

 
1, 1, 14, 29, 0.310, 1.380, 0.004

 
1, 1, 15, 31, 0.330, 1.366, 0.004

 
2, 0, 0, 2, 0.350, 1.389, 0.004

 
2, 0, 1, 4, 0.390, 1.382, 0.004

 
2, 0, 2, 6, 0.360, 1.389, 0.004

 
2, 0, 3, 8, 0.450, 1.384, 0.004

 
2, 0, 4, 10, 0.360, 1.373, 0.004

 
2, 0, 5, 12, 0.410, 1.386, 0.004

 
2, 0, 6, 14, 0.350, 1.378, 0.004

 
2, 0, 7, 16, 0.400, 1.389, 0.004

 
2, 0, 8, 18, 0.380, 1.393, 0.004

 
2, 0, 9, 20, 0.360, 1.395, 0.004

 
2, 0, 10, 22, 0.370, 1.374, 0.004

 
2, 0, 11, 24, 0.310, 1.393, 0.004

 
2, 0, 12, 26, 0.390, 1.374, 0.004

 
2, 0, 13, 28, 0.330, 1.387, 0.004

 
2, 0, 14, 30, 0.350, 1.385, 0.004

 
2, 0, 15, 32, 4.270, 1.318, 0.004

 
2, 1, 0, 1, 0.420, 1.374, 0.004

 
2, 1, 1, 3, 0.080, 1.377, 0.004

 
2, 1, 2, 5, 0.440, 1.366, 0.004

 
2, 1, 3, 7, 0.410, 1.357, 0.004

 
2, 1, 4, 9, 0.420, 1.378, 0.004

 
2, 1, 5, 11, 0.460, 1.373, 0.004

 
2, 1, 6, 13, 0.410, 1.380, 0.004

 
2, 1, 7, 15, 0.400, 1.375, 0.004

 
2, 1, 8, 17, 0.440, 1.360, 0.004

 
2, 1, 9, 19, 0.250, 1.367, 0.004

 
2, 1, 10, 21, 0.160, 1.375, 0.004

 
2, 1, 11, 23, 0.270, 1.367, 0.004

 
2, 1, 12, 25, 0.320, 1.369, 0.004

 
2, 1, 13, 27, 0.280, 1.366, 0.004

 
2, 1, 14, 29, 0.300, 1.376, 0.004

 
2, 1, 15, 31, 0.310, 1.348, 0.004

 
3, 0, 0, 2, 0.350, 1.384, 0.004

 
3, 0, 1, 4, 0.390, 1.385, 0.004

 
3, 0, 2, 6, 0.350, 1.386, 0.004

 
3, 0, 3, 8, 0.450, 1.389, 0.004

 
3, 0, 4, 10, 0.360, 1.374, 0.004

 
3, 0, 5, 12, 0.410, 1.380, 0.004

 
3, 0, 6, 14, 0.350, 1.381, 0.004

 
3, 0, 7, 16, 0.400, 1.378, 0.004

 
3, 0, 8, 18, 0.380, 1.385, 0.004

 
3, 0, 9, 20, 0.350, 1.396, 0.004

 
3, 0, 10, 22, 0.370, 1.380, 0.004

 
3, 0, 11, 24, 0.300, 1.393, 0.004

 
3, 0, 12, 26, 0.400, 1.383, 0.004

 
3, 0, 13, 28, 0.320, 1.377, 0.004

 
3, 0, 14, 30, 0.360, 1.390, 0.004

 
3, 0, 15, 32, 4.270, 1.337, 0.004

 
3, 1, 0, 1, 0.430, 1.366, 0.004

 
3, 1, 1, 3, 0.080, 1.381, 0.004

 
3, 1, 2, 5, 0.440, 1.375, 0.004

 
3, 1, 3, 7, 0.400, 1.363, 0.004

 
3, 1, 4, 9, 0.420, 1.375, 0.004

 
3, 1, 5, 11, 0.460, 1.356, 0.004

 
3, 1, 6, 13, 0.410, 1.372, 0.004

 
3, 1, 7, 15, 0.400, 1.368, 0.004

 
3, 1, 8, 17, 0.450, 1.370, 0.004

 
3, 1, 9, 19, 0.260, 1.358, 0.004

 
3, 1, 10, 21, 0.150, 1.367, 0.004

 
3, 1, 11, 23, 0.260, 1.367, 0.004

 
3, 1, 12, 25, 0.290, 1.371, 0.004

 
3, 1, 13, 27, 0.270, 1.364, 0.004

 
3, 1, 14, 29, 0.300, 1.375, 0.004

 
3, 1, 15, 31, 0.310, 1.365, 0.004

 
4, 0, 0, 2, 0.340, 1.390, 0.004

 
4, 0, 1, 4, 0.390, 1.385, 0.004

 
4, 0, 2, 6, 0.360, 1.393, 0.004

 
4, 0, 3, 8, 0.450, 1.394, 0.004

 
4, 0, 4, 10, 0.350, 1.383, 0.004

 
4, 0, 5, 12, 0.410, 1.385, 0.004

 
4, 0, 6, 14, 0.340, 1.396, 0.004

 
4, 0, 7, 16, 0.390, 1.386, 0.004

 
4, 0, 8, 18, 0.380, 1.385, 0.004

 
4, 0, 9, 20, 0.350, 1.383, 0.004

 
4, 0, 10, 22, 0.370, 1.371, 0.004

 
4, 0, 11, 24, 0.300, 1.394, 0.004

 
4, 0, 12, 26, 0.400, 1.381, 0.004

 
4, 0, 13, 28, 0.320, 1.389, 0.004

 
4, 0, 14, 30, 0.360, 1.390, 0.004

 
4, 0, 15, 32, 4.290, 1.315, 0.004

 
4, 1, 0, 1, 0.430, 1.373, 0.004

 
4, 1, 1, 3, 0.080, 1.383, 0.004

 
4, 1, 2, 5, 0.440, 1.372, 0.004

 
4, 1, 3, 7, 0.410, 1.357, 0.004

 
4, 1, 4, 9, 0.430, 1.374, 0.004

 
4, 1, 5, 11, 0.460, 1.373, 0.004

 
4, 1, 6, 13, 0.410, 1.375, 0.004

 
4, 1, 7, 15, 0.400, 1.362, 0.004

 
4, 1, 8, 17, 0.440, 1.374, 0.004

 
4, 1, 9, 19, 0.270, 1.359, 0.004

 
4, 1, 10, 21, 0.150, 1.360, 0.004

 
4, 1, 11, 23, 0.260, 1.355, 0.004

 
4, 1, 12, 25, 0.290, 1.376, 0.004

 
4, 1, 13, 27, 0.280, 1.381, 0.004

 
4, 1, 14, 29, 0.300, 1.380, 0.004

 
4, 1, 15, 31, 0.310, 1.369, 0.004

 
5, 0, 0, 2, 0.350, 1.390, 0.004

 
5, 0, 1, 4, 0.390, 1.387, 0.004

 
5, 0, 2, 6, 0.350, 1.383, 0.004

 
5, 0, 3, 8, 0.440, 1.385, 0.004

 
5, 0, 4, 10, 0.360, 1.376, 0.004

 
5, 0, 5, 12, 0.410, 1.379, 0.004

 
5, 0, 6, 14, 0.340, 1.382, 0.004

 
5, 0, 7, 16, 0.390, 1.384, 0.004

 
5, 0, 8, 18, 0.370, 1.386, 0.004

 
5, 0, 9, 20, 0.360, 1.378, 0.004

 
5, 0, 10, 22, 0.370, 1.373, 0.004

 
5, 0, 11, 24, 0.300, 1.393, 0.004

 
5, 0, 12, 26, 0.390, 1.378, 0.004

 
5, 0, 13, 28, 0.320, 1.384, 0.004

 
5, 0, 14, 30, 0.350, 1.397, 0.004

 
5, 0, 15, 32, 4.270, 1.358, 0.004

 
5, 1, 0, 1, 0.430, 1.371, 0.004

 
5, 1, 1, 3, 0.070, 1.380, 0.004

 
5, 1, 2, 5, 0.430, 1.363, 0.004

 
5, 1, 3, 7, 0.410, 1.359, 0.004

 
5, 1, 4, 9, 0.430, 1.385, 0.004

 
5, 1, 5, 11, 0.450, 1.364, 0.004

 
5, 1, 6, 13, 0.410, 1.368, 0.004

 
5, 1, 7, 15, 0.390, 1.395, 0.004

 
5, 1, 8, 17, 0.440, 1.361, 0.004

 
5, 1, 9, 19, 0.250, 1.365, 0.004

 
5, 1, 10, 21, 0.150, 1.373, 0.004

 
5, 1, 11, 23, 0.260, 1.375, 0.004

 
5, 1, 12, 25, 0.290, 1.375, 0.004

 
5, 1, 13, 27, 0.270, 1.368, 0.004

 
5, 1, 14, 29, 0.290, 1.382, 0.004

 
5, 1, 15, 31, 0.310, 1.374, 0.004

 
6, 0, 0, 2, 0.350, 1.383, 0.004

 
6, 0, 1, 4, 0.390, 1.389, 0.004

 
6, 0, 2, 6, 0.350, 1.387, 0.004

 
6, 0, 3, 8, 0.450, 1.367, 0.004

 
6, 0, 4, 10, 0.350, 1.386, 0.004

 
6, 0, 5, 12, 0.400, 1.374, 0.004

 
6, 0, 6, 14, 0.340, 1.385, 0.004

 
6, 0, 7, 16, 0.390, 1.382, 0.004

 
6, 0, 8, 18, 0.380, 1.388, 0.004

 
6, 0, 9, 20, 0.350, 1.387, 0.004

 
6, 0, 10, 22, 0.370, 1.380, 0.004

 
6, 0, 11, 24, 0.300, 1.400, 0.004

 
6, 0, 12, 26, 0.400, 1.381, 0.004

 
6, 0, 13, 28, 0.320, 1.381, 0.004

 
6, 0, 14, 30, 0.340, 1.392, 0.004

 
6, 0, 15, 32, 4.300, 1.227, 0.004

 
6, 1, 0, 1, 0.430, 1.366, 0.004

 
6, 1, 1, 3, 0.080, 1.381, 0.004

 
6, 1, 2, 5, 0.430, 1.354, 0.004

 
6, 1, 3, 7, 0.400, 1.360, 0.004

 
6, 1, 4, 9, 0.430, 1.379, 0.004

 
6, 1, 5, 11, 0.450, 1.363, 0.004

 
6, 1, 6, 13, 0.410, 1.383, 0.004

 
6, 1, 7, 15, 0.390, 1.379, 0.004

 
6, 1, 8, 17, 0.440, 1.372, 0.004

 
6, 1, 9, 19, 0.250, 1.362, 0.004

 
6, 1, 10, 21, 0.160, 1.367, 0.004

 
6, 1, 11, 23, 0.250, 1.365, 0.004

 
6, 1, 12, 25, 0.320, 1.371, 0.004

 
6, 1, 13, 27, 0.280, 1.368, 0.004

 
6, 1, 14, 29, 0.290, 1.377, 0.004

 
6, 1, 15, 31, 0.310, 1.371, 0.004

 
7, 0, 0, 2, 0.340, 1.392, 0.004

 
7, 0, 1, 4, 0.380, 1.388, 0.004

 
7, 0, 2, 6, 0.350, 1.386, 0.004

 
7, 0, 3, 8, 0.440, 1.385, 0.004

 
7, 0, 4, 10, 0.360, 1.374, 0.004

 
7, 0, 5, 12, 0.410, 1.383, 0.004

 
7, 0, 6, 14, 0.340, 1.386, 0.004

 
7, 0, 7, 16, 0.390, 1.384, 0.004

 
7, 0, 8, 18, 0.380, 1.396, 0.004

 
7, 0, 9, 20, 0.350, 1.387, 0.004

 
7, 0, 10, 22, 0.380, 1.392, 0.004

 
7, 0, 11, 24, 0.300, 1.404, 0.004

 
7, 0, 12, 26, 0.400, 1.376, 0.004

 
7, 0, 13, 28, 0.330, 1.388, 0.004

 
7, 0, 14, 30, 0.340, 1.392, 0.004

 
7, 0, 15, 32, 4.270, 1.311, 0.004

 
7, 1, 0, 1, 0.420, 1.374, 0.004

 
7, 1, 1, 3, 0.070, 1.375, 0.004

 
7, 1, 2, 5, 0.430, 1.370, 0.004

 
7, 1, 3, 7, 0.400, 1.364, 0.004

 
7, 1, 4, 9, 0.420, 1.373, 0.004

 
7, 1, 5, 11, 0.440, 1.369, 0.004

 
7, 1, 6, 13, 0.410, 1.371, 0.004

 
7, 1, 7, 15, 0.400, 1.382, 0.004

 
7, 1, 8, 17, 0.440, 1.370, 0.004

 
7, 1, 9, 19, 0.350, 1.361, 0.004

 
7, 1, 10, 21, 0.150, 1.363, 0.004

 
7, 1, 11, 23, 0.260, 1.370, 0.004

 
7, 1, 12, 25, 0.320, 1.366, 0.004

 
7, 1, 13, 27, 0.270, 1.369, 0.004

 
7, 1, 14, 29, 0.290, 1.380, 0.004

 
7, 1, 15, 31, 0.310, 1.367, 0.004

 
8, 0, 0, 2, 0.340, 1.390, 0.004

 
8, 0, 1, 4, 0.380, 1.380, 0.004

 
8, 0, 2, 6, 0.350, 1.397, 0.004

 
8, 0, 3, 8, 0.440, 1.379, 0.004

 
8, 0, 4, 10, 0.360, 1.387, 0.004

 
8, 0, 5, 12, 0.410, 1.391, 0.004

 
8, 0, 6, 14, 0.340, 1.390, 0.004

 
8, 0, 7, 16, 0.390, 1.387, 0.004

 
8, 0, 8, 18, 0.370, 1.387, 0.004

 
8, 0, 9, 20, 0.350, 1.390, 0.004

 
8, 0, 10, 22, 0.370, 1.371, 0.004

 
8, 0, 11, 24, 0.300, 1.400, 0.004

 
8, 0, 12, 26, 0.390, 1.378, 0.004

 
8, 0, 13, 28, 0.320, 1.393, 0.004

 
8, 0, 14, 30, 0.340, 1.396, 0.004

 
8, 0, 15, 32, 4.280, 1.368, 0.004

 
8, 1, 0, 1, 0.430, 1.380, 0.004

 
8, 1, 1, 3, 0.080, 1.382, 0.004

 
8, 1, 2, 5, 0.430, 1.370, 0.004

 
8, 1, 3, 7, 0.390, 1.354, 0.004

 
8, 1, 4, 9, 0.420, 1.368, 0.004

 
8, 1, 5, 11, 0.450, 1.380, 0.004

 
8, 1, 6, 13, 0.400, 1.375, 0.004

 
8, 1, 7, 15, 0.400, 1.375, 0.004

 
8, 1, 8, 17, 0.440, 1.369, 0.004

 
8, 1, 9, 19, 0.360, 1.360, 0.004

 
8, 1, 10, 21, 0.160, 1.376, 0.004

 
8, 1, 11, 23, 0.260, 1.370, 0.004

 
8, 1, 12, 25, 0.310, 1.381, 0.004

 
8, 1, 13, 27, 0.270, 1.366, 0.004

 
8, 1, 14, 29, 0.300, 1.373, 0.004

 
8, 1, 15, 31, 0.310, 1.373, 0.004

 
9, 0, 0, 2, 0.350, 1.392, 0.004

 
9, 0, 1, 4, 0.380, 1.385, 0.004

 
9, 0, 2, 6, 0.350, 1.387, 0.004

 
9, 0, 3, 8, 0.440, 1.388, 0.004

 
9, 0, 4, 10, 0.360, 1.387, 0.004

 
9, 0, 5, 12, 0.400, 1.388, 0.004

 
9, 0, 6, 14, 0.340, 1.388, 0.004

 
9, 0, 7, 16, 0.390, 1.384, 0.004

 
9, 0, 8, 18, 0.380, 1.391, 0.004

 
9, 0, 9, 20, 0.350, 1.393, 0.004

 
9, 0, 10, 22, 0.370, 1.379, 0.004

 
9, 0, 11, 24, 0.300, 1.390, 0.004

 
9, 0, 12, 26, 0.390, 1.375, 0.004

 
9, 0, 13, 28, 0.320, 1.388, 0.004

 
9, 0, 14, 30, 0.340, 1.394, 0.004

 
9, 0, 15, 32, 4.270, 1.331, 0.004

 
9, 1, 0, 1, 0.430, 1.375, 0.004

 
9, 1, 1, 3, 0.070, 1.372, 0.004

 
9, 1, 2, 5, 0.440, 1.368, 0.004

 
9, 1, 3, 7, 0.410, 1.360, 0.004

 
9, 1, 4, 9, 0.420, 1.374, 0.004

 
9, 1, 5, 11, 0.450, 1.371, 0.004

 
9, 1, 6, 13, 0.410, 1.372, 0.004

 
9, 1, 7, 15, 0.400, 1.380, 0.004

 
9, 1, 8, 17, 0.440, 1.364, 0.004

 
9, 1, 9, 19, 0.350, 1.356, 0.004

 
9, 1, 10, 21, 0.160, 1.376, 0.004

 
9, 1, 11, 23, 0.260, 1.361, 0.004

 
9, 1, 12, 25, 0.310, 1.377, 0.004

 
9, 1, 13, 27, 0.270, 1.369, 0.004

 
9, 1, 14, 29, 0.290, 1.382, 0.004

 
9, 1, 15, 31, 0.310, 1.361, 0.004

 
10, 0, 0, 2, 0.350, 1.387, 0.004

 
10, 0, 1, 4, 0.380, 1.386, 0.004

 
10, 0, 2, 6, 0.350, 1.384, 0.004

 
10, 0, 3, 8, 0.440, 1.384, 0.004

 
10, 0, 4, 10, 0.360, 1.377, 0.004

 
10, 0, 5, 12, 0.410, 1.383, 0.004

 
10, 0, 6, 14, 0.340, 1.392, 0.004

 
10, 0, 7, 16, 0.390, 1.383, 0.004

 
10, 0, 8, 18, 0.380, 1.396, 0.004

 
10, 0, 9, 20, 0.350, 1.392, 0.004

 
10, 0, 10, 22, 0.380, 1.384, 0.004

 
10, 0, 11, 24, 0.300, 1.396, 0.004

 
10, 0, 12, 26, 0.400, 1.372, 0.004

 
10, 0, 13, 28, 0.320, 1.393, 0.004

 
10, 0, 14, 30, 0.340, 1.396, 0.004

 
10, 0, 15, 32, 4.310, 1.327, 0.004

 
10, 1, 0, 1, 0.430, 1.376, 0.004

 
10, 1, 1, 3, 0.070, 1.376, 0.004

 
10, 1, 2, 5, 0.430, 1.374, 0.004

 
10, 1, 3, 7, 0.400, 1.364, 0.004

 
10, 1, 4, 9, 0.430, 1.370, 0.004

 
10, 1, 5, 11, 0.460, 1.371, 0.004

 
10, 1, 6, 13, 0.410, 1.376, 0.004

 
10, 1, 7, 15, 0.400, 1.381, 0.004

 
10, 1, 8, 17, 0.430, 1.379, 0.004

 
10, 1, 9, 19, 0.350, 1.355, 0.004

 
10, 1, 10, 21, 0.160, 1.367, 0.004

 
10, 1, 11, 23, 0.260, 1.366, 0.004

 
10, 1, 12, 25, 0.320, 1.376, 0.004

 
10, 1, 13, 27, 0.270, 1.362, 0.004

 
10, 1, 14, 29, 0.290, 1.377, 0.004

 
10, 1, 15, 31, 0.310, 1.366, 0.004

 
11, 0, 0, 2, 0.340, 1.392, 0.004

 
11, 0, 1, 4, 0.380, 1.390, 0.004

 
11, 0, 2, 6, 0.350, 1.390, 0.004

 
11, 0, 3, 8, 0.440, 1.382, 0.004

 
11, 0, 4, 10, 0.360, 1.381, 0.004

 
11, 0, 5, 12, 0.400, 1.375, 0.004

 
11, 0, 6, 14, 0.340, 1.391, 0.004

 
11, 0, 7, 16, 0.400, 1.380, 0.004

 
11, 0, 8, 18, 0.370, 1.387, 0.004

 
11, 0, 9, 20, 0.350, 1.384, 0.004

 
11, 0, 10, 22, 0.370, 1.382, 0.004

 
11, 0, 11, 24, 0.300, 1.393, 0.004

 
11, 0, 12, 26, 0.390, 1.364, 0.004

 
11, 0, 13, 28, 0.320, 1.394, 0.004

 
11, 0, 14, 30, 0.340, 1.398, 0.004

 
11, 0, 15, 32, 4.280, 1.356, 0.004

 
11, 1, 0, 1, 0.420, 1.359, 0.004

 
11, 1, 1, 3, 0.060, 1.376, 0.004

 
11, 1, 2, 5, 0.430, 1.364, 0.004

 
11, 1, 3, 7, 0.400, 1.356, 0.004

 
11, 1, 4, 9, 0.420, 1.355, 0.004

 
11, 1, 5, 11, 0.450, 1.371, 0.004

 
11, 1, 6, 13, 0.410, 1.378, 0.004

 
11, 1, 7, 15, 0.400, 1.387, 0.004

 
11, 1, 8, 17, 0.430, 1.372, 0.004

 
11, 1, 9, 19, 0.350, 1.360, 0.004

 
11, 1, 10, 21, 0.160, 1.372, 0.004

 
11, 1, 11, 23, 0.260, 1.372, 0.004

 
11, 1, 12, 25, 0.300, 1.386, 0.004

 
11, 1, 13, 27, 0.270, 1.359, 0.004

 
11, 1, 14, 29, 0.290, 1.380, 0.004

 
11, 1, 15, 31, 0.310, 1.371, 0.004

 
12, 0, 0, 2, 0.340, 1.399, 0.004

 
12, 0, 1, 4, 0.380, 1.392, 0.004

 
12, 0, 2, 6, 0.350, 1.387, 0.004

 
12, 0, 3, 8, 0.440, 1.378, 0.004

 
12, 0, 4, 10, 0.350, 1.378, 0.004

 
12, 0, 5, 12, 0.410, 1.372, 0.004

 
12, 0, 6, 14, 0.350, 1.379, 0.004

 
12, 0, 7, 16, 0.400, 1.381, 0.004

 
12, 0, 8, 18, 0.370, 1.388, 0.004

 
12, 0, 9, 20, 0.350, 1.393, 0.004

 
12, 0, 10, 22, 0.380, 1.385, 0.004

 
12, 0, 11, 24, 0.300, 1.395, 0.004

 
12, 0, 12, 26, 0.400, 1.385, 0.004

 
12, 0, 13, 28, 0.330, 1.396, 0.004

 
12, 0, 14, 30, 0.340, 1.392, 0.004

 
12, 0, 15, 32, 4.260, 1.339, 0.004

 
12, 1, 0, 1, 0.430, 1.374, 0.004

 
12, 1, 1, 3, 0.030, 1.385, 0.004

 
12, 1, 2, 5, 0.430, 1.365, 0.004

 
12, 1, 3, 7, 0.400, 1.373, 0.004

 
12, 1, 4, 9, 0.420, 1.382, 0.004

 
12, 1, 5, 11, 0.450, 1.377, 0.004

 
12, 1, 6, 13, 0.420, 1.369, 0.004

 
12, 1, 7, 15, 0.400, 1.385, 0.004

 
12, 1, 8, 17, 0.430, 1.363, 0.004

 
12, 1, 9, 19, 0.340, 1.364, 0.004

 
12, 1, 10, 21, 0.170, 1.363, 0.004

 
12, 1, 11, 23, 0.260, 1.382, 0.004

 
12, 1, 12, 25, 0.300, 1.376, 0.004

 
12, 1, 13, 27, 0.270, 1.360, 0.004

 
12, 1, 14, 29, 0.290, 1.376, 0.004

 
12, 1, 15, 31, 0.310, 1.362, 0.004

 
13, 0, 0, 2, 0.350, 1.390, 0.004

 
13, 0, 1, 4, 0.380, 1.385, 0.004

 
13, 0, 2, 6, 0.360, 1.376, 0.004

 
13, 0, 3, 8, 0.440, 1.381, 0.004

 
13, 0, 4, 10, 0.360, 1.378, 0.004

 
13, 0, 5, 12, 0.400, 1.378, 0.004

 
13, 0, 6, 14, 0.350, 1.389, 0.004

 
13, 0, 7, 16, 0.390, 1.377, 0.004

 
13, 0, 8, 18, 0.380, 1.390, 0.004

 
13, 0, 9, 20, 0.350, 1.389, 0.004

 
13, 0, 10, 22, 0.380, 1.381, 0.004

 
13, 0, 11, 24, 0.300, 1.391, 0.004

 
13, 0, 12, 26, 0.400, 1.385, 0.004

 
13, 0, 13, 28, 0.320, 1.384, 0.004

 
13, 0, 14, 30, 0.350, 1.395, 0.004

 
13, 0, 15, 32, 4.260, 1.339, 0.004

 
13, 1, 0, 1, 0.430, 1.383, 0.004

 
13, 1, 1, 3, 0.030, 1.379, 0.004

 
13, 1, 2, 5, 0.430, 1.362, 0.004

 
13, 1, 3, 7, 0.400, 1.355, 0.004

 
13, 1, 4, 9, 0.420, 1.375, 0.004

 
13, 1, 5, 11, 0.450, 1.376, 0.004

 
13, 1, 6, 13, 0.410, 1.370, 0.004

 
13, 1, 7, 15, 0.400, 1.372, 0.004

 
13, 1, 8, 17, 0.430, 1.371, 0.004

 
13, 1, 9, 19, 0.330, 1.368, 0.004

 
13, 1, 10, 21, 0.170, 1.368, 0.004

 
13, 1, 11, 23, 0.260, 1.369, 0.004

 
13, 1, 12, 25, 0.310, 1.378, 0.004

 
13, 1, 13, 27, 0.270, 1.370, 0.004

 
13, 1, 14, 29, 0.290, 1.375, 0.004

 
13, 1, 15, 31, 0.310, 1.363, 0.004

 
14, 0, 0, 2, 0.350, 1.386, 0.004

 
14, 0, 1, 4, 0.380, 1.397, 0.004

 
14, 0, 2, 6, 0.360, 1.390, 0.004

 
14, 0, 3, 8, 0.450, 1.388, 0.004

 
14, 0, 4, 10, 0.360, 1.383, 0.004

 
14, 0, 5, 12, 0.400, 1.389, 0.004

 
14, 0, 6, 14, 0.350, 1.380, 0.004

 
14, 0, 7, 16, 0.400, 1.391, 0.004

 
14, 0, 8, 18, 0.370, 1.389, 0.004

 
14, 0, 9, 20, 0.350, 1.388, 0.004

 
14, 0, 10, 22, 0.380, 1.380, 0.004

 
14, 0, 11, 24, 0.300, 1.390, 0.004

 
14, 0, 12, 26, 0.400, 1.379, 0.004

 
14, 0, 13, 28, 0.320, 1.392, 0.004

 
14, 0, 14, 30, 0.340, 1.394, 0.004

 
14, 0, 15, 32, 4.300, 1.352, 0.004

 
14, 1, 0, 1, 0.430, 1.369, 0.004

 
14, 1, 1, 3, 0.130, 1.373, 0.004

 
14, 1, 2, 5, 0.430, 1.374, 0.004

 
14, 1, 3, 7, 0.400, 1.349, 0.004

 
14, 1, 4, 9, 0.420, 1.375, 0.004

 
14, 1, 5, 11, 0.460, 1.355, 0.004

 
14, 1, 6, 13, 0.410, 1.374, 0.004

 
14, 1, 7, 15, 0.390, 1.373, 0.004

 
14, 1, 8, 17, 0.440, 1.363, 0.004

 
14, 1, 9, 19, 0.330, 1.374, 0.004

 
14, 1, 10, 21, 0.170, 1.370, 0.004

 
14, 1, 11, 23, 0.260, 1.373, 0.004

 
14, 1, 12, 25, 0.370, 1.372, 0.004

 
14, 1, 13, 27, 0.270, 1.374, 0.004

 
14, 1, 14, 29, 0.290, 1.370, 0.004

 
14, 1, 15, 31, 0.300, 1.374, 0.004

 
15, 0, 0, 2, 0.340, 1.390, 0.004

 
15, 0, 1, 4, 0.380, 1.380, 0.004

 
15, 0, 2, 6, 0.350, 1.393, 0.004

 
15, 0, 3, 8, 0.450, 1.392, 0.004

 
15, 0, 4, 10, 0.360, 1.373, 0.004

 
15, 0, 5, 12, 0.400, 1.386, 0.004

 
15, 0, 6, 14, 0.350, 1.375, 0.004

 
15, 0, 7, 16, 0.390, 1.391, 0.004

 
15, 0, 8, 18, 0.380, 1.391, 0.004

 
15, 0, 9, 20, 0.350, 1.386, 0.004

 
15, 0, 10, 22, 0.380, 1.377, 0.004

 
15, 0, 11, 24, 0.300, 1.397, 0.004

 
15, 0, 12, 26, 0.400, 1.382, 0.004

 
15, 0, 13, 28, 0.320, 1.383, 0.004

 
15, 0, 14, 30, 0.340, 1.391, 0.004

 
15, 0, 15, 32, 4.290, 1.311, 0.004

 
15, 1, 0, 1, 0.430, 1.373, 0.004

 
15, 1, 1, 3, 0.110, 1.373, 0.004

 
15, 1, 2, 5, 0.430, 1.346, 0.004

 
15, 1, 3, 7, 0.400, 1.361, 0.004

 
15, 1, 4, 9, 0.410, 1.376, 0.004

 
15, 1, 5, 11, 0.460, 1.371, 0.004

 
15, 1, 6, 13, 0.400, 1.378, 0.004

 
15, 1, 7, 15, 0.390, 1.367, 0.004

 
15, 1, 8, 17, 0.440, 1.371, 0.004

 
15, 1, 9, 19, 0.330, 1.361, 0.004

 
15, 1, 10, 21, 0.170, 1.369, 0.004

 
15, 1, 11, 23, 0.250, 1.370, 0.004

 
15, 1, 12, 25, 0.370, 1.375, 0.004

 
15, 1, 13, 27, 0.270, 1.373, 0.004

 
15, 1, 14, 29, 0.290, 1.379, 0.004

 
15, 1, 15, 31, 0.310, 1.366, 0.004

 
16, 0, 0, 2, 0.340, 1.390, 0.004

 
16, 0, 1, 4, 0.380, 1.379, 0.004

 
16, 0, 2, 6, 0.350, 1.378, 0.004

 
16, 0, 3, 8, 0.450, 1.383, 0.004

 
16, 0, 4, 10, 0.360, 1.380, 0.004

 
16, 0, 5, 12, 0.410, 1.392, 0.004

 
16, 0, 6, 14, 0.350, 1.384, 0.004

 
16, 0, 7, 16, 0.390, 1.376, 0.004

 
16, 0, 8, 18, 0.380, 1.398, 0.004

 
16, 0, 9, 20, 0.350, 1.393, 0.004

 
16, 0, 10, 22, 0.380, 1.377, 0.004

 
16, 0, 11, 24, 0.300, 1.395, 0.004

 
16, 0, 12, 26, 0.400, 1.377, 0.004

 
16, 0, 13, 28, 0.320, 1.385, 0.004

 
16, 0, 14, 30, 0.340, 1.399, 0.004

 
16, 0, 15, 32, 4.270, 1.351, 0.004

 
16, 1, 0, 1, 0.420, 1.378, 0.004

 
16, 1, 1, 3, 0.130, 1.376, 0.004

 
16, 1, 2, 5, 0.430, 1.365, 0.004

 
16, 1, 3, 7, 0.400, 1.364, 0.004

 
16, 1, 4, 9, 0.420, 1.382, 0.004

 
16, 1, 5, 11, 0.450, 1.375, 0.004

 
16, 1, 6, 13, 0.410, 1.383, 0.004

 
16, 1, 7, 15, 0.400, 1.372, 0.004

 
16, 1, 8, 17, 0.440, 1.372, 0.004

 
16, 1, 9, 19, 0.330, 1.361, 0.004

 
16, 1, 10, 21, 0.170, 1.373, 0.004

 
16, 1, 11, 23, 0.250, 1.376, 0.004

 
16, 1, 12, 25, 0.350, 1.382, 0.004

 
16, 1, 13, 27, 0.270, 1.380, 0.004

 
16, 1, 14, 29, 0.300, 1.385, 0.004

 
16, 1, 15, 31, 0.310, 1.369, 0.004

 
17, 0, 0, 2, 0.350, 1.391, 0.004

 
17, 0, 1, 4, 0.390, 1.397, 0.004

 
17, 0, 2, 6, 0.350, 1.384, 0.004

 
17, 0, 3, 8, 0.450, 1.381, 0.004

 
17, 0, 4, 10, 0.360, 1.387, 0.004

 
17, 0, 5, 12, 0.410, 1.375, 0.004

 
17, 0, 6, 14, 0.350, 1.386, 0.004

 
17, 0, 7, 16, 0.390, 1.385, 0.004

 
17, 0, 8, 18, 0.380, 1.388, 0.004

 
17, 0, 9, 20, 0.350, 1.390, 0.004

 
17, 0, 10, 22, 0.380, 1.388, 0.004

 
17, 0, 11, 24, 0.300, 1.397, 0.004

 
17, 0, 12, 26, 0.400, 1.379, 0.004

 
17, 0, 13, 28, 0.320, 1.387, 0.004

 
17, 0, 14, 30, 0.340, 1.395, 0.004

 
17, 0, 15, 32, 4.300, 1.300, 0.004

 
17, 1, 0, 1, 0.430, 1.357, 0.004

 
17, 1, 1, 3, 0.090, 1.380, 0.004

 
17, 1, 2, 5, 0.430, 1.369, 0.004

 
17, 1, 3, 7, 0.400, 1.378, 0.004

 
17, 1, 4, 9, 0.430, 1.391, 0.004

 
17, 1, 5, 11, 0.440, 1.372, 0.004

 
17, 1, 6, 13, 0.410, 1.359, 0.004

 
17, 1, 7, 15, 0.400, 1.375, 0.004

 
17, 1, 8, 17, 0.440, 1.373, 0.004

 
17, 1, 9, 19, 0.310, 1.358, 0.004

 
17, 1, 10, 21, 0.170, 1.370, 0.004

 
17, 1, 11, 23, 0.260, 1.363, 0.004

 
17, 1, 12, 25, 0.360, 1.374, 0.004

 
17, 1, 13, 27, 0.270, 1.359, 0.004

 
17, 1, 14, 29, 0.290, 1.374, 0.004

 
17, 1, 15, 31, 0.310, 1.374, 0.004

 
18, 0, 0, 2, 0.350, 1.389, 0.004

 
18, 0, 1, 4, 0.390, 1.394, 0.004

 
18, 0, 2, 6, 0.350, 1.395, 0.004

 
18, 0, 3, 8, 0.450, 1.380, 0.004

 
18, 0, 4, 10, 0.360, 1.387, 0.004

 
18, 0, 5, 12, 0.410, 1.383, 0.004

 
18, 0, 6, 14, 0.350, 1.379, 0.004

 
18, 0, 7, 16, 0.390, 1.380, 0.004

 
18, 0, 8, 18, 0.370, 1.383, 0.004

 
18, 0, 9, 20, 0.350, 1.386, 0.004

 
18, 0, 10, 22, 0.390, 1.378, 0.004

 
18, 0, 11, 24, 0.300, 1.390, 0.004

 
18, 0, 12, 26, 0.400, 1.381, 0.004

 
18, 0, 13, 28, 0.320, 1.387, 0.004

 
18, 0, 14, 30, 0.350, 1.390, 0.004

 
18, 0, 15, 32, 4.300, 1.359, 0.004

 
18, 1, 0, 1, 0.430, 1.383, 0.004

 
18, 1, 1, 3, 0.130, 1.374, 0.004

 
18, 1, 2, 5, 0.430, 1.371, 0.004

 
18, 1, 3, 7, 0.400, 1.364, 0.004

 
18, 1, 4, 9, 0.430, 1.372, 0.004

 
18, 1, 5, 11, 0.450, 1.372, 0.004

 
18, 1, 6, 13, 0.410, 1.375, 0.004

 
18, 1, 7, 15, 0.400, 1.373, 0.004

 
18, 1, 8, 17, 0.450, 1.370, 0.004

 
18, 1, 9, 19, 0.290, 1.369, 0.004

 
18, 1, 10, 21, 0.180, 1.362, 0.004

 
18, 1, 11, 23, 0.260, 1.374, 0.004

 
18, 1, 12, 25, 0.350, 1.369, 0.004

 
18, 1, 13, 27, 0.270, 1.378, 0.004

 
18, 1, 14, 29, 0.290, 1.368, 0.004

 
18, 1, 15, 31, 0.310, 1.366, 0.004

 
19, 0, 0, 2, 0.340, 1.390, 0.004

 
19, 0, 1, 4, 0.380, 1.387, 0.004

 
19, 0, 2, 6, 0.350, 1.383, 0.004

 
19, 0, 3, 8, 0.450, 1.395, 0.004

 
19, 0, 4, 10, 0.360, 1.367, 0.004

 
19, 0, 5, 12, 0.420, 1.384, 0.004

 
19, 0, 6, 14, 0.350, 1.382, 0.004

 
19, 0, 7, 16, 0.390, 1.386, 0.004

 
19, 0, 8, 18, 0.380, 1.391, 0.004

 
19, 0, 9, 20, 0.360, 1.389, 0.004

 
19, 0, 10, 22, 0.380, 1.385, 0.004

 
19, 0, 11, 24, 0.310, 1.398, 0.004

 
19, 0, 12, 26, 0.400, 1.370, 0.004

 
19, 0, 13, 28, 0.320, 1.392, 0.004

 
19, 0, 14, 30, 0.340, 1.399, 0.004

 
19, 0, 15, 32, 4.300, 1.307, 0.004

 
19, 1, 0, 1, 0.430, 1.372, 0.004

 
19, 1, 1, 3, 0.070, 1.378, 0.004

 
19, 1, 2, 5, 0.440, 1.374, 0.004

 
19, 1, 3, 7, 0.400, 1.352, 0.004

 
19, 1, 4, 9, 0.420, 1.377, 0.004

 
19, 1, 5, 11, 0.450, 1.377, 0.004

 
19, 1, 6, 13, 0.410, 1.370, 0.004

 
19, 1, 7, 15, 0.390, 1.379, 0.004

 
19, 1, 8, 17, 0.430, 1.373, 0.004

 
19, 1, 9, 19, 0.320, 1.356, 0.004

 
19, 1, 10, 21, 0.180, 1.367, 0.004

 
19, 1, 11, 23, 0.250, 1.374, 0.004

 
19, 1, 12, 25, 0.350, 1.366, 0.004

 
19, 1, 13, 27, 0.270, 1.370, 0.004

 
19, 1, 14, 29, 0.290, 1.378, 0.004

 
19, 1, 15, 31, 0.310, 1.361, 0.004

 
20, 0, 0, 2, 0.350, 1.386, 0.004

 
20, 0, 1, 4, 0.390, 1.385, 0.004

 
20, 0, 2, 6, 0.350, 1.397, 0.004

 
20, 0, 3, 8, 0.450, 1.397, 0.004

 
20, 0, 4, 10, 0.360, 1.380, 0.004

 
20, 0, 5, 12, 0.410, 1.382, 0.004

 
20, 0, 6, 14, 0.350, 1.375, 0.004

 
20, 0, 7, 16, 0.400, 1.383, 0.004

 
20, 0, 8, 18, 0.370, 1.392, 0.004

 
20, 0, 9, 20, 0.350, 1.389, 0.004

 
20, 0, 10, 22, 0.380, 1.387, 0.004

 
20, 0, 11, 24, 0.300, 1.393, 0.004

 
20, 0, 12, 26, 0.400, 1.375, 0.004

 
20, 0, 13, 28, 0.320, 1.387, 0.004

 
20, 0, 14, 30, 0.340, 1.397, 0.004

 
20, 0, 15, 32, 4.280, 1.369, 0.004

 
20, 1, 0, 1, 0.420, 1.374, 0.004

 
20, 1, 1, 3, 0.100, 1.380, 0.004

 
20, 1, 2, 5, 0.430, 1.368, 0.004

 
20, 1, 3, 7, 0.410, 1.358, 0.004

 
20, 1, 4, 9, 0.430, 1.372, 0.004

 
20, 1, 5, 11, 0.460, 1.363, 0.004

 
20, 1, 6, 13, 0.410, 1.374, 0.004

 
20, 1, 7, 15, 0.400, 1.376, 0.004

 
20, 1, 8, 17, 0.430, 1.372, 0.004

 
20, 1, 9, 19, 0.290, 1.360, 0.004

 
20, 1, 10, 21, 0.180, 1.371, 0.004

 
20, 1, 11, 23, 0.250, 1.370, 0.004

 
20, 1, 12, 25, 0.330, 1.368, 0.004

 
20, 1, 13, 27, 0.270, 1.370, 0.004

 
20, 1, 14, 29, 0.290, 1.379, 0.004

 
20, 1, 15, 31, 0.310, 1.364, 0.004

 
21, 0, 0, 2, 0.340, 1.377, 0.004

 
21, 0, 1, 4, 0.380, 1.393, 0.004

 
21, 0, 2, 6, 0.350, 1.382, 0.004

 
21, 0, 3, 8, 0.450, 1.374, 0.004

 
21, 0, 4, 10, 0.350, 1.377, 0.004

 
21, 0, 5, 12, 0.410, 1.389, 0.004

 
21, 0, 6, 14, 0.340, 1.387, 0.004

 
21, 0, 7, 16, 0.390, 1.387, 0.004

 
21, 0, 8, 18, 0.380, 1.398, 0.004

 
21, 0, 9, 20, 0.350, 1.389, 0.004

 
21, 0, 10, 22, 0.380, 1.373, 0.004

 
21, 0, 11, 24, 0.300, 1.392, 0.004

 
21, 0, 12, 26, 0.400, 1.371, 0.004

 
21, 0, 13, 28, 0.320, 1.397, 0.004

 
21, 0, 14, 30, 0.340, 1.389, 0.004

 
21, 0, 15, 32, 4.290, 1.347, 0.004

 
21, 1, 0, 1, 0.430, 1.365, 0.004

 
21, 1, 1, 3, 0.140, 1.374, 0.004

 
21, 1, 2, 5, 0.430, 1.376, 0.004

 
21, 1, 3, 7, 0.410, 1.357, 0.004

 
21, 1, 4, 9, 0.420, 1.375, 0.004

 
21, 1, 5, 11, 0.450, 1.379, 0.004

 
21, 1, 6, 13, 0.410, 1.374, 0.004

 
21, 1, 7, 15, 0.390, 1.382, 0.004

 
21, 1, 8, 17, 0.470, 1.379, 0.004

 
21, 1, 9, 19, 0.320, 1.359, 0.004

 
21, 1, 10, 21, 0.180, 1.361, 0.004

 
21, 1, 11, 23, 0.260, 1.367, 0.004

 
21, 1, 12, 25, 0.320, 1.371, 0.004

 
21, 1, 13, 27, 0.270, 1.373, 0.004

 
21, 1, 14, 29, 0.290, 1.362, 0.004

 
21, 1, 15, 31, 0.310, 1.369, 0.004

 
22, 0, 0, 2, 0.350, 1.381, 0.004

 
22, 0, 1, 4, 0.380, 1.367, 0.004

 
22, 0, 2, 6, 0.360, 1.381, 0.004

 
22, 0, 3, 8, 0.440, 1.393, 0.004

 
22, 0, 4, 10, 0.360, 1.391, 0.004

 
22, 0, 5, 12, 0.410, 1.377, 0.004

 
22, 0, 6, 14, 0.350, 1.384, 0.004

 
22, 0, 7, 16, 0.400, 1.376, 0.004

 
22, 0, 8, 18, 0.380, 1.390, 0.004

 
22, 0, 9, 20, 0.350, 1.387, 0.004

 
22, 0, 10, 22, 0.380, 1.384, 0.004

 
22, 0, 11, 24, 0.300, 1.393, 0.004

 
22, 0, 12, 26, 0.400, 1.363, 0.004

 
22, 0, 13, 28, 0.330, 1.387, 0.004

 
22, 0, 14, 30, 0.340, 1.393, 0.004

 
22, 0, 15, 32, 4.280, 1.336, 0.004

 
22, 1, 0, 1, 0.430, 1.375, 0.004

 
22, 1, 1, 3, 0.120, 1.373, 0.004

 
22, 1, 2, 5, 0.430, 1.355, 0.004

 
22, 1, 3, 7, 0.400, 1.360, 0.004

 
22, 1, 4, 9, 0.420, 1.369, 0.004

 
22, 1, 5, 11, 0.450, 1.365, 0.004

 
22, 1, 6, 13, 0.420, 1.375, 0.004

 
22, 1, 7, 15, 0.390, 1.386, 0.004

 
22, 1, 8, 17, 0.430, 1.374, 0.004

 
22, 1, 9, 19, 0.330, 1.354, 0.004

 
22, 1, 10, 21, 0.190, 1.369, 0.004

 
22, 1, 11, 23, 0.260, 1.373, 0.004

 
22, 1, 12, 25, 0.320, 1.377, 0.004

 
22, 1, 13, 27, 0.270, 1.360, 0.004

 
22, 1, 14, 29, 0.300, 1.373, 0.004

 
22, 1, 15, 31, 0.310, 1.367, 0.004

 
23, 0, 0, 2, 0.350, 1.398, 0.004

 
23, 0, 1, 4, 0.380, 1.387, 0.004

 
23, 0, 2, 6, 0.360, 1.391, 0.004

 
23, 0, 3, 8, 0.440, 1.394, 0.004

 
23, 0, 4, 10, 0.360, 1.390, 0.004

 
23, 0, 5, 12, 0.410, 1.385, 0.004

 
23, 0, 6, 14, 0.350, 1.388, 0.004

 
23, 0, 7, 16, 0.390, 1.394, 0.004

 
23, 0, 8, 18, 0.380, 1.385, 0.004

 
23, 0, 9, 20, 0.360, 1.395, 0.004

 
23, 0, 10, 22, 0.380, 1.379, 0.004

 
23, 0, 11, 24, 0.300, 1.398, 0.004

 
23, 0, 12, 26, 0.400, 1.382, 0.004

 
23, 0, 13, 28, 0.320, 1.393, 0.004

 
23, 0, 14, 30, 0.340, 1.387, 0.004

 
23, 0, 15, 32, 4.310, 1.338, 0.004

 
23, 1, 0, 1, 0.420, 1.372, 0.004

 
23, 1, 1, 3, 0.110, 1.385, 0.004

 
23, 1, 2, 5, 0.430, 1.364, 0.004

 
23, 1, 3, 7, 0.400, 1.350, 0.004

 
23, 1, 4, 9, 0.420, 1.386, 0.004

 
23, 1, 5, 11, 0.450, 1.378, 0.004

 
23, 1, 6, 13, 0.420, 1.369, 0.004

 
23, 1, 7, 15, 0.390, 1.373, 0.004

 
23, 1, 8, 17, 0.440, 1.375, 0.004

 
23, 1, 9, 19, 0.310, 1.367, 0.004

 
23, 1, 10, 21, 0.190, 1.367, 0.004

 
23, 1, 11, 23, 0.260, 1.372, 0.004

 
23, 1, 12, 25, 0.330, 1.375, 0.004

 
23, 1, 13, 27, 0.270, 1.380, 0.004

 
23, 1, 14, 29, 0.290, 1.376, 0.004

 
23, 1, 15, 31, 0.310, 1.369, 0.004

 
24, 0, 0, 2, 0.340, 1.384, 0.004

 
24, 0, 1, 4, 0.380, 1.378, 0.004

 
24, 0, 2, 6, 0.350, 1.388, 0.004

 
24, 0, 3, 8, 0.450, 1.381, 0.004

 
24, 0, 4, 10, 0.360, 1.376, 0.004

 
24, 0, 5, 12, 0.410, 1.383, 0.004

 
24, 0, 6, 14, 0.340, 1.385, 0.004

 
24, 0, 7, 16, 0.400, 1.385, 0.004

 
24, 0, 8, 18, 0.380, 1.392, 0.004

 
24, 0, 9, 20, 0.350, 1.382, 0.004

 
24, 0, 10, 22, 0.380, 1.382, 0.004

 
24, 0, 11, 24, 0.300, 1.399, 0.004

 
24, 0, 12, 26, 0.400, 1.385, 0.004

 
24, 0, 13, 28, 0.320, 1.391, 0.004

 
24, 0, 14, 30, 0.350, 1.404, 0.004

 
24, 0, 15, 32, 4.310, 1.282, 0.004

 
24, 1, 0, 1, 0.430, 1.371, 0.004

 
24, 1, 1, 3, 0.130, 1.376, 0.004

 
24, 1, 2, 5, 0.430, 1.369, 0.004

 
24, 1, 3, 7, 0.410, 1.368, 0.004

 
24, 1, 4, 9, 0.420, 1.383, 0.004

 
24, 1, 5, 11, 0.450, 1.378, 0.004

 
24, 1, 6, 13, 0.420, 1.377, 0.004

 
24, 1, 7, 15, 0.400, 1.368, 0.004

 
24, 1, 8, 17, 0.440, 1.376, 0.004

 
24, 1, 9, 19, 0.290, 1.364, 0.004

 
24, 1, 10, 21, 0.210, 1.361, 0.004

 
24, 1, 11, 23, 0.250, 1.376, 0.004

 
24, 1, 12, 25, 0.350, 1.373, 0.004

 
24, 1, 13, 27, 0.270, 1.371, 0.004

 
24, 1, 14, 29, 0.290, 1.368, 0.004

 
24, 1, 15, 31, 0.300, 1.366, 0.004

 
25, 0, 0, 2, 0.350, 1.389, 0.004

 
25, 0, 1, 4, 0.380, 1.380, 0.004

 
25, 0, 2, 6, 0.360, 1.391, 0.004

 
25, 0, 3, 8, 0.450, 1.390, 0.004

 
25, 0, 4, 10, 0.360, 1.376, 0.004

 
25, 0, 5, 12, 0.410, 1.376, 0.004

 
25, 0, 6, 14, 0.340, 1.388, 0.004

 
25, 0, 7, 16, 0.400, 1.379, 0.004

 
25, 0, 8, 18, 0.380, 1.388, 0.004

 
25, 0, 9, 20, 0.350, 1.394, 0.004

 
25, 0, 10, 22, 0.390, 1.372, 0.004

 
25, 0, 11, 24, 0.300, 1.404, 0.004

 
25, 0, 12, 26, 0.400, 1.384, 0.004

 
25, 0, 13, 28, 0.320, 1.395, 0.004

 
25, 0, 14, 30, 0.340, 1.391, 0.004

 
25, 0, 15, 32, 4.290, 1.323, 0.004

 
25, 1, 0, 1, 0.420, 1.375, 0.004

 
25, 1, 1, 3, 0.110, 1.376, 0.004

 
25, 1, 2, 5, 0.440, 1.365, 0.004

 
25, 1, 3, 7, 0.400, 1.359, 0.004

 
25, 1, 4, 9, 0.430, 1.378, 0.004

 
25, 1, 5, 11, 0.450, 1.372, 0.004

 
25, 1, 6, 13, 0.410, 1.362, 0.004

 
25, 1, 7, 15, 0.390, 1.383, 0.004

 
25, 1, 8, 17, 0.440, 1.369, 0.004

 
25, 1, 9, 19, 0.240, 1.368, 0.004

 
25, 1, 10, 21, 0.200, 1.360, 0.004

 
25, 1, 11, 23, 0.250, 1.373, 0.004

 
25, 1, 12, 25, 0.320, 1.381, 0.004

 
25, 1, 13, 27, 0.270, 1.366, 0.004

 
25, 1, 14, 29, 0.290, 1.375, 0.004

 
25, 1, 15, 31, 0.300, 1.364, 0.004

 
26, 0, 0, 2, 0.360, 1.371, 0.004

 
26, 0, 1, 4, 0.390, 1.375, 0.004

 
26, 0, 2, 6, 0.350, 1.366, 0.004

 
26, 0, 3, 8, 0.450, 1.379, 0.004

 
26, 0, 4, 10, 0.370, 1.370, 0.004

 
26, 0, 5, 12, 0.410, 1.376, 0.004

 
26, 0, 6, 14, 0.350, 1.393, 0.004

 
26, 0, 7, 16, 0.400, 1.382, 0.004

 
26, 0, 8, 18, 0.380, 1.388, 0.004

 
26, 0, 9, 20, 0.350, 1.389, 0.004

 
26, 0, 10, 22, 0.380, 1.384, 0.004

 
26, 0, 11, 24, 0.300, 1.397, 0.004

 
26, 0, 12, 26, 0.400, 1.379, 0.004

 
26, 0, 13, 28, 0.320, 1.389, 0.004

 
26, 0, 14, 30, 0.350, 1.394, 0.004

 
26, 0, 15, 32, 4.300, 1.325, 0.004

 
26, 1, 0, 1, 0.440, 1.380, 0.004

 
26, 1, 1, 3, 0.090, 1.375, 0.004

 
26, 1, 2, 5, 0.430, 1.367, 0.004

 
26, 1, 3, 7, 0.410, 1.354, 0.004

 
26, 1, 4, 9, 0.430, 1.381, 0.004

 
26, 1, 5, 11, 0.450, 1.371, 0.004

 
26, 1, 6, 13, 0.410, 1.363, 0.004

 
26, 1, 7, 15, 0.390, 1.378, 0.004

 
26, 1, 8, 17, 0.460, 1.363, 0.004

 
26, 1, 9, 19, 0.250, 1.366, 0.004

 
26, 1, 10, 21, 0.190, 1.366, 0.004

 
26, 1, 11, 23, 0.260, 1.370, 0.004

 
26, 1, 12, 25, 0.310, 1.377, 0.004

 
26, 1, 13, 27, 0.270, 1.372, 0.004

 
26, 1, 14, 29, 0.300, 1.358, 0.004

 
26, 1, 15, 31, 0.310, 1.365, 0.004

 
27, 0, 0, 2, 0.340, 1.394, 0.004

 
27, 0, 1, 4, 0.390, 1.387, 0.004

 
27, 0, 2, 6, 0.360, 1.391, 0.004

 
27, 0, 3, 8, 0.450, 1.379, 0.004

 
27, 0, 4, 10, 0.360, 1.383, 0.004

 
27, 0, 5, 12, 0.410, 1.384, 0.004

 
27, 0, 6, 14, 0.340, 1.382, 0.004

 
27, 0, 7, 16, 0.400, 1.393, 0.004

 
27, 0, 8, 18, 0.370, 1.391, 0.004

 
27, 0, 9, 20, 0.360, 1.396, 0.004

 
27, 0, 10, 22, 0.380, 1.372, 0.004

 
27, 0, 11, 24, 0.300, 1.394, 0.004

 
27, 0, 12, 26, 0.400, 1.376, 0.004

 
27, 0, 13, 28, 0.320, 1.392, 0.004

 
27, 0, 14, 30, 0.360, 1.393, 0.004

 
27, 0, 15, 32, 4.300, 1.330, 0.004

 
27, 1, 0, 1, 0.430, 1.370, 0.004

 
27, 1, 1, 3, 0.160, 1.371, 0.004

 
27, 1, 2, 5, 0.430, 1.362, 0.004

 
27, 1, 3, 7, 0.410, 1.359, 0.004

 
27, 1, 4, 9, 0.420, 1.372, 0.004

 
27, 1, 5, 11, 0.450, 1.377, 0.004

 
27, 1, 6, 13, 0.410, 1.370, 0.004

 
27, 1, 7, 15, 0.390, 1.382, 0.004

 
27, 1, 8, 17, 0.450, 1.379, 0.004

 
27, 1, 9, 19, 0.240, 1.363, 0.004

 
27, 1, 10, 21, 0.160, 1.366, 0.004

 
27, 1, 11, 23, 0.260, 1.377, 0.004

 
27, 1, 12, 25, 0.310, 1.380, 0.004

 
27, 1, 13, 27, 0.280, 1.373, 0.004

 
27, 1, 14, 29, 0.290, 1.371, 0.004

 
27, 1, 15, 31, 0.310, 1.365, 0.004

 
28, 0, 0, 2, 0.340, 1.394, 0.004

 
28, 0, 1, 4, 0.390, 1.388, 0.004

 
28, 0, 2, 6, 0.360, 1.395, 0.004

 
28, 0, 3, 8, 0.440, 1.387, 0.004

 
28, 0, 4, 10, 0.360, 1.368, 0.004

 
28, 0, 5, 12, 0.410, 1.378, 0.004

 
28, 0, 6, 14, 0.350, 1.387, 0.004

 
28, 0, 7, 16, 0.400, 1.391, 0.004

 
28, 0, 8, 18, 0.380, 1.388, 0.004

 
28, 0, 9, 20, 0.340, 1.391, 0.004

 
28, 0, 10, 22, 0.380, 1.380, 0.004

 
28, 0, 11, 24, 0.300, 1.394, 0.004

 
28, 0, 12, 26, 0.400, 1.372, 0.004

 
28, 0, 13, 28, 0.330, 1.385, 0.004

 
28, 0, 14, 30, 0.350, 1.381, 0.004

 
28, 0, 15, 32, 4.270, 1.339, 0.004

 
28, 1, 0, 1, 0.430, 1.378, 0.004

 
28, 1, 1, 3, 0.080, 1.376, 0.004

 
28, 1, 2, 5, 0.440, 1.365, 0.004

 
28, 1, 3, 7, 0.400, 1.352, 0.004

 
28, 1, 4, 9, 0.430, 1.376, 0.004

 
28, 1, 5, 11, 0.450, 1.345, 0.004

 
28, 1, 6, 13, 0.410, 1.377, 0.004

 
28, 1, 7, 15, 0.400, 1.358, 0.004

 
28, 1, 8, 17, 0.450, 1.384, 0.004

 
28, 1, 9, 19, 0.250, 1.363, 0.004

 
28, 1, 10, 21, 0.200, 1.364, 0.004

 
28, 1, 11, 23, 0.250, 1.362, 0.004

 
28, 1, 12, 25, 0.310, 1.374, 0.004

 
28, 1, 13, 27, 0.270, 1.372, 0.004

 
28, 1, 14, 29, 0.290, 1.376, 0.004

 
28, 1, 15, 31, 0.310, 1.362, 0.004

 
29, 0, 0, 2, 0.350, 1.409, 0.004

 
29, 0, 1, 4, 0.380, 1.395, 0.004

 
29, 0, 2, 6, 0.350, 1.387, 0.004

 
29, 0, 3, 8, 0.450, 1.387, 0.004

 
29, 0, 4, 10, 0.360, 1.370, 0.004

 
29, 0, 5, 12, 0.410, 1.366, 0.004

 
29, 0, 6, 14, 0.350, 1.385, 0.004

 
29, 0, 7, 16, 0.400, 1.378, 0.004

 
29, 0, 8, 18, 0.380, 1.388, 0.004

 
29, 0, 9, 20, 0.350, 1.380, 0.004

 
29, 0, 10, 22, 0.370, 1.378, 0.004

 
29, 0, 11, 24, 0.300, 1.390, 0.004

 
29, 0, 12, 26, 0.400, 1.376, 0.004

 
29, 0, 13, 28, 0.330, 1.391, 0.004

 
29, 0, 14, 30, 0.350, 1.386, 0.004

 
29, 0, 15, 32, 4.300, 1.267, 0.004

 
29, 1, 0, 1, 0.430, 1.374, 0.004

 
29, 1, 1, 3, 0.130, 1.376, 0.004

 
29, 1, 2, 5, 0.430, 1.369, 0.004

 
29, 1, 3, 7, 0.400, 1.358, 0.004

 
29, 1, 4, 9, 0.430, 1.389, 0.004

 
29, 1, 5, 11, 0.460, 1.377, 0.004

 
29, 1, 6, 13, 0.410, 1.374, 0.004

 
29, 1, 7, 15, 0.390, 1.377, 0.004

 
29, 1, 8, 17, 0.440, 1.371, 0.004

 
29, 1, 9, 19, 0.240, 1.360, 0.004

 
29, 1, 10, 21, 0.220, 1.367, 0.004

 
29, 1, 11, 23, 0.260, 1.368, 0.004

 
29, 1, 12, 25, 0.270, 1.372, 0.004

 
29, 1, 13, 27, 0.270, 1.369, 0.004

 
29, 1, 14, 29, 0.290, 1.342, 0.004

 
29, 1, 15, 31, 0.310, 1.365, 0.004

 
30, 0, 0, 2, 0.350, 1.386, 0.004

 
30, 0, 1, 4, 0.380, 1.362, 0.004

 
30, 0, 2, 6, 0.360, 1.397, 0.004

 
30, 0, 3, 8, 0.450, 1.379, 0.004

 
30, 0, 4, 10, 0.360, 1.382, 0.004

 
30, 0, 5, 12, 0.410, 1.386, 0.004

 
30, 0, 6, 14, 0.350, 1.386, 0.004

 
30, 0, 7, 16, 0.400, 1.380, 0.004

 
30, 0, 8, 18, 0.380, 1.400, 0.004

 
30, 0, 9, 20, 0.350, 1.393, 0.004

 
30, 0, 10, 22, 0.380, 1.385, 0.004

 
30, 0, 11, 24, 0.310, 1.392, 0.004

 
30, 0, 12, 26, 0.400, 1.376, 0.004

 
30, 0, 13, 28, 0.330, 1.382, 0.004

 
30, 0, 14, 30, 0.350, 1.384, 0.004

 
30, 0, 15, 32, 4.290, 1.318, 0.004

 
30, 1, 0, 1, 0.430, 1.363, 0.004

 
30, 1, 1, 3, 0.110, 1.379, 0.004

 
30, 1, 2, 5, 0.440, 1.361, 0.004

 
30, 1, 3, 7, 0.400, 1.365, 0.004

 
30, 1, 4, 9, 0.430, 1.384, 0.004

 
30, 1, 5, 11, 0.450, 1.377, 0.004

 
30, 1, 6, 13, 0.420, 1.372, 0.004

 
30, 1, 7, 15, 0.400, 1.367, 0.004

 
30, 1, 8, 17, 0.440, 1.378, 0.004

 
30, 1, 9, 19, 0.250, 1.368, 0.004

 
30, 1, 10, 21, 0.220, 1.371, 0.004

 
30, 1, 11, 23, 0.260, 1.367, 0.004

 
30, 1, 12, 25, 0.250, 1.379, 0.004

 
30, 1, 13, 27, 0.270, 1.373, 0.004

 
30, 1, 14, 29, 0.290, 1.379, 0.004

 
30, 1, 15, 31, 0.310, 1.371, 0.004

 
31, 0, 0, 2, 0.340, 1.384, 0.004

 
31, 0, 1, 4, 0.390, 1.389, 0.004

 
31, 0, 2, 6, 0.360, 1.391, 0.004

 
31, 0, 3, 8, 0.450, 1.380, 0.004

 
31, 0, 4, 10, 0.360, 1.386, 0.004

 
31, 0, 5, 12, 0.410, 1.381, 0.004

 
31, 0, 6, 14, 0.360, 1.389, 0.004

 
31, 0, 7, 16, 0.400, 1.380, 0.004

 
31, 0, 8, 18, 0.380, 1.401, 0.004

 
31, 0, 9, 20, 0.350, 1.390, 0.004

 
31, 0, 10, 22, 0.390, 1.374, 0.004

 
31, 0, 11, 24, 0.300, 1.394, 0.004

 
31, 0, 12, 26, 0.400, 1.373, 0.004

 
31, 0, 13, 28, 0.330, 1.389, 0.004

 
31, 0, 14, 30, 0.340, 1.388, 0.004

 
31, 0, 15, 32, 4.290, 1.347, 0.004

 
31, 1, 0, 1, 0.430, 1.359, 0.004

 
31, 1, 1, 3, 0.100, 1.383, 0.004

 
31, 1, 2, 5, 0.430, 1.365, 0.004

 
31, 1, 3, 7, 0.400, 1.361, 0.004

 
31, 1, 4, 9, 0.430, 1.369, 0.004

 
31, 1, 5, 11, 0.460, 1.371, 0.004

 
31, 1, 6, 13, 0.410, 1.377, 0.004

 
31, 1, 7, 15, 0.390, 1.384, 0.004

 
31, 1, 8, 17, 0.440, 1.375, 0.004

 
31, 1, 9, 19, 0.220, 1.360, 0.004

 
31, 1, 10, 21, 0.190, 1.370, 0.004

 
31, 1, 11, 23, 0.260, 1.377, 0.004

 
31, 1, 12, 25, 0.270, 1.373, 0.004

 
31, 1, 13, 27, 0.270, 1.368, 0.004

 
31, 1, 14, 29, 0.290, 1.378, 0.004

 
31, 1, 15, 31, 0.310, 1.369, 0.004

 
32, 0, 0, 2, 0.350, 1.384, 0.004

 
32, 0, 1, 4, 0.380, 1.383, 0.004

 
32, 0, 2, 6, 0.350, 1.383, 0.004

 
32, 0, 3, 8, 0.450, 1.383, 0.004

 
32, 0, 4, 10, 0.360, 1.376, 0.004

 
32, 0, 5, 12, 0.410, 1.389, 0.004

 
32, 0, 6, 14, 0.350, 1.390, 0.004

 
32, 0, 7, 16, 0.400, 1.381, 0.004

 
32, 0, 8, 18, 0.380, 1.398, 0.004

 
32, 0, 9, 20, 0.360, 1.394, 0.004

 
32, 0, 10, 22, 0.380, 1.384, 0.004

 
32, 0, 11, 24, 0.300, 1.395, 0.004

 
32, 0, 12, 26, 0.400, 1.379, 0.004

 
32, 0, 13, 28, 0.330, 1.396, 0.004

 
32, 0, 14, 30, 0.340, 1.398, 0.004

 
32, 0, 15, 32, 4.280, 1.333, 0.004

 
32, 1, 0, 1, 0.430, 1.385, 0.004

 
32, 1, 1, 3, 0.080, 1.376, 0.004

 
32, 1, 2, 5, 0.440, 1.378, 0.004

 
32, 1, 3, 7, 0.410, 1.359, 0.004

 
32, 1, 4, 9, 0.420, 1.371, 0.004

 
32, 1, 5, 11, 0.450, 1.373, 0.004

 
32, 1, 6, 13, 0.420, 1.377, 0.004

 
32, 1, 7, 15, 0.400, 1.385, 0.004

 
32, 1, 8, 17, 0.470, 1.372, 0.004

 
32, 1, 9, 19, 0.220, 1.369, 0.004

 
32, 1, 10, 21, 0.170, 1.365, 0.004

 
32, 1, 11, 23, 0.260, 1.375, 0.004

 
32, 1, 12, 25, 0.300, 1.377, 0.004

 
32, 1, 13, 27, 0.270, 1.378, 0.004

 
32, 1, 14, 29, 0.290, 1.375, 0.004

 
32, 1, 15, 31, 0.300, 1.368, 0.004

 
33, 0, 0, 2, 0.350, 1.395, 0.004

 
33, 0, 1, 4, 0.390, 1.387, 0.004

 
33, 0, 2, 6, 0.360, 1.386, 0.004

 
33, 0, 3, 8, 0.450, 1.392, 0.004

 
33, 0, 4, 10, 0.360, 1.379, 0.004

 
33, 0, 5, 12, 0.410, 1.380, 0.004

 
33, 0, 6, 14, 0.350, 1.387, 0.004

 
33, 0, 7, 16, 0.410, 1.384, 0.004

 
33, 0, 8, 18, 0.380, 1.387, 0.004

 
33, 0, 9, 20, 0.350, 1.389, 0.004

 
33, 0, 10, 22, 0.380, 1.382, 0.004

 
33, 0, 11, 24, 0.300, 1.397, 0.004

 
33, 0, 12, 26, 0.400, 1.373, 0.004

 
33, 0, 13, 28, 0.330, 1.382, 0.004

 
33, 0, 14, 30, 0.340, 1.381, 0.004

 
33, 0, 15, 32, 4.310, 1.339, 0.004

 
33, 1, 0, 1, 0.420, 1.372, 0.004

 
33, 1, 1, 3, 0.110, 1.378, 0.004

 
33, 1, 2, 5, 0.440, 1.373, 0.004

 
33, 1, 3, 7, 0.410, 1.357, 0.004

 
33, 1, 4, 9, 0.430, 1.375, 0.004

 
33, 1, 5, 11, 0.450, 1.382, 0.004

 
33, 1, 6, 13, 0.410, 1.374, 0.004

 
33, 1, 7, 15, 0.400, 1.377, 0.004

 
33, 1, 8, 17, 0.450, 1.373, 0.004

 
33, 1, 9, 19, 0.240, 1.368, 0.004

 
33, 1, 10, 21, 0.170, 1.365, 0.004

 
33, 1, 11, 23, 0.260, 1.369, 0.004

 
33, 1, 12, 25, 0.310, 1.373, 0.004

 
33, 1, 13, 27, 0.270, 1.346, 0.004

 
33, 1, 14, 29, 0.290, 1.379, 0.004

 
33, 1, 15, 31, 0.300, 1.365, 0.004

 
34, 0, 0, 2, 0.340, 1.391, 0.004

 
34, 0, 1, 4, 0.390, 1.388, 0.004

 
34, 0, 2, 6, 0.360, 1.390, 0.004

 
34, 0, 3, 8, 0.450, 1.377, 0.004

 
34, 0, 4, 10, 0.360, 1.377, 0.004

 
34, 0, 5, 12, 0.420, 1.389, 0.004

 
34, 0, 6, 14, 0.350, 1.377, 0.004

 
34, 0, 7, 16, 0.390, 1.372, 0.004

 
34, 0, 8, 18, 0.380, 1.389, 0.004

 
34, 0, 9, 20, 0.350, 1.390, 0.004

 
34, 0, 10, 22, 0.370, 1.377, 0.004

 
34, 0, 11, 24, 0.310, 1.391, 0.004

 
34, 0, 12, 26, 0.400, 1.371, 0.004

 
34, 0, 13, 28, 0.330, 1.387, 0.004

 
34, 0, 14, 30, 0.350, 1.390, 0.004

 
34, 0, 15, 32, 4.340, 1.318, 0.004

 
34, 1, 0, 1, 0.430, 1.371, 0.004

 
34, 1, 1, 3, 0.100, 1.378, 0.004

 
34, 1, 2, 5, 0.430, 1.377, 0.004

 
34, 1, 3, 7, 0.400, 1.363, 0.004

 
34, 1, 4, 9, 0.430, 1.385, 0.004

 
34, 1, 5, 11, 0.450, 1.371, 0.004

 
34, 1, 6, 13, 0.410, 1.373, 0.004

 
34, 1, 7, 15, 0.390, 1.392, 0.004

 
34, 1, 8, 17, 0.450, 1.370, 0.004

 
34, 1, 9, 19, 0.230, 1.361, 0.004

 
34, 1, 10, 21, 0.220, 1.369, 0.004

 
34, 1, 11, 23, 0.260, 1.369, 0.004

 
34, 1, 12, 25, 0.290, 1.379, 0.004

 
34, 1, 13, 27, 0.270, 1.369, 0.004

 
34, 1, 14, 29, 0.290, 1.385, 0.004

 
34, 1, 15, 31, 0.310, 1.369, 0.004

 
35, 0, 0, 2, 0.340, 1.391, 0.004

 
35, 0, 1, 4, 0.380, 1.387, 0.004

 
35, 0, 2, 6, 0.350, 1.388, 0.004

 
35, 0, 3, 8, 0.450, 1.391, 0.004

 
35, 0, 4, 10, 0.360, 1.385, 0.004

 
35, 0, 5, 12, 0.410, 1.376, 0.004

 
35, 0, 6, 14, 0.350, 1.394, 0.004

 
35, 0, 7, 16, 0.400, 1.385, 0.004

 
35, 0, 8, 18, 0.380, 1.400, 0.004

 
35, 0, 9, 20, 0.350, 1.390, 0.004

 
35, 0, 10, 22, 0.380, 1.381, 0.004

 
35, 0, 11, 24, 0.310, 1.394, 0.004

 
35, 0, 12, 26, 0.400, 1.379, 0.004

 
35, 0, 13, 28, 0.320, 1.391, 0.004

 
35, 0, 14, 30, 0.340, 1.395, 0.004

 
35, 0, 15, 32, 4.340, 1.349, 0.004

 
35, 1, 0, 1, 0.420, 1.366, 0.004

 
35, 1, 1, 3, 0.090, 1.384, 0.004

 
35, 1, 2, 5, 0.430, 1.370, 0.004

 
35, 1, 3, 7, 0.410, 1.353, 0.004

 
35, 1, 4, 9, 0.430, 1.375, 0.004

 
35, 1, 5, 11, 0.450, 1.381, 0.004

 
35, 1, 6, 13, 0.410, 1.374, 0.004

 
35, 1, 7, 15, 0.400, 1.382, 0.004

 
35, 1, 8, 17, 0.440, 1.373, 0.004

 
35, 1, 9, 19, 0.260, 1.363, 0.004

 
35, 1, 10, 21, 0.210, 1.368, 0.004

 
35, 1, 11, 23, 0.260, 1.366, 0.004

 
35, 1, 12, 25, 0.290, 1.377, 0.004

 
35, 1, 13, 27, 0.270, 1.371, 0.004

 
35, 1, 14, 29, 0.290, 1.368, 0.004

 
35, 1, 15, 31, 0.310, 1.368, 0.004

 
36, 0, 0, 2, 0.340, 1.390, 0.004

 
36, 0, 1, 4, 0.390, 1.381, 0.004

 
36, 0, 2, 6, 0.350, 1.390, 0.004

 
36, 0, 3, 8, 0.450, 1.386, 0.004

 
36, 0, 4, 10, 0.360, 1.373, 0.004

 
36, 0, 5, 12, 0.400, 1.378, 0.004

 
36, 0, 6, 14, 0.350, 1.386, 0.004

 
36, 0, 7, 16, 0.400, 1.375, 0.004

 
36, 0, 8, 18, 0.370, 1.391, 0.004

 
36, 0, 9, 20, 0.360, 1.388, 0.004

 
36, 0, 10, 22, 0.380, 1.376, 0.004

 
36, 0, 11, 24, 0.300, 1.395, 0.004

 
36, 0, 12, 26, 0.400, 1.386, 0.004

 
36, 0, 13, 28, 0.330, 1.390, 0.004

 
36, 0, 14, 30, 0.340, 1.396, 0.004

 
36, 0, 15, 32, 4.320, 1.299, 0.004

 
36, 1, 0, 1, 0.440, 1.374, 0.004

 
36, 1, 1, 3, 0.080, 1.377, 0.004

 
36, 1, 2, 5, 0.440, 1.363, 0.004

 
36, 1, 3, 7, 0.400, 1.361, 0.004

 
36, 1, 4, 9, 0.430, 1.370, 0.004

 
36, 1, 5, 11, 0.450, 1.370, 0.004

 
36, 1, 6, 13, 0.420, 1.378, 0.004

 
36, 1, 7, 15, 0.400, 1.383, 0.004

 
36, 1, 8, 17, 0.460, 1.369, 0.004

 
36, 1, 9, 19, 0.280, 1.361, 0.004

 
36, 1, 10, 21, 0.200, 1.365, 0.004

 
36, 1, 11, 23, 0.260, 1.369, 0.004

 
36, 1, 12, 25, 0.340, 1.374, 0.004

 
36, 1, 13, 27, 0.280, 1.368, 0.004

 
36, 1, 14, 29, 0.290, 1.381, 0.004

 
36, 1, 15, 31, 0.310, 1.361, 0.004

 
37, 0, 0, 2, 0.340, 1.393, 0.004

 
37, 0, 1, 4, 0.390, 1.387, 0.004

 
37, 0, 2, 6, 0.350, 1.383, 0.004

 
37, 0, 3, 8, 0.440, 1.375, 0.004

 
37, 0, 4, 10, 0.360, 1.373, 0.004

 
37, 0, 5, 12, 0.400, 1.376, 0.004

 
37, 0, 6, 14, 0.350, 1.380, 0.004

 
37, 0, 7, 16, 0.400, 1.375, 0.004

 
37, 0, 8, 18, 0.380, 1.386, 0.004

 
37, 0, 9, 20, 0.350, 1.388, 0.004

 
37, 0, 10, 22, 0.380, 1.388, 0.004

 
37, 0, 11, 24, 0.300, 1.392, 0.004

 
37, 0, 12, 26, 0.400, 1.382, 0.004

 
37, 0, 13, 28, 0.330, 1.392, 0.004

 
37, 0, 14, 30, 0.350, 1.393, 0.004

 
37, 0, 15, 32, 4.300, 1.338, 0.004

 
37, 1, 0, 1, 0.430, 1.366, 0.004

 
37, 1, 1, 3, 0.110, 1.366, 0.004

 
37, 1, 2, 5, 0.430, 1.373, 0.004

 
37, 1, 3, 7, 0.400, 1.356, 0.004

 
37, 1, 4, 9, 0.420, 1.363, 0.004

 
37, 1, 5, 11, 0.450, 1.372, 0.004

 
37, 1, 6, 13, 0.420, 1.376, 0.004

 
37, 1, 7, 15, 0.390, 1.388, 0.004

 
37, 1, 8, 17, 0.460, 1.369, 0.004

 
37, 1, 9, 19, 0.290, 1.363, 0.004

 
37, 1, 10, 21, 0.200, 1.368, 0.004

 
37, 1, 11, 23, 0.250, 1.378, 0.004

 
37, 1, 12, 25, 0.350, 1.377, 0.004

 
37, 1, 13, 27, 0.270, 1.373, 0.004

 
37, 1, 14, 29, 0.290, 1.375, 0.004

 
37, 1, 15, 31, 0.310, 1.366, 0.004

 
38, 0, 0, 2, 0.340, 1.379, 0.004

 
38, 0, 1, 4, 0.390, 1.382, 0.004

 
38, 0, 2, 6, 0.350, 1.386, 0.004

 
38, 0, 3, 8, 0.450, 1.386, 0.004

 
38, 0, 4, 10, 0.360, 1.379, 0.004

 
38, 0, 5, 12, 0.410, 1.388, 0.004

 
38, 0, 6, 14, 0.350, 1.387, 0.004

 
38, 0, 7, 16, 0.390, 1.385, 0.004

 
38, 0, 8, 18, 0.380, 1.390, 0.004

 
38, 0, 9, 20, 0.360, 1.394, 0.004

 
38, 0, 10, 22, 0.380, 1.383, 0.004

 
38, 0, 11, 24, 0.300, 1.388, 0.004

 
38, 0, 12, 26, 0.410, 1.371, 0.004

 
38, 0, 13, 28, 0.330, 1.385, 0.004

 
38, 0, 14, 30, 0.350, 1.394, 0.004

 
38, 0, 15, 32, 4.320, 1.323, 0.004

 
38, 1, 0, 1, 0.430, 1.365, 0.004

 
38, 1, 1, 3, 0.110, 1.373, 0.004

 
38, 1, 2, 5, 0.440, 1.364, 0.004

 
38, 1, 3, 7, 0.410, 1.360, 0.004

 
38, 1, 4, 9, 0.420, 1.383, 0.004

 
38, 1, 5, 11, 0.450, 1.372, 0.004

 
38, 1, 6, 13, 0.410, 1.383, 0.004

 
38, 1, 7, 15, 0.400, 1.380, 0.004

 
38, 1, 8, 17, 0.450, 1.385, 0.004

 
38, 1, 9, 19, 0.240, 1.364, 0.004

 
38, 1, 10, 21, 0.200, 1.361, 0.004

 
38, 1, 11, 23, 0.260, 1.374, 0.004

 
38, 1, 12, 25, 0.240, 1.377, 0.004

 
38, 1, 13, 27, 0.280, 1.371, 0.004

 
38, 1, 14, 29, 0.290, 1.384, 0.004

 
38, 1, 15, 31, 0.300, 1.359, 0.004

 
39, 0, 0, 2, 0.340, 1.391, 0.004

 
39, 0, 1, 4, 0.390, 1.379, 0.004

 
39, 0, 2, 6, 0.370, 1.382, 0.004

 
39, 0, 3, 8, 0.450, 1.369, 0.004

 
39, 0, 4, 10, 0.360, 1.365, 0.004

 
39, 0, 5, 12, 0.410, 1.387, 0.004

 
39, 0, 6, 14, 0.350, 1.388, 0.004

 
39, 0, 7, 16, 0.400, 1.369, 0.004

 
39, 0, 8, 18, 0.380, 1.390, 0.004

 
39, 0, 9, 20, 0.360, 1.370, 0.004

 
39, 0, 10, 22, 0.380, 1.385, 0.004

 
39, 0, 11, 24, 0.300, 1.389, 0.004

 
39, 0, 12, 26, 0.400, 1.386, 0.004

 
39, 0, 13, 28, 0.330, 1.392, 0.004

 
39, 0, 14, 30, 0.350, 1.387, 0.004

 
39, 0, 15, 32, 4.260, 1.322, 0.004

 
39, 1, 0, 1, 0.430, 1.381, 0.004

 
39, 1, 1, 3, 0.110, 1.375, 0.004

 
39, 1, 2, 5, 0.450, 1.370, 0.004

 
39, 1, 3, 7, 0.400, 1.349, 0.004

 
39, 1, 4, 9, 0.430, 1.377, 0.004

 
39, 1, 5, 11, 0.450, 1.377, 0.004

 
39, 1, 6, 13, 0.410, 1.361, 0.004

 
39, 1, 7, 15, 0.410, 1.380, 0.004

 
39, 1, 8, 17, 0.440, 1.361, 0.004

 
39, 1, 9, 19, 0.250, 1.359, 0.004

 
39, 1, 10, 21, 0.190, 1.364, 0.004

 
39, 1, 11, 23, 0.260, 1.367, 0.004

 
39, 1, 12, 25, 0.280, 1.382, 0.004

 
39, 1, 13, 27, 0.270, 1.374, 0.004

 
39, 1, 14, 29, 0.290, 1.378, 0.004

 
39, 1, 15, 31, 0.310, 1.365, 0.004

 
40, 0, 0, 2, 0.340, 1.385, 0.004

 
40, 0, 1, 4, 0.390, 1.386, 0.004

 
40, 0, 2, 6, 0.360, 1.385, 0.004

 
40, 0, 3, 8, 0.450, 1.387, 0.004

 
40, 0, 4, 10, 0.370, 1.377, 0.004

 
40, 0, 5, 12, 0.400, 1.386, 0.004

 
40, 0, 6, 14, 0.350, 1.389, 0.004

 
40, 0, 7, 16, 0.400, 1.392, 0.004

 
40, 0, 8, 18, 0.390, 1.389, 0.004

 
40, 0, 9, 20, 0.360, 1.400, 0.004

 
40, 0, 10, 22, 0.380, 1.383, 0.004

 
40, 0, 11, 24, 0.300, 1.388, 0.004

 
40, 0, 12, 26, 0.400, 1.382, 0.004

 
40, 0, 13, 28, 0.320, 1.388, 0.004

 
40, 0, 14, 30, 0.350, 1.394, 0.004

 
40, 0, 15, 32, 4.330, 1.352, 0.004

 
40, 1, 0, 1, 0.420, 1.366, 0.004

 
40, 1, 1, 3, 0.140, 1.370, 0.004

 
40, 1, 2, 5, 0.430, 1.371, 0.004

 
40, 1, 3, 7, 0.410, 1.353, 0.004

 
40, 1, 4, 9, 0.420, 1.381, 0.004

 
40, 1, 5, 11, 0.450, 1.370, 0.004

 
40, 1, 6, 13, 0.420, 1.380, 0.004

 
40, 1, 7, 15, 0.400, 1.381, 0.004

 
40, 1, 8, 17, 0.470, 1.379, 0.004

 
40, 1, 9, 19, 0.270, 1.364, 0.004

 
40, 1, 10, 21, 0.200, 1.368, 0.004

 
40, 1, 11, 23, 0.260, 1.355, 0.004

 
40, 1, 12, 25, 0.280, 1.373, 0.004

 
40, 1, 13, 27, 0.280, 1.366, 0.004

 
40, 1, 14, 29, 0.300, 1.369, 0.004

 
40, 1, 15, 31, 0.310, 1.371, 0.004

 
41, 0, 0, 2, 0.340, 1.393, 0.004

 
41, 0, 1, 4, 0.390, 1.386, 0.004

 
41, 0, 2, 6, 0.360, 1.381, 0.004

 
41, 0, 3, 8, 0.450, 1.385, 0.004

 
41, 0, 4, 10, 0.360, 1.389, 0.004

 
41, 0, 5, 12, 0.400, 1.374, 0.004

 
41, 0, 6, 14, 0.350, 1.385, 0.004

 
41, 0, 7, 16, 0.400, 1.387, 0.004

 
41, 0, 8, 18, 0.370, 1.391, 0.004

 
41, 0, 9, 20, 0.360, 1.394, 0.004

 
41, 0, 10, 22, 0.390, 1.386, 0.004

 
41, 0, 11, 24, 0.310, 1.398, 0.004

 
41, 0, 12, 26, 0.400, 1.376, 0.004

 
41, 0, 13, 28, 0.330, 1.401, 0.004

 
41, 0, 14, 30, 0.340, 1.388, 0.004

 
41, 0, 15, 32, 4.310, 1.323, 0.004

 
41, 1, 0, 1, 0.430, 1.375, 0.004

 
41, 1, 1, 3, 0.100, 1.376, 0.004

 
41, 1, 2, 5, 0.440, 1.372, 0.004

 
41, 1, 3, 7, 0.410, 1.362, 0.004

 
41, 1, 4, 9, 0.430, 1.367, 0.004

 
41, 1, 5, 11, 0.440, 1.375, 0.004

 
41, 1, 6, 13, 0.410, 1.377, 0.004

 
41, 1, 7, 15, 0.400, 1.392, 0.004

 
41, 1, 8, 17, 0.440, 1.367, 0.004

 
41, 1, 9, 19, 0.270, 1.360, 0.004

 
41, 1, 10, 21, 0.200, 1.370, 0.004

 
41, 1, 11, 23, 0.250, 1.379, 0.004

 
41, 1, 12, 25, 0.200, 1.378, 0.004

 
41, 1, 13, 27, 0.270, 1.366, 0.004

 
41, 1, 14, 29, 0.290, 1.378, 0.004

 
41, 1, 15, 31, 0.310, 1.373, 0.004

 
42, 0, 0, 2, 0.350, 1.392, 0.004

 
42, 0, 1, 4, 0.390, 1.381, 0.004

 
42, 0, 2, 6, 0.360, 1.403, 0.004

 
42, 0, 3, 8, 0.450, 1.387, 0.004

 
42, 0, 4, 10, 0.360, 1.382, 0.004

 
42, 0, 5, 12, 0.410, 1.377, 0.004

 
42, 0, 6, 14, 0.350, 1.382, 0.004

 
42, 0, 7, 16, 0.390, 1.388, 0.004

 
42, 0, 8, 18, 0.380, 1.392, 0.004

 
42, 0, 9, 20, 0.350, 1.391, 0.004

 
42, 0, 10, 22, 0.380, 1.376, 0.004

 
42, 0, 11, 24, 0.300, 1.394, 0.004

 
42, 0, 12, 26, 0.400, 1.367, 0.004

 
42, 0, 13, 28, 0.330, 1.392, 0.004

 
42, 0, 14, 30, 0.350, 1.392, 0.004

 
42, 0, 15, 32, 4.340, 1.331, 0.004

 
42, 1, 0, 1, 0.440, 1.365, 0.004

 
42, 1, 1, 3, 0.140, 1.377, 0.004

 
42, 1, 2, 5, 0.430, 1.366, 0.004

 
42, 1, 3, 7, 0.400, 1.350, 0.004

 
42, 1, 4, 9, 0.410, 1.365, 0.004

 
42, 1, 5, 11, 0.450, 1.377, 0.004

 
42, 1, 6, 13, 0.410, 1.376, 0.004

 
42, 1, 7, 15, 0.400, 1.381, 0.004

 
42, 1, 8, 17, 0.440, 1.373, 0.004

 
42, 1, 9, 19, 0.250, 1.357, 0.004

 
42, 1, 10, 21, 0.200, 1.366, 0.004

 
42, 1, 11, 23, 0.250, 1.377, 0.004

 
42, 1, 12, 25, 0.220, 1.380, 0.004

 
42, 1, 13, 27, 0.280, 1.377, 0.004

 
42, 1, 14, 29, 0.290, 1.374, 0.004

 
42, 1, 15, 31, 0.310, 1.366, 0.004

 
43, 0, 0, 2, 0.350, 1.395, 0.004

 
43, 0, 1, 4, 0.380, 1.386, 0.004

 
43, 0, 2, 6, 0.360, 1.385, 0.004

 
43, 0, 3, 8, 0.450, 1.370, 0.004

 
43, 0, 4, 10, 0.370, 1.379, 0.004

 
43, 0, 5, 12, 0.410, 1.386, 0.004

 
43, 0, 6, 14, 0.350, 1.391, 0.004

 
43, 0, 7, 16, 0.410, 1.379, 0.004

 
43, 0, 8, 18, 0.380, 1.393, 0.004

 
43, 0, 9, 20, 0.360, 1.385, 0.004

 
43, 0, 10, 22, 0.380, 1.375, 0.004

 
43, 0, 11, 24, 0.300, 1.398, 0.004

 
43, 0, 12, 26, 0.400, 1.377, 0.004

 
43, 0, 13, 28, 0.320, 1.385, 0.004

 
43, 0, 14, 30, 0.340, 1.396, 0.004

 
43, 0, 15, 32, 4.320, 1.386, 0.004

 
43, 1, 0, 1, 0.430, 1.374, 0.004

 
43, 1, 1, 3, 0.090, 1.376, 0.004

 
43, 1, 2, 5, 0.430, 1.363, 0.004

 
43, 1, 3, 7, 0.410, 1.358, 0.004

 
43, 1, 4, 9, 0.430, 1.372, 0.004

 
43, 1, 5, 11, 0.460, 1.374, 0.004

 
43, 1, 6, 13, 0.410, 1.373, 0.004

 
43, 1, 7, 15, 0.400, 1.392, 0.004

 
43, 1, 8, 17, 0.430, 1.374, 0.004

 
43, 1, 9, 19, 0.270, 1.365, 0.004

 
43, 1, 10, 21, 0.190, 1.364, 0.004

 
43, 1, 11, 23, 0.260, 1.365, 0.004

 
43, 1, 12, 25, 0.210, 1.379, 0.004

 
43, 1, 13, 27, 0.270, 1.365, 0.004

 
43, 1, 14, 29, 0.290, 1.375, 0.004

 
43, 1, 15, 31, 0.310, 1.363, 0.004

 
44, 0, 0, 2, 0.350, 1.387, 0.004

 
44, 0, 1, 4, 0.390, 1.376, 0.004

 
44, 0, 2, 6, 0.360, 1.387, 0.004

 
44, 0, 3, 8, 0.450, 1.394, 0.004

 
44, 0, 4, 10, 0.360, 1.380, 0.004

 
44, 0, 5, 12, 0.410, 1.378, 0.004

 
44, 0, 6, 14, 0.350, 1.385, 0.004

 
44, 0, 7, 16, 0.400, 1.352, 0.004

 
44, 0, 8, 18, 0.380, 1.384, 0.004

 
44, 0, 9, 20, 0.360, 1.391, 0.004

 
44, 0, 10, 22, 0.380, 1.382, 0.004

 
44, 0, 11, 24, 0.310, 1.398, 0.004

 
44, 0, 12, 26, 0.410, 1.367, 0.004

 
44, 0, 13, 28, 0.320, 1.389, 0.004

 
44, 0, 14, 30, 0.340, 1.399, 0.004

 
44, 0, 15, 32, 4.330, 1.311, 0.004

 
44, 1, 0, 1, 0.430, 1.361, 0.004

 
44, 1, 1, 3, 0.100, 1.375, 0.004

 
44, 1, 2, 5, 0.440, 1.370, 0.004

 
44, 1, 3, 7, 0.390, 1.358, 0.004

 
44, 1, 4, 9, 0.420, 1.385, 0.004

 
44, 1, 5, 11, 0.450, 1.370, 0.004

 
44, 1, 6, 13, 0.410, 1.374, 0.004

 
44, 1, 7, 15, 0.400, 1.383, 0.004

 
44, 1, 8, 17, 0.470, 1.379, 0.004

 
44, 1, 9, 19, 0.270, 1.364, 0.004

 
44, 1, 10, 21, 0.190, 1.376, 0.004

 
44, 1, 11, 23, 0.250, 1.373, 0.004

 
44, 1, 12, 25, 0.220, 1.379, 0.004

 
44, 1, 13, 27, 0.280, 1.362, 0.004

 
44, 1, 14, 29, 0.290, 1.373, 0.004

 
44, 1, 15, 31, 0.310, 1.366, 0.004

 
45, 0, 0, 2, 0.350, 1.391, 0.004

 
45, 0, 1, 4, 0.390, 1.386, 0.004

 
45, 0, 2, 6, 0.370, 1.397, 0.004

 
45, 0, 3, 8, 0.450, 1.381, 0.004

 
45, 0, 4, 10, 0.360, 1.387, 0.004

 
45, 0, 5, 12, 0.410, 1.390, 0.004

 
45, 0, 6, 14, 0.350, 1.391, 0.004

 
45, 0, 7, 16, 0.400, 1.383, 0.004

 
45, 0, 8, 18, 0.380, 1.392, 0.004

 
45, 0, 9, 20, 0.360, 1.394, 0.004

 
45, 0, 10, 22, 0.380, 1.375, 0.004

 
45, 0, 11, 24, 0.300, 1.397, 0.004

 
45, 0, 12, 26, 0.400, 1.376, 0.004

 
45, 0, 13, 28, 0.320, 1.394, 0.004

 
45, 0, 14, 30, 0.350, 1.379, 0.004

 
45, 0, 15, 32, 4.350, 1.348, 0.004

 
45, 1, 0, 1, 0.430, 1.369, 0.004

 
45, 1, 1, 3, 0.080, 1.378, 0.004

 
45, 1, 2, 5, 0.430, 1.368, 0.004

 
45, 1, 3, 7, 0.410, 1.367, 0.004

 
45, 1, 4, 9, 0.430, 1.371, 0.004

 
45, 1, 5, 11, 0.450, 1.374, 0.004

 
45, 1, 6, 13, 0.420, 1.363, 0.004

 
45, 1, 7, 15, 0.400, 1.374, 0.004

 
45, 1, 8, 17, 0.470, 1.379, 0.004

 
45, 1, 9, 19, 0.270, 1.367, 0.004

 
45, 1, 10, 21, 0.190, 1.372, 0.004

 
45, 1, 11, 23, 0.260, 1.371, 0.004

 
45, 1, 12, 25, 0.220, 1.376, 0.004

 
45, 1, 13, 27, 0.270, 1.361, 0.004

 
45, 1, 14, 29, 0.290, 1.371, 0.004

 
45, 1, 15, 31, 0.310, 1.368, 0.004

 
46, 0, 0, 2, 0.350, 1.395, 0.004

 
46, 0, 1, 4, 0.390, 1.399, 0.004

 
46, 0, 2, 6, 0.350, 1.394, 0.004

 
46, 0, 3, 8, 0.450, 1.389, 0.004

 
46, 0, 4, 10, 0.370, 1.376, 0.004

 
46, 0, 5, 12, 0.410, 1.392, 0.004

 
46, 0, 6, 14, 0.350, 1.396, 0.004

 
46, 0, 7, 16, 0.400, 1.394, 0.004

 
46, 0, 8, 18, 0.380, 1.393, 0.004

 
46, 0, 9, 20, 0.350, 1.384, 0.004

 
46, 0, 10, 22, 0.380, 1.381, 0.004

 
46, 0, 11, 24, 0.310, 1.396, 0.004

 
46, 0, 12, 26, 0.400, 1.378, 0.004

 
46, 0, 13, 28, 0.330, 1.394, 0.004

 
46, 0, 14, 30, 0.360, 1.381, 0.004

 
46, 0, 15, 32, 4.300, 1.359, 0.004

 
46, 1, 0, 1, 0.430, 1.379, 0.004

 
46, 1, 1, 3, 0.100, 1.376, 0.004

 
46, 1, 2, 5, 0.430, 1.365, 0.004

 
46, 1, 3, 7, 0.410, 1.358, 0.004

 
46, 1, 4, 9, 0.420, 1.375, 0.004

 
46, 1, 5, 11, 0.450, 1.384, 0.004

 
46, 1, 6, 13, 0.410, 1.381, 0.004

 
46, 1, 7, 15, 0.400, 1.382, 0.004

 
46, 1, 8, 17, 0.430, 1.383, 0.004

 
46, 1, 9, 19, 0.250, 1.361, 0.004

 
46, 1, 10, 21, 0.200, 1.369, 0.004

 
46, 1, 11, 23, 0.260, 1.376, 0.004

 
46, 1, 12, 25, 0.230, 1.378, 0.004

 
46, 1, 13, 27, 0.270, 1.364, 0.004

 
46, 1, 14, 29, 0.290, 1.377, 0.004

 
46, 1, 15, 31, 0.310, 1.370, 0.004

 
47, 0, 0, 2, 0.350, 1.384, 0.004

 
47, 0, 1, 4, 0.380, 1.368, 0.004

 
47, 0, 2, 6, 0.360, 1.383, 0.004

 
47, 0, 3, 8, 0.450, 1.377, 0.004

 
47, 0, 4, 10, 0.360, 1.382, 0.004

 
47, 0, 5, 12, 0.420, 1.390, 0.004

 
47, 0, 6, 14, 0.360, 1.392, 0.004

 
47, 0, 7, 16, 0.400, 1.386, 0.004

 
47, 0, 8, 18, 0.380, 1.395, 0.004

 
47, 0, 9, 20, 0.350, 1.394, 0.004

 
47, 0, 10, 22, 0.380, 1.382, 0.004

 
47, 0, 11, 24, 0.310, 1.394, 0.004

 
47, 0, 12, 26, 0.400, 1.385, 0.004

 
47, 0, 13, 28, 0.330, 1.385, 0.004

 
47, 0, 14, 30, 0.350, 1.392, 0.004

 
47, 0, 15, 32, 4.300, 1.339, 0.004

 
47, 1, 0, 1, 0.430, 1.361, 0.004

 
47, 1, 1, 3, 0.120, 1.378, 0.004

 
47, 1, 2, 5, 0.440, 1.381, 0.004

 
47, 1, 3, 7, 0.410, 1.360, 0.004

 
47, 1, 4, 9, 0.430, 1.386, 0.004

 
47, 1, 5, 11, 0.450, 1.375, 0.004

 
47, 1, 6, 13, 0.420, 1.375, 0.004

 
47, 1, 7, 15, 0.400, 1.391, 0.004

 
47, 1, 8, 17, 0.440, 1.371, 0.004

 
47, 1, 9, 19, 0.240, 1.366, 0.004

 
47, 1, 10, 21, 0.200, 1.365, 0.004

 
47, 1, 11, 23, 0.270, 1.369, 0.004

 
47, 1, 12, 25, 0.230, 1.367, 0.004

 
47, 1, 13, 27, 0.270, 1.369, 0.004

 
47, 1, 14, 29, 0.290, 1.372, 0.004

 
47, 1, 15, 31, 0.310, 1.366, 0.004

 
48, 0, 0, 2, 0.360, 1.389, 0.004

 
48, 0, 1, 4, 0.380, 1.381, 0.004

 
48, 0, 2, 6, 0.350, 1.381, 0.004

 
48, 0, 3, 8, 0.450, 1.384, 0.004

 
48, 0, 4, 10, 0.360, 1.378, 0.004

 
48, 0, 5, 12, 0.410, 1.387, 0.004

 
48, 0, 6, 14, 0.350, 1.388, 0.004

 
48, 0, 7, 16, 0.410, 1.380, 0.004

 
48, 0, 8, 18, 0.380, 1.394, 0.004

 
48, 0, 9, 20, 0.350, 1.392, 0.004

 
48, 0, 10, 22, 0.370, 1.381, 0.004

 
48, 0, 11, 24, 0.310, 1.396, 0.004

 
48, 0, 12, 26, 0.400, 1.374, 0.004

 
48, 0, 13, 28, 0.330, 1.388, 0.004

 
48, 0, 14, 30, 0.350, 1.388, 0.004

 
48, 0, 15, 32, 4.320, 1.341, 0.004

 
48, 1, 0, 1, 0.440, 1.373, 0.004

 
48, 1, 1, 3, 0.170, 1.374, 0.004

 
48, 1, 2, 5, 0.440, 1.374, 0.004

 
48, 1, 3, 7, 0.400, 1.356, 0.004

 
48, 1, 4, 9, 0.430, 1.370, 0.004

 
48, 1, 5, 11, 0.450, 1.367, 0.004

 
48, 1, 6, 13, 0.410, 1.365, 0.004

 
48, 1, 7, 15, 0.400, 1.376, 0.004

 
48, 1, 8, 17, 0.440, 1.364, 0.004

 
48, 1, 9, 19, 0.230, 1.362, 0.004

 
48, 1, 10, 21, 0.210, 1.367, 0.004

 
48, 1, 11, 23, 0.260, 1.372, 0.004

 
48, 1, 12, 25, 0.240, 1.372, 0.004

 
48, 1, 13, 27, 0.270, 1.372, 0.004

 
48, 1, 14, 29, 0.300, 1.371, 0.004

 
48, 1, 15, 31, 0.310, 1.365, 0.004

 
49, 0, 0, 2, 0.350, 1.382, 0.004

 
49, 0, 1, 4, 0.380, 1.387, 0.004

 
49, 0, 2, 6, 0.360, 1.394, 0.004

 
49, 0, 3, 8, 0.440, 1.372, 0.004

 
49, 0, 4, 10, 0.360, 1.384, 0.004

 
49, 0, 5, 12, 0.420, 1.373, 0.004

 
49, 0, 6, 14, 0.350, 1.390, 0.004

 
49, 0, 7, 16, 0.400, 1.381, 0.004

 
49, 0, 8, 18, 0.380, 1.386, 0.004

 
49, 0, 9, 20, 0.350, 1.387, 0.004

 
49, 0, 10, 22, 0.380, 1.387, 0.004

 
49, 0, 11, 24, 0.300, 1.401, 0.004

 
49, 0, 12, 26, 0.400, 1.377, 0.004

 
49, 0, 13, 28, 0.330, 1.388, 0.004

 
49, 0, 14, 30, 0.350, 1.391, 0.004

 
49, 0, 15, 32, 4.280, 1.324, 0.004

 
49, 1, 0, 1, 0.430, 1.370, 0.004

 
49, 1, 1, 3, 0.140, 1.377, 0.004

 
49, 1, 2, 5, 0.430, 1.374, 0.004

 
49, 1, 3, 7, 0.410, 1.355, 0.004

 
49, 1, 4, 9, 0.430, 1.376, 0.004

 
49, 1, 5, 11, 0.450, 1.362, 0.004

 
49, 1, 6, 13, 0.410, 1.371, 0.004

 
49, 1, 7, 15, 0.390, 1.379, 0.004

 
49, 1, 8, 17, 0.440, 1.377, 0.004

 
49, 1, 9, 19, 0.210, 1.357, 0.004

 
49, 1, 10, 21, 0.200, 1.373, 0.004

 
49, 1, 11, 23, 0.260, 1.366, 0.004

 
49, 1, 12, 25, 0.260, 1.377, 0.004

 
49, 1, 13, 27, 0.280, 1.358, 0.004

 
49, 1, 14, 29, 0.290, 1.376, 0.004

 
49, 1, 15, 31, 0.310, 1.363, 0.004

 
