Test Sector:
Device ID, Channel, Tile ID, trial, x, y, IMON, RMON, VCOMP
xorigincm, xfinalcm, xsteplengthcm, xsteps = 52.6299, 52.6299, 0, 92
yorigincm, yfinalcm, ysteplengthcm, nRepeat = 12.4849, 35.5151, 0.25, 5
0, 9, 18, 0, 0, 0, 0.250, 1.390, 0.004

1, 9, 19, 0, 0, 0, 0.250, 1.366, 0.004

0, 9, 18, 1, 0, 0, 0.250, 1.395, 0.004

1, 9, 19, 1, 0, 0, 0.250, 1.373, 0.004

0, 9, 18, 2, 0, 0, 0.250, 1.395, 0.004

1, 9, 19, 2, 0, 0, 0.250, 1.360, 0.004

0, 9, 18, 3, 0, 0, 0.250, 1.392, 0.004

1, 9, 19, 3, 0, 0, 0.240, 1.366, 0.004

0, 9, 18, 4, 0, 0, 0.250, 1.394, 0.004

1, 9, 19, 4, 0, 0, 0.250, 1.370, 0.004

0, 9, 18, 0, 52.6299, 12.4849, 0.250, 1.396, 0.004

1, 9, 19, 0, 52.6299, 12.4849, 0.450, 1.362, 0.004

0, 9, 18, 1, 52.6299, 12.4849, 0.250, 1.403, 0.004

1, 9, 19, 1, 52.6299, 12.4849, 0.460, 1.373, 0.004

0, 9, 18, 2, 52.6299, 12.4849, 0.250, 1.391, 0.004

1, 9, 19, 2, 52.6299, 12.4849, 0.480, 1.371, 0.004

0, 9, 18, 3, 52.6299, 12.4849, 0.250, 1.397, 0.004

1, 9, 19, 3, 52.6299, 12.4849, 0.460, 1.373, 0.004

0, 9, 18, 4, 52.6299, 12.4849, 0.250, 1.396, 0.004

1, 9, 19, 4, 52.6299, 12.4849, 0.460, 1.369, 0.004

0, 9, 18, 0, 52.6299, 12.7349, 0.250, 1.394, 0.004

1, 9, 19, 0, 52.6299, 12.7349, 0.470, 1.368, 0.004

0, 9, 18, 1, 52.6299, 12.7349, 0.250, 1.399, 0.004

1, 9, 19, 1, 52.6299, 12.7349, 0.460, 1.328, 0.004

0, 9, 18, 2, 52.6299, 12.7349, 0.250, 1.393, 0.004

1, 9, 19, 2, 52.6299, 12.7349, 0.450, 1.369, 0.004

0, 9, 18, 3, 52.6299, 12.7349, 0.250, 1.397, 0.004

1, 9, 19, 3, 52.6299, 12.7349, 0.460, 1.374, 0.004

0, 9, 18, 4, 52.6299, 12.7349, 0.250, 1.395, 0.004

1, 9, 19, 4, 52.6299, 12.7349, 0.470, 1.367, 0.004

0, 9, 18, 0, 52.6299, 12.9849, 0.250, 1.393, 0.004

1, 9, 19, 0, 52.6299, 12.9849, 0.450, 1.355, 0.004

0, 9, 18, 1, 52.6299, 12.9849, 0.250, 1.396, 0.004

1, 9, 19, 1, 52.6299, 12.9849, 0.460, 1.373, 0.004

0, 9, 18, 2, 52.6299, 12.9849, 0.250, 1.398, 0.004

1, 9, 19, 2, 52.6299, 12.9849, 0.450, 1.373, 0.004

0, 9, 18, 3, 52.6299, 12.9849, 0.250, 1.390, 0.004

1, 9, 19, 3, 52.6299, 12.9849, 0.460, 1.373, 0.004

0, 9, 18, 4, 52.6299, 12.9849, 0.250, 1.390, 0.004

1, 9, 19, 4, 52.6299, 12.9849, 0.450, 1.357, 0.004

0, 9, 18, 0, 52.6299, 13.2349, 0.250, 1.386, 0.004

1, 9, 19, 0, 52.6299, 13.2349, 0.450, 1.367, 0.004

0, 9, 18, 1, 52.6299, 13.2349, 0.250, 1.392, 0.004

1, 9, 19, 1, 52.6299, 13.2349, 0.460, 1.365, 0.004

0, 9, 18, 2, 52.6299, 13.2349, 0.250, 1.392, 0.004

1, 9, 19, 2, 52.6299, 13.2349, 0.460, 1.368, 0.004

0, 9, 18, 3, 52.6299, 13.2349, 0.250, 1.393, 0.004

1, 9, 19, 3, 52.6299, 13.2349, 0.470, 1.381, 0.004

0, 9, 18, 4, 52.6299, 13.2349, 0.250, 1.394, 0.004

1, 9, 19, 4, 52.6299, 13.2349, 0.450, 1.369, 0.004

0, 9, 18, 0, 52.6299, 13.4849, 0.250, 1.396, 0.004

1, 9, 19, 0, 52.6299, 13.4849, 0.450, 1.362, 0.004

0, 9, 18, 1, 52.6299, 13.4849, 0.250, 1.402, 0.004

1, 9, 19, 1, 52.6299, 13.4849, 0.450, 1.377, 0.004

0, 9, 18, 2, 52.6299, 13.4849, 0.250, 1.396, 0.004

1, 9, 19, 2, 52.6299, 13.4849, 0.450, 1.373, 0.004

0, 9, 18, 3, 52.6299, 13.4849, 0.250, 1.399, 0.004

1, 9, 19, 3, 52.6299, 13.4849, 0.450, 1.371, 0.004

0, 9, 18, 4, 52.6299, 13.4849, 0.250, 1.390, 0.004

1, 9, 19, 4, 52.6299, 13.4849, 0.460, 1.370, 0.004

0, 9, 18, 0, 52.6299, 13.7349, 0.250, 1.389, 0.004

1, 9, 19, 0, 52.6299, 13.7349, 0.460, 1.366, 0.004

0, 9, 18, 1, 52.6299, 13.7349, 0.250, 1.397, 0.004

1, 9, 19, 1, 52.6299, 13.7349, 0.450, 1.372, 0.004

0, 9, 18, 2, 52.6299, 13.7349, 0.250, 1.396, 0.004

1, 9, 19, 2, 52.6299, 13.7349, 0.450, 1.367, 0.004

0, 9, 18, 3, 52.6299, 13.7349, 0.250, 1.393, 0.004

1, 9, 19, 3, 52.6299, 13.7349, 0.470, 1.365, 0.004

0, 9, 18, 4, 52.6299, 13.7349, 0.250, 1.397, 0.004

1, 9, 19, 4, 52.6299, 13.7349, 0.470, 1.378, 0.004

0, 9, 18, 0, 52.6299, 13.9849, 0.250, 1.393, 0.004

1, 9, 19, 0, 52.6299, 13.9849, 0.460, 1.366, 0.004

0, 9, 18, 1, 52.6299, 13.9849, 0.250, 1.391, 0.004

1, 9, 19, 1, 52.6299, 13.9849, 0.450, 1.373, 0.004

0, 9, 18, 2, 52.6299, 13.9849, 0.260, 1.395, 0.004

1, 9, 19, 2, 52.6299, 13.9849, 0.460, 1.362, 0.004

0, 9, 18, 3, 52.6299, 13.9849, 0.250, 1.397, 0.004

1, 9, 19, 3, 52.6299, 13.9849, 0.450, 1.355, 0.004

0, 9, 18, 4, 52.6299, 13.9849, 0.260, 1.393, 0.004

1, 9, 19, 4, 52.6299, 13.9849, 0.450, 1.371, 0.004

0, 9, 18, 0, 52.6299, 14.2349, 0.250, 1.393, 0.004

1, 9, 19, 0, 52.6299, 14.2349, 0.440, 1.357, 0.004

0, 9, 18, 1, 52.6299, 14.2349, 0.250, 1.399, 0.004

1, 9, 19, 1, 52.6299, 14.2349, 0.450, 1.376, 0.004

0, 9, 18, 2, 52.6299, 14.2349, 0.250, 1.395, 0.004

1, 9, 19, 2, 52.6299, 14.2349, 0.470, 1.364, 0.004

0, 9, 18, 3, 52.6299, 14.2349, 0.250, 1.395, 0.004

1, 9, 19, 3, 52.6299, 14.2349, 0.460, 1.372, 0.004

0, 9, 18, 4, 52.6299, 14.2349, 0.250, 1.386, 0.004

1, 9, 19, 4, 52.6299, 14.2349, 0.460, 1.367, 0.004

0, 9, 18, 0, 52.6299, 14.4849, 0.250, 1.394, 0.004

1, 9, 19, 0, 52.6299, 14.4849, 0.450, 1.367, 0.004

0, 9, 18, 1, 52.6299, 14.4849, 0.250, 1.392, 0.004

1, 9, 19, 1, 52.6299, 14.4849, 0.450, 1.369, 0.004

0, 9, 18, 2, 52.6299, 14.4849, 0.250, 1.397, 0.004

1, 9, 19, 2, 52.6299, 14.4849, 0.450, 1.354, 0.004

0, 9, 18, 3, 52.6299, 14.4849, 0.250, 1.405, 0.004

1, 9, 19, 3, 52.6299, 14.4849, 0.460, 1.366, 0.004

0, 9, 18, 4, 52.6299, 14.4849, 0.250, 1.388, 0.004

1, 9, 19, 4, 52.6299, 14.4849, 0.460, 1.373, 0.004

0, 9, 18, 0, 52.6299, 14.7349, 0.250, 1.393, 0.004

1, 9, 19, 0, 52.6299, 14.7349, 0.460, 1.366, 0.004

0, 9, 18, 1, 52.6299, 14.7349, 0.250, 1.397, 0.004

1, 9, 19, 1, 52.6299, 14.7349, 0.470, 1.366, 0.004

0, 9, 18, 2, 52.6299, 14.7349, 0.250, 1.394, 0.004

1, 9, 19, 2, 52.6299, 14.7349, 0.450, 1.371, 0.004

0, 9, 18, 3, 52.6299, 14.7349, 0.260, 1.385, 0.004

1, 9, 19, 3, 52.6299, 14.7349, 0.440, 1.362, 0.004

0, 9, 18, 4, 52.6299, 14.7349, 0.250, 1.401, 0.004

1, 9, 19, 4, 52.6299, 14.7349, 0.450, 1.365, 0.004

0, 9, 18, 0, 52.6299, 14.9849, 0.250, 1.392, 0.004

1, 9, 19, 0, 52.6299, 14.9849, 0.460, 1.360, 0.004

0, 9, 18, 1, 52.6299, 14.9849, 0.250, 1.397, 0.004

1, 9, 19, 1, 52.6299, 14.9849, 0.450, 1.386, 0.004

0, 9, 18, 2, 52.6299, 14.9849, 0.250, 1.391, 0.004

1, 9, 19, 2, 52.6299, 14.9849, 0.470, 1.371, 0.004

0, 9, 18, 3, 52.6299, 14.9849, 0.250, 1.397, 0.004

1, 9, 19, 3, 52.6299, 14.9849, 0.460, 1.351, 0.004

0, 9, 18, 4, 52.6299, 14.9849, 0.260, 1.387, 0.004

1, 9, 19, 4, 52.6299, 14.9849, 0.450, 1.359, 0.004

0, 9, 18, 0, 52.6299, 15.2349, 0.250, 1.401, 0.004

1, 9, 19, 0, 52.6299, 15.2349, 0.470, 1.358, 0.004

0, 9, 18, 1, 52.6299, 15.2349, 0.250, 1.392, 0.004

1, 9, 19, 1, 52.6299, 15.2349, 0.460, 1.360, 0.004

0, 9, 18, 2, 52.6299, 15.2349, 0.250, 1.386, 0.004

1, 9, 19, 2, 52.6299, 15.2349, 0.470, 1.373, 0.004

0, 9, 18, 3, 52.6299, 15.2349, 0.250, 1.393, 0.004

1, 9, 19, 3, 52.6299, 15.2349, 0.450, 1.379, 0.004

0, 9, 18, 4, 52.6299, 15.2349, 0.250, 1.390, 0.004

1, 9, 19, 4, 52.6299, 15.2349, 0.450, 1.375, 0.004

0, 9, 18, 0, 52.6299, 15.4849, 0.250, 1.403, 0.004

1, 9, 19, 0, 52.6299, 15.4849, 0.460, 1.370, 0.004

0, 9, 18, 1, 52.6299, 15.4849, 0.250, 1.384, 0.004

1, 9, 19, 1, 52.6299, 15.4849, 0.440, 1.353, 0.004

0, 9, 18, 2, 52.6299, 15.4849, 0.250, 1.394, 0.004

1, 9, 19, 2, 52.6299, 15.4849, 0.470, 1.366, 0.004

0, 9, 18, 3, 52.6299, 15.4849, 0.250, 1.394, 0.004

1, 9, 19, 3, 52.6299, 15.4849, 0.450, 1.401, 0.004

0, 9, 18, 4, 52.6299, 15.4849, 0.250, 1.397, 0.004

1, 9, 19, 4, 52.6299, 15.4849, 0.460, 1.367, 0.004

0, 9, 18, 0, 52.6299, 15.7349, 0.250, 1.393, 0.004

1, 9, 19, 0, 52.6299, 15.7349, 0.460, 1.369, 0.004

0, 9, 18, 1, 52.6299, 15.7349, 0.250, 1.398, 0.004

1, 9, 19, 1, 52.6299, 15.7349, 0.450, 1.371, 0.004

0, 9, 18, 2, 52.6299, 15.7349, 0.250, 1.395, 0.004

1, 9, 19, 2, 52.6299, 15.7349, 0.470, 1.360, 0.004

0, 9, 18, 3, 52.6299, 15.7349, 0.250, 1.393, 0.004

1, 9, 19, 3, 52.6299, 15.7349, 0.470, 1.367, 0.004

0, 9, 18, 4, 52.6299, 15.7349, 0.250, 1.400, 0.004

1, 9, 19, 4, 52.6299, 15.7349, 0.460, 1.370, 0.004

0, 9, 18, 0, 52.6299, 15.9849, 0.250, 1.395, 0.004

1, 9, 19, 0, 52.6299, 15.9849, 0.470, 1.368, 0.004

0, 9, 18, 1, 52.6299, 15.9849, 0.250, 1.392, 0.004

1, 9, 19, 1, 52.6299, 15.9849, 0.460, 1.350, 0.004

0, 9, 18, 2, 52.6299, 15.9849, 0.250, 1.399, 0.004

1, 9, 19, 2, 52.6299, 15.9849, 0.460, 1.348, 0.004

0, 9, 18, 3, 52.6299, 15.9849, 0.260, 1.389, 0.004

1, 9, 19, 3, 52.6299, 15.9849, 0.450, 1.367, 0.004

0, 9, 18, 4, 52.6299, 15.9849, 0.250, 1.392, 0.004

1, 9, 19, 4, 52.6299, 15.9849, 0.450, 1.368, 0.004

0, 9, 18, 0, 52.6299, 16.2349, 0.250, 1.397, 0.004

1, 9, 19, 0, 52.6299, 16.2349, 0.470, 1.375, 0.004

0, 9, 18, 1, 52.6299, 16.2349, 0.250, 1.398, 0.004

1, 9, 19, 1, 52.6299, 16.2349, 0.450, 1.367, 0.004

0, 9, 18, 2, 52.6299, 16.2349, 0.250, 1.398, 0.004

1, 9, 19, 2, 52.6299, 16.2349, 0.460, 1.377, 0.004

0, 9, 18, 3, 52.6299, 16.2349, 0.250, 1.399, 0.004

1, 9, 19, 3, 52.6299, 16.2349, 0.460, 1.369, 0.004

0, 9, 18, 4, 52.6299, 16.2349, 0.250, 1.403, 0.004

1, 9, 19, 4, 52.6299, 16.2349, 0.460, 1.365, 0.004

0, 9, 18, 0, 52.6299, 16.4849, 0.250, 1.390, 0.004

1, 9, 19, 0, 52.6299, 16.4849, 0.470, 1.336, 0.004

0, 9, 18, 1, 52.6299, 16.4849, 0.250, 1.392, 0.004

1, 9, 19, 1, 52.6299, 16.4849, 0.460, 1.360, 0.004

0, 9, 18, 2, 52.6299, 16.4849, 0.250, 1.391, 0.004

1, 9, 19, 2, 52.6299, 16.4849, 0.450, 1.382, 0.004

0, 9, 18, 3, 52.6299, 16.4849, 0.250, 1.395, 0.004

1, 9, 19, 3, 52.6299, 16.4849, 0.450, 1.374, 0.004

0, 9, 18, 4, 52.6299, 16.4849, 0.250, 1.391, 0.004

1, 9, 19, 4, 52.6299, 16.4849, 0.440, 1.370, 0.004

0, 9, 18, 0, 52.6299, 16.7349, 0.250, 1.392, 0.004

1, 9, 19, 0, 52.6299, 16.7349, 0.460, 1.366, 0.004

0, 9, 18, 1, 52.6299, 16.7349, 0.250, 1.390, 0.004

1, 9, 19, 1, 52.6299, 16.7349, 0.460, 1.374, 0.004

0, 9, 18, 2, 52.6299, 16.7349, 0.250, 1.395, 0.004

1, 9, 19, 2, 52.6299, 16.7349, 0.450, 1.362, 0.004

0, 9, 18, 3, 52.6299, 16.7349, 0.250, 1.397, 0.004

1, 9, 19, 3, 52.6299, 16.7349, 0.460, 1.360, 0.004

0, 9, 18, 4, 52.6299, 16.7349, 0.250, 1.398, 0.004

1, 9, 19, 4, 52.6299, 16.7349, 0.450, 1.359, 0.004

0, 9, 18, 0, 52.6299, 16.9849, 0.250, 1.396, 0.004

1, 9, 19, 0, 52.6299, 16.9849, 0.460, 1.377, 0.004

0, 9, 18, 1, 52.6299, 16.9849, 0.250, 1.390, 0.004

1, 9, 19, 1, 52.6299, 16.9849, 0.450, 1.367, 0.004

0, 9, 18, 2, 52.6299, 16.9849, 0.250, 1.398, 0.004

1, 9, 19, 2, 52.6299, 16.9849, 0.460, 1.366, 0.004

0, 9, 18, 3, 52.6299, 16.9849, 0.250, 1.394, 0.004

1, 9, 19, 3, 52.6299, 16.9849, 0.460, 1.369, 0.004

0, 9, 18, 4, 52.6299, 16.9849, 0.250, 1.396, 0.004

1, 9, 19, 4, 52.6299, 16.9849, 0.470, 1.370, 0.004

0, 9, 18, 0, 52.6299, 17.2349, 0.250, 1.385, 0.004

1, 9, 19, 0, 52.6299, 17.2349, 0.460, 1.373, 0.004

0, 9, 18, 1, 52.6299, 17.2349, 0.250, 1.403, 0.004

1, 9, 19, 1, 52.6299, 17.2349, 0.460, 1.367, 0.004

0, 9, 18, 2, 52.6299, 17.2349, 0.250, 1.397, 0.004

1, 9, 19, 2, 52.6299, 17.2349, 0.460, 1.372, 0.004

0, 9, 18, 3, 52.6299, 17.2349, 0.250, 1.390, 0.004

1, 9, 19, 3, 52.6299, 17.2349, 0.460, 1.371, 0.004

0, 9, 18, 4, 52.6299, 17.2349, 0.250, 1.396, 0.004

1, 9, 19, 4, 52.6299, 17.2349, 0.470, 1.367, 0.004

0, 9, 18, 0, 52.6299, 17.4849, 0.250, 1.394, 0.004

1, 9, 19, 0, 52.6299, 17.4849, 0.450, 1.372, 0.004

0, 9, 18, 1, 52.6299, 17.4849, 0.250, 1.397, 0.004

1, 9, 19, 1, 52.6299, 17.4849, 0.450, 1.378, 0.004

0, 9, 18, 2, 52.6299, 17.4849, 0.250, 1.390, 0.004

1, 9, 19, 2, 52.6299, 17.4849, 0.460, 1.369, 0.004

0, 9, 18, 3, 52.6299, 17.4849, 0.250, 1.397, 0.004

1, 9, 19, 3, 52.6299, 17.4849, 0.440, 1.365, 0.004

0, 9, 18, 4, 52.6299, 17.4849, 0.250, 1.395, 0.004

1, 9, 19, 4, 52.6299, 17.4849, 0.470, 1.366, 0.004

0, 9, 18, 0, 52.6299, 17.7349, 0.250, 1.391, 0.004

1, 9, 19, 0, 52.6299, 17.7349, 0.470, 1.370, 0.004

0, 9, 18, 1, 52.6299, 17.7349, 0.250, 1.395, 0.004

1, 9, 19, 1, 52.6299, 17.7349, 0.450, 1.373, 0.004

0, 9, 18, 2, 52.6299, 17.7349, 0.250, 1.395, 0.004

1, 9, 19, 2, 52.6299, 17.7349, 0.450, 1.373, 0.004

0, 9, 18, 3, 52.6299, 17.7349, 0.250, 1.386, 0.004

1, 9, 19, 3, 52.6299, 17.7349, 0.450, 1.360, 0.004

0, 9, 18, 4, 52.6299, 17.7349, 0.250, 1.391, 0.004

1, 9, 19, 4, 52.6299, 17.7349, 0.450, 1.364, 0.004

0, 9, 18, 0, 52.6299, 17.9849, 0.250, 1.388, 0.004

1, 9, 19, 0, 52.6299, 17.9849, 0.450, 1.369, 0.004

0, 9, 18, 1, 52.6299, 17.9849, 0.250, 1.395, 0.004

1, 9, 19, 1, 52.6299, 17.9849, 0.450, 1.367, 0.004

0, 9, 18, 2, 52.6299, 17.9849, 0.250, 1.390, 0.004

1, 9, 19, 2, 52.6299, 17.9849, 0.450, 1.363, 0.004

0, 9, 18, 3, 52.6299, 17.9849, 0.250, 1.396, 0.004

1, 9, 19, 3, 52.6299, 17.9849, 0.450, 1.376, 0.004

0, 9, 18, 4, 52.6299, 17.9849, 0.250, 1.393, 0.004

1, 9, 19, 4, 52.6299, 17.9849, 0.470, 1.349, 0.004

0, 9, 18, 0, 52.6299, 18.2349, 0.250, 1.403, 0.004

1, 9, 19, 0, 52.6299, 18.2349, 0.450, 1.366, 0.004

0, 9, 18, 1, 52.6299, 18.2349, 0.250, 1.398, 0.004

1, 9, 19, 1, 52.6299, 18.2349, 0.460, 1.358, 0.004

0, 9, 18, 2, 52.6299, 18.2349, 0.250, 1.394, 0.004

1, 9, 19, 2, 52.6299, 18.2349, 0.480, 1.373, 0.004

0, 9, 18, 3, 52.6299, 18.2349, 0.250, 1.386, 0.004

1, 9, 19, 3, 52.6299, 18.2349, 0.450, 1.356, 0.004

0, 9, 18, 4, 52.6299, 18.2349, 0.250, 1.391, 0.004

1, 9, 19, 4, 52.6299, 18.2349, 0.460, 1.368, 0.004

0, 9, 18, 0, 52.6299, 18.4849, 0.250, 1.395, 0.004

1, 9, 19, 0, 52.6299, 18.4849, 0.460, 1.365, 0.004

0, 9, 18, 1, 52.6299, 18.4849, 0.250, 1.396, 0.004

1, 9, 19, 1, 52.6299, 18.4849, 0.460, 1.370, 0.004

0, 9, 18, 2, 52.6299, 18.4849, 0.250, 1.392, 0.004

1, 9, 19, 2, 52.6299, 18.4849, 0.460, 1.375, 0.004

0, 9, 18, 3, 52.6299, 18.4849, 0.250, 1.395, 0.004

1, 9, 19, 3, 52.6299, 18.4849, 0.460, 1.358, 0.004

0, 9, 18, 4, 52.6299, 18.4849, 0.250, 1.392, 0.004

1, 9, 19, 4, 52.6299, 18.4849, 0.460, 1.369, 0.004

0, 9, 18, 0, 52.6299, 18.7349, 0.250, 1.392, 0.004

1, 9, 19, 0, 52.6299, 18.7349, 0.470, 1.363, 0.004

0, 9, 18, 1, 52.6299, 18.7349, 0.250, 1.394, 0.004

1, 9, 19, 1, 52.6299, 18.7349, 0.460, 1.369, 0.004

0, 9, 18, 2, 52.6299, 18.7349, 0.250, 1.388, 0.004

1, 9, 19, 2, 52.6299, 18.7349, 0.450, 1.389, 0.004

0, 9, 18, 3, 52.6299, 18.7349, 0.250, 1.392, 0.004

1, 9, 19, 3, 52.6299, 18.7349, 0.440, 1.363, 0.004

0, 9, 18, 4, 52.6299, 18.7349, 0.250, 1.392, 0.004

1, 9, 19, 4, 52.6299, 18.7349, 0.460, 1.378, 0.004

0, 9, 18, 0, 52.6299, 18.9849, 0.250, 1.398, 0.004

1, 9, 19, 0, 52.6299, 18.9849, 0.450, 1.370, 0.004

0, 9, 18, 1, 52.6299, 18.9849, 0.250, 1.390, 0.004

1, 9, 19, 1, 52.6299, 18.9849, 0.470, 1.368, 0.004

0, 9, 18, 2, 52.6299, 18.9849, 0.260, 1.391, 0.004

1, 9, 19, 2, 52.6299, 18.9849, 0.460, 1.344, 0.004

0, 9, 18, 3, 52.6299, 18.9849, 0.250, 1.393, 0.004

1, 9, 19, 3, 52.6299, 18.9849, 0.450, 1.372, 0.004

0, 9, 18, 4, 52.6299, 18.9849, 0.250, 1.395, 0.004

1, 9, 19, 4, 52.6299, 18.9849, 0.440, 1.369, 0.004

0, 9, 18, 0, 52.6299, 19.2349, 0.250, 1.395, 0.004

1, 9, 19, 0, 52.6299, 19.2349, 0.440, 1.378, 0.004

0, 9, 18, 1, 52.6299, 19.2349, 0.250, 1.396, 0.004

1, 9, 19, 1, 52.6299, 19.2349, 0.470, 1.376, 0.004

0, 9, 18, 2, 52.6299, 19.2349, 0.250, 1.388, 0.004

1, 9, 19, 2, 52.6299, 19.2349, 0.460, 1.385, 0.004

0, 9, 18, 3, 52.6299, 19.2349, 0.250, 1.399, 0.004

1, 9, 19, 3, 52.6299, 19.2349, 0.460, 1.365, 0.004

0, 9, 18, 4, 52.6299, 19.2349, 0.250, 1.396, 0.004

1, 9, 19, 4, 52.6299, 19.2349, 0.470, 1.354, 0.004

0, 9, 18, 0, 52.6299, 19.4849, 0.250, 1.389, 0.004

1, 9, 19, 0, 52.6299, 19.4849, 0.460, 1.371, 0.004

0, 9, 18, 1, 52.6299, 19.4849, 0.250, 1.392, 0.004

1, 9, 19, 1, 52.6299, 19.4849, 0.450, 1.373, 0.004

0, 9, 18, 2, 52.6299, 19.4849, 0.250, 1.396, 0.004

1, 9, 19, 2, 52.6299, 19.4849, 0.470, 1.370, 0.004

0, 9, 18, 3, 52.6299, 19.4849, 0.250, 1.394, 0.004

1, 9, 19, 3, 52.6299, 19.4849, 0.450, 1.369, 0.004

0, 9, 18, 4, 52.6299, 19.4849, 0.250, 1.388, 0.004

1, 9, 19, 4, 52.6299, 19.4849, 0.440, 1.367, 0.004

0, 9, 18, 0, 52.6299, 19.7349, 0.250, 1.389, 0.004

1, 9, 19, 0, 52.6299, 19.7349, 0.450, 1.373, 0.004

0, 9, 18, 1, 52.6299, 19.7349, 0.250, 1.394, 0.004

1, 9, 19, 1, 52.6299, 19.7349, 0.470, 1.371, 0.004

0, 9, 18, 2, 52.6299, 19.7349, 0.250, 1.392, 0.004

1, 9, 19, 2, 52.6299, 19.7349, 0.450, 1.358, 0.004

0, 9, 18, 3, 52.6299, 19.7349, 0.250, 1.395, 0.004

1, 9, 19, 3, 52.6299, 19.7349, 0.450, 1.374, 0.004

0, 9, 18, 4, 52.6299, 19.7349, 0.250, 1.394, 0.004

1, 9, 19, 4, 52.6299, 19.7349, 0.460, 1.365, 0.004

0, 9, 18, 0, 52.6299, 19.9849, 0.250, 1.396, 0.004

1, 9, 19, 0, 52.6299, 19.9849, 0.440, 1.368, 0.004

0, 9, 18, 1, 52.6299, 19.9849, 0.250, 1.397, 0.004

1, 9, 19, 1, 52.6299, 19.9849, 0.470, 1.366, 0.004

0, 9, 18, 2, 52.6299, 19.9849, 0.250, 1.395, 0.004

1, 9, 19, 2, 52.6299, 19.9849, 0.460, 1.371, 0.004

0, 9, 18, 3, 52.6299, 19.9849, 0.250, 1.394, 0.004

1, 9, 19, 3, 52.6299, 19.9849, 0.440, 1.365, 0.004

0, 9, 18, 4, 52.6299, 19.9849, 0.250, 1.395, 0.004

1, 9, 19, 4, 52.6299, 19.9849, 0.450, 1.367, 0.004

0, 9, 18, 0, 52.6299, 20.2349, 0.250, 1.392, 0.004

1, 9, 19, 0, 52.6299, 20.2349, 0.440, 1.368, 0.004

0, 9, 18, 1, 52.6299, 20.2349, 0.250, 1.402, 0.004

1, 9, 19, 1, 52.6299, 20.2349, 0.450, 1.380, 0.004

0, 9, 18, 2, 52.6299, 20.2349, 0.250, 1.400, 0.004

1, 9, 19, 2, 52.6299, 20.2349, 0.460, 1.366, 0.004

0, 9, 18, 3, 52.6299, 20.2349, 0.250, 1.397, 0.004

1, 9, 19, 3, 52.6299, 20.2349, 0.460, 1.379, 0.004

0, 9, 18, 4, 52.6299, 20.2349, 0.250, 1.397, 0.004

1, 9, 19, 4, 52.6299, 20.2349, 0.460, 1.372, 0.004

0, 9, 18, 0, 52.6299, 20.4849, 0.250, 1.398, 0.004

1, 9, 19, 0, 52.6299, 20.4849, 0.460, 1.367, 0.004

0, 9, 18, 1, 52.6299, 20.4849, 0.250, 1.403, 0.004

1, 9, 19, 1, 52.6299, 20.4849, 0.460, 1.367, 0.004

0, 9, 18, 2, 52.6299, 20.4849, 0.250, 1.396, 0.004

1, 9, 19, 2, 52.6299, 20.4849, 0.460, 1.368, 0.004

0, 9, 18, 3, 52.6299, 20.4849, 0.250, 1.398, 0.004

1, 9, 19, 3, 52.6299, 20.4849, 0.470, 1.370, 0.004

0, 9, 18, 4, 52.6299, 20.4849, 0.250, 1.392, 0.004

1, 9, 19, 4, 52.6299, 20.4849, 0.470, 1.367, 0.004

0, 9, 18, 0, 52.6299, 20.7349, 0.250, 1.396, 0.004

1, 9, 19, 0, 52.6299, 20.7349, 0.430, 1.364, 0.004

0, 9, 18, 1, 52.6299, 20.7349, 0.250, 1.395, 0.004

1, 9, 19, 1, 52.6299, 20.7349, 0.460, 1.360, 0.004

0, 9, 18, 2, 52.6299, 20.7349, 0.260, 1.394, 0.004

1, 9, 19, 2, 52.6299, 20.7349, 0.450, 1.369, 0.004

0, 9, 18, 3, 52.6299, 20.7349, 0.250, 1.394, 0.004

1, 9, 19, 3, 52.6299, 20.7349, 0.450, 1.362, 0.004

0, 9, 18, 4, 52.6299, 20.7349, 0.250, 1.389, 0.004

1, 9, 19, 4, 52.6299, 20.7349, 0.460, 1.367, 0.004

0, 9, 18, 0, 52.6299, 20.9849, 0.250, 1.399, 0.004

1, 9, 19, 0, 52.6299, 20.9849, 0.460, 1.365, 0.004

0, 9, 18, 1, 52.6299, 20.9849, 0.250, 1.397, 0.004

1, 9, 19, 1, 52.6299, 20.9849, 0.450, 1.371, 0.004

0, 9, 18, 2, 52.6299, 20.9849, 0.250, 1.403, 0.004

1, 9, 19, 2, 52.6299, 20.9849, 0.450, 1.370, 0.004

0, 9, 18, 3, 52.6299, 20.9849, 0.250, 1.402, 0.004

1, 9, 19, 3, 52.6299, 20.9849, 0.480, 1.377, 0.004

0, 9, 18, 4, 52.6299, 20.9849, 0.250, 1.402, 0.004

1, 9, 19, 4, 52.6299, 20.9849, 0.460, 1.366, 0.004

0, 9, 18, 0, 52.6299, 21.2349, 0.250, 1.394, 0.004

1, 9, 19, 0, 52.6299, 21.2349, 0.460, 1.372, 0.004

0, 9, 18, 1, 52.6299, 21.2349, 0.250, 1.405, 0.004

1, 9, 19, 1, 52.6299, 21.2349, 0.460, 1.374, 0.004

0, 9, 18, 2, 52.6299, 21.2349, 0.250, 1.399, 0.004

1, 9, 19, 2, 52.6299, 21.2349, 0.440, 1.362, 0.004

0, 9, 18, 3, 52.6299, 21.2349, 0.260, 1.388, 0.004

1, 9, 19, 3, 52.6299, 21.2349, 0.460, 1.370, 0.004

0, 9, 18, 4, 52.6299, 21.2349, 0.250, 1.393, 0.004

1, 9, 19, 4, 52.6299, 21.2349, 0.470, 1.375, 0.004

0, 9, 18, 0, 52.6299, 21.4849, 0.250, 1.396, 0.004

1, 9, 19, 0, 52.6299, 21.4849, 0.470, 1.367, 0.004

0, 9, 18, 1, 52.6299, 21.4849, 0.250, 1.391, 0.004

1, 9, 19, 1, 52.6299, 21.4849, 0.460, 1.374, 0.004

0, 9, 18, 2, 52.6299, 21.4849, 0.250, 1.384, 0.004

1, 9, 19, 2, 52.6299, 21.4849, 0.460, 1.363, 0.004

0, 9, 18, 3, 52.6299, 21.4849, 0.250, 1.397, 0.004

1, 9, 19, 3, 52.6299, 21.4849, 0.460, 1.334, 0.004

0, 9, 18, 4, 52.6299, 21.4849, 0.260, 1.398, 0.004

1, 9, 19, 4, 52.6299, 21.4849, 0.470, 1.375, 0.004

0, 9, 18, 0, 52.6299, 21.7349, 0.250, 1.400, 0.004

1, 9, 19, 0, 52.6299, 21.7349, 0.450, 1.358, 0.004

0, 9, 18, 1, 52.6299, 21.7349, 0.250, 1.398, 0.004

1, 9, 19, 1, 52.6299, 21.7349, 0.450, 1.370, 0.004

0, 9, 18, 2, 52.6299, 21.7349, 0.250, 1.399, 0.004

1, 9, 19, 2, 52.6299, 21.7349, 0.460, 1.370, 0.004

0, 9, 18, 3, 52.6299, 21.7349, 0.250, 1.390, 0.004

1, 9, 19, 3, 52.6299, 21.7349, 0.460, 1.370, 0.004

0, 9, 18, 4, 52.6299, 21.7349, 0.250, 1.396, 0.004

1, 9, 19, 4, 52.6299, 21.7349, 0.460, 1.371, 0.004

0, 9, 18, 0, 52.6299, 21.9849, 0.250, 1.392, 0.004

1, 9, 19, 0, 52.6299, 21.9849, 0.450, 1.374, 0.004

0, 9, 18, 1, 52.6299, 21.9849, 0.250, 1.391, 0.004

1, 9, 19, 1, 52.6299, 21.9849, 0.450, 1.372, 0.004

0, 9, 18, 2, 52.6299, 21.9849, 0.250, 1.393, 0.004

1, 9, 19, 2, 52.6299, 21.9849, 0.450, 1.364, 0.004

0, 9, 18, 3, 52.6299, 21.9849, 0.250, 1.392, 0.004

1, 9, 19, 3, 52.6299, 21.9849, 0.470, 1.369, 0.004

0, 9, 18, 4, 52.6299, 21.9849, 0.250, 1.393, 0.004

1, 9, 19, 4, 52.6299, 21.9849, 0.450, 1.366, 0.004

0, 9, 18, 0, 52.6299, 22.2349, 0.250, 1.395, 0.004

1, 9, 19, 0, 52.6299, 22.2349, 0.410, 1.341, 0.004

0, 9, 18, 1, 52.6299, 22.2349, 0.250, 1.395, 0.004

1, 9, 19, 1, 52.6299, 22.2349, 0.410, 1.369, 0.004

0, 9, 18, 2, 52.6299, 22.2349, 0.250, 1.393, 0.004

1, 9, 19, 2, 52.6299, 22.2349, 0.420, 1.373, 0.004

0, 9, 18, 3, 52.6299, 22.2349, 0.260, 1.403, 0.004

1, 9, 19, 3, 52.6299, 22.2349, 0.420, 1.369, 0.004

0, 9, 18, 4, 52.6299, 22.2349, 0.250, 1.391, 0.004

1, 9, 19, 4, 52.6299, 22.2349, 0.430, 1.375, 0.004

0, 9, 18, 0, 52.6299, 22.4849, 0.250, 1.389, 0.004

1, 9, 19, 0, 52.6299, 22.4849, 0.390, 1.372, 0.004

0, 9, 18, 1, 52.6299, 22.4849, 0.250, 1.393, 0.004

1, 9, 19, 1, 52.6299, 22.4849, 0.400, 1.381, 0.004

0, 9, 18, 2, 52.6299, 22.4849, 0.250, 1.389, 0.004

1, 9, 19, 2, 52.6299, 22.4849, 0.390, 1.365, 0.004

0, 9, 18, 3, 52.6299, 22.4849, 0.250, 1.398, 0.004

1, 9, 19, 3, 52.6299, 22.4849, 0.390, 1.365, 0.004

0, 9, 18, 4, 52.6299, 22.4849, 0.250, 1.392, 0.004

1, 9, 19, 4, 52.6299, 22.4849, 0.390, 1.367, 0.004

0, 9, 18, 0, 52.6299, 22.7349, 0.250, 1.402, 0.004

1, 9, 19, 0, 52.6299, 22.7349, 0.390, 1.362, 0.004

0, 9, 18, 1, 52.6299, 22.7349, 0.260, 1.394, 0.004

1, 9, 19, 1, 52.6299, 22.7349, 0.400, 1.364, 0.004

0, 9, 18, 2, 52.6299, 22.7349, 0.250, 1.406, 0.004

1, 9, 19, 2, 52.6299, 22.7349, 0.400, 1.368, 0.004

0, 9, 18, 3, 52.6299, 22.7349, 0.250, 1.390, 0.004

1, 9, 19, 3, 52.6299, 22.7349, 0.390, 1.368, 0.004

0, 9, 18, 4, 52.6299, 22.7349, 0.250, 1.406, 0.004

1, 9, 19, 4, 52.6299, 22.7349, 0.370, 1.379, 0.004

0, 9, 18, 0, 52.6299, 22.9849, 0.250, 1.397, 0.004

1, 9, 19, 0, 52.6299, 22.9849, 0.360, 1.368, 0.004

0, 9, 18, 1, 52.6299, 22.9849, 0.250, 1.395, 0.004

1, 9, 19, 1, 52.6299, 22.9849, 0.360, 1.373, 0.004

0, 9, 18, 2, 52.6299, 22.9849, 0.260, 1.392, 0.004

1, 9, 19, 2, 52.6299, 22.9849, 0.360, 1.361, 0.004

0, 9, 18, 3, 52.6299, 22.9849, 0.250, 1.387, 0.004

1, 9, 19, 3, 52.6299, 22.9849, 0.360, 1.364, 0.004

0, 9, 18, 4, 52.6299, 22.9849, 0.260, 1.403, 0.004

1, 9, 19, 4, 52.6299, 22.9849, 0.360, 1.367, 0.004

0, 9, 18, 0, 52.6299, 23.2349, 0.250, 1.392, 0.004

1, 9, 19, 0, 52.6299, 23.2349, 0.320, 1.370, 0.004

0, 9, 18, 1, 52.6299, 23.2349, 0.250, 1.393, 0.004

1, 9, 19, 1, 52.6299, 23.2349, 0.310, 1.373, 0.004

0, 9, 18, 2, 52.6299, 23.2349, 0.250, 1.395, 0.004

1, 9, 19, 2, 52.6299, 23.2349, 0.310, 1.363, 0.004

0, 9, 18, 3, 52.6299, 23.2349, 0.250, 1.389, 0.004

1, 9, 19, 3, 52.6299, 23.2349, 0.310, 1.325, 0.004

0, 9, 18, 4, 52.6299, 23.2349, 0.260, 1.386, 0.004

1, 9, 19, 4, 52.6299, 23.2349, 0.310, 1.360, 0.004

0, 9, 18, 0, 52.6299, 23.4849, 0.260, 1.388, 0.004

1, 9, 19, 0, 52.6299, 23.4849, 0.270, 1.372, 0.004

0, 9, 18, 1, 52.6299, 23.4849, 0.260, 1.397, 0.004

1, 9, 19, 1, 52.6299, 23.4849, 0.280, 1.365, 0.004

0, 9, 18, 2, 52.6299, 23.4849, 0.250, 1.398, 0.004

1, 9, 19, 2, 52.6299, 23.4849, 0.280, 1.368, 0.004

0, 9, 18, 3, 52.6299, 23.4849, 0.260, 1.391, 0.004

1, 9, 19, 3, 52.6299, 23.4849, 0.280, 1.367, 0.004

0, 9, 18, 4, 52.6299, 23.4849, 0.250, 1.391, 0.004

1, 9, 19, 4, 52.6299, 23.4849, 0.290, 1.377, 0.004

0, 9, 18, 0, 52.6299, 23.7349, 0.250, 1.386, 0.004

1, 9, 19, 0, 52.6299, 23.7349, 0.260, 1.365, 0.004

0, 9, 18, 1, 52.6299, 23.7349, 0.260, 1.391, 0.004

1, 9, 19, 1, 52.6299, 23.7349, 0.260, 1.369, 0.004

0, 9, 18, 2, 52.6299, 23.7349, 0.250, 1.394, 0.004

1, 9, 19, 2, 52.6299, 23.7349, 0.270, 1.371, 0.004

0, 9, 18, 3, 52.6299, 23.7349, 0.250, 1.399, 0.004

1, 9, 19, 3, 52.6299, 23.7349, 0.260, 1.373, 0.004

0, 9, 18, 4, 52.6299, 23.7349, 0.260, 1.391, 0.004

1, 9, 19, 4, 52.6299, 23.7349, 0.270, 1.369, 0.004

0, 9, 18, 0, 52.6299, 23.9849, 0.260, 1.389, 0.004

1, 9, 19, 0, 52.6299, 23.9849, 0.250, 1.374, 0.004

0, 9, 18, 1, 52.6299, 23.9849, 0.260, 1.393, 0.004

1, 9, 19, 1, 52.6299, 23.9849, 0.250, 1.373, 0.004

0, 9, 18, 2, 52.6299, 23.9849, 0.250, 1.410, 0.004

1, 9, 19, 2, 52.6299, 23.9849, 0.260, 1.367, 0.004

0, 9, 18, 3, 52.6299, 23.9849, 0.260, 1.389, 0.004

1, 9, 19, 3, 52.6299, 23.9849, 0.260, 1.369, 0.004

0, 9, 18, 4, 52.6299, 23.9849, 0.260, 1.391, 0.004

1, 9, 19, 4, 52.6299, 23.9849, 0.260, 1.368, 0.004

0, 9, 18, 0, 52.6299, 24.2349, 0.260, 1.393, 0.004

1, 9, 19, 0, 52.6299, 24.2349, 0.250, 1.363, 0.004

0, 9, 18, 1, 52.6299, 24.2349, 0.260, 1.398, 0.004

1, 9, 19, 1, 52.6299, 24.2349, 0.250, 1.371, 0.004

0, 9, 18, 2, 52.6299, 24.2349, 0.270, 1.397, 0.004

1, 9, 19, 2, 52.6299, 24.2349, 0.250, 1.370, 0.004

0, 9, 18, 3, 52.6299, 24.2349, 0.260, 1.392, 0.004

1, 9, 19, 3, 52.6299, 24.2349, 0.250, 1.374, 0.004

0, 9, 18, 4, 52.6299, 24.2349, 0.260, 1.398, 0.004

1, 9, 19, 4, 52.6299, 24.2349, 0.250, 1.369, 0.004

0, 9, 18, 0, 52.6299, 24.4849, 0.280, 1.389, 0.004

1, 9, 19, 0, 52.6299, 24.4849, 0.250, 1.370, 0.004

0, 9, 18, 1, 52.6299, 24.4849, 0.280, 1.397, 0.004

1, 9, 19, 1, 52.6299, 24.4849, 0.250, 1.365, 0.004

0, 9, 18, 2, 52.6299, 24.4849, 0.280, 1.403, 0.004

1, 9, 19, 2, 52.6299, 24.4849, 0.250, 1.367, 0.004

0, 9, 18, 3, 52.6299, 24.4849, 0.270, 1.396, 0.004

1, 9, 19, 3, 52.6299, 24.4849, 0.250, 1.363, 0.004

0, 9, 18, 4, 52.6299, 24.4849, 0.280, 1.398, 0.004

1, 9, 19, 4, 52.6299, 24.4849, 0.250, 1.366, 0.004

0, 9, 18, 0, 52.6299, 24.7349, 0.300, 1.395, 0.004

1, 9, 19, 0, 52.6299, 24.7349, 0.250, 1.366, 0.004

0, 9, 18, 1, 52.6299, 24.7349, 0.300, 1.393, 0.004

1, 9, 19, 1, 52.6299, 24.7349, 0.250, 1.369, 0.004

0, 9, 18, 2, 52.6299, 24.7349, 0.300, 1.397, 0.004

1, 9, 19, 2, 52.6299, 24.7349, 0.250, 1.370, 0.004

0, 9, 18, 3, 52.6299, 24.7349, 0.300, 1.391, 0.004

1, 9, 19, 3, 52.6299, 24.7349, 0.250, 1.363, 0.004

0, 9, 18, 4, 52.6299, 24.7349, 0.300, 1.388, 0.004

1, 9, 19, 4, 52.6299, 24.7349, 0.250, 1.374, 0.004

0, 9, 18, 0, 52.6299, 24.9849, 0.320, 1.392, 0.004

1, 9, 19, 0, 52.6299, 24.9849, 0.250, 1.369, 0.004

0, 9, 18, 1, 52.6299, 24.9849, 0.330, 1.395, 0.004

1, 9, 19, 1, 52.6299, 24.9849, 0.250, 1.376, 0.004

0, 9, 18, 2, 52.6299, 24.9849, 0.330, 1.397, 0.004

1, 9, 19, 2, 52.6299, 24.9849, 0.250, 1.369, 0.004

0, 9, 18, 3, 52.6299, 24.9849, 0.330, 1.395, 0.004

1, 9, 19, 3, 52.6299, 24.9849, 0.250, 1.364, 0.004

0, 9, 18, 4, 52.6299, 24.9849, 0.330, 1.397, 0.004

1, 9, 19, 4, 52.6299, 24.9849, 0.250, 1.363, 0.004

0, 9, 18, 0, 52.6299, 25.2349, 0.340, 1.395, 0.004

1, 9, 19, 0, 52.6299, 25.2349, 0.250, 1.374, 0.004

0, 9, 18, 1, 52.6299, 25.2349, 0.340, 1.398, 0.004

1, 9, 19, 1, 52.6299, 25.2349, 0.250, 1.368, 0.004

0, 9, 18, 2, 52.6299, 25.2349, 0.340, 1.395, 0.004

1, 9, 19, 2, 52.6299, 25.2349, 0.250, 1.369, 0.004

0, 9, 18, 3, 52.6299, 25.2349, 0.340, 1.397, 0.004

1, 9, 19, 3, 52.6299, 25.2349, 0.250, 1.377, 0.004

0, 9, 18, 4, 52.6299, 25.2349, 0.340, 1.385, 0.004

1, 9, 19, 4, 52.6299, 25.2349, 0.250, 1.367, 0.004

0, 9, 18, 0, 52.6299, 25.4849, 0.350, 1.390, 0.004

1, 9, 19, 0, 52.6299, 25.4849, 0.250, 1.362, 0.004

0, 9, 18, 1, 52.6299, 25.4849, 0.350, 1.376, 0.004

1, 9, 19, 1, 52.6299, 25.4849, 0.250, 1.376, 0.004

0, 9, 18, 2, 52.6299, 25.4849, 0.350, 1.391, 0.004

1, 9, 19, 2, 52.6299, 25.4849, 0.250, 1.371, 0.004

0, 9, 18, 3, 52.6299, 25.4849, 0.340, 1.394, 0.004

1, 9, 19, 3, 52.6299, 25.4849, 0.250, 1.374, 0.004

0, 9, 18, 4, 52.6299, 25.4849, 0.350, 1.396, 0.004

1, 9, 19, 4, 52.6299, 25.4849, 0.240, 1.365, 0.004

0, 9, 18, 0, 52.6299, 25.7349, 0.350, 1.395, 0.004

1, 9, 19, 0, 52.6299, 25.7349, 0.250, 1.375, 0.004

0, 9, 18, 1, 52.6299, 25.7349, 0.360, 1.379, 0.004

1, 9, 19, 1, 52.6299, 25.7349, 0.250, 1.375, 0.004

0, 9, 18, 2, 52.6299, 25.7349, 0.370, 1.399, 0.004

1, 9, 19, 2, 52.6299, 25.7349, 0.250, 1.364, 0.004

0, 9, 18, 3, 52.6299, 25.7349, 0.360, 1.401, 0.004

1, 9, 19, 3, 52.6299, 25.7349, 0.250, 1.362, 0.004

0, 9, 18, 4, 52.6299, 25.7349, 0.350, 1.388, 0.004

1, 9, 19, 4, 52.6299, 25.7349, 0.250, 1.378, 0.004

0, 9, 18, 0, 52.6299, 25.9849, 0.370, 1.397, 0.004

1, 9, 19, 0, 52.6299, 25.9849, 0.250, 1.361, 0.004

0, 9, 18, 1, 52.6299, 25.9849, 0.370, 1.382, 0.004

1, 9, 19, 1, 52.6299, 25.9849, 0.250, 1.365, 0.004

0, 9, 18, 2, 52.6299, 25.9849, 0.370, 1.390, 0.004

1, 9, 19, 2, 52.6299, 25.9849, 0.250, 1.369, 0.004

0, 9, 18, 3, 52.6299, 25.9849, 0.380, 1.400, 0.004

1, 9, 19, 3, 52.6299, 25.9849, 0.250, 1.366, 0.004

0, 9, 18, 4, 52.6299, 25.9849, 0.370, 1.389, 0.004

1, 9, 19, 4, 52.6299, 25.9849, 0.250, 1.371, 0.004

0, 9, 18, 0, 52.6299, 26.2349, 0.360, 1.398, 0.004

1, 9, 19, 0, 52.6299, 26.2349, 0.250, 1.363, 0.004

0, 9, 18, 1, 52.6299, 26.2349, 0.370, 1.391, 0.004

1, 9, 19, 1, 52.6299, 26.2349, 0.250, 1.373, 0.004

0, 9, 18, 2, 52.6299, 26.2349, 0.370, 1.398, 0.004

1, 9, 19, 2, 52.6299, 26.2349, 0.250, 1.368, 0.004

0, 9, 18, 3, 52.6299, 26.2349, 0.370, 1.388, 0.004

1, 9, 19, 3, 52.6299, 26.2349, 0.250, 1.369, 0.004

0, 9, 18, 4, 52.6299, 26.2349, 0.380, 1.390, 0.004

1, 9, 19, 4, 52.6299, 26.2349, 0.250, 1.366, 0.004

0, 9, 18, 0, 52.6299, 26.4849, 0.370, 1.388, 0.004

1, 9, 19, 0, 52.6299, 26.4849, 0.250, 1.374, 0.004

0, 9, 18, 1, 52.6299, 26.4849, 0.370, 1.395, 0.004

1, 9, 19, 1, 52.6299, 26.4849, 0.250, 1.372, 0.004

0, 9, 18, 2, 52.6299, 26.4849, 0.360, 1.397, 0.004

1, 9, 19, 2, 52.6299, 26.4849, 0.250, 1.372, 0.004

0, 9, 18, 3, 52.6299, 26.4849, 0.360, 1.399, 0.004

1, 9, 19, 3, 52.6299, 26.4849, 0.250, 1.369, 0.004

0, 9, 18, 4, 52.6299, 26.4849, 0.370, 1.394, 0.004

1, 9, 19, 4, 52.6299, 26.4849, 0.250, 1.376, 0.004

0, 9, 18, 0, 52.6299, 26.7349, 0.360, 1.391, 0.004

1, 9, 19, 0, 52.6299, 26.7349, 0.250, 1.368, 0.004

0, 9, 18, 1, 52.6299, 26.7349, 0.380, 1.390, 0.004

1, 9, 19, 1, 52.6299, 26.7349, 0.250, 1.374, 0.004

0, 9, 18, 2, 52.6299, 26.7349, 0.370, 1.402, 0.004

1, 9, 19, 2, 52.6299, 26.7349, 0.250, 1.377, 0.004

0, 9, 18, 3, 52.6299, 26.7349, 0.370, 1.387, 0.004

1, 9, 19, 3, 52.6299, 26.7349, 0.250, 1.369, 0.004

0, 9, 18, 4, 52.6299, 26.7349, 0.380, 1.395, 0.004

1, 9, 19, 4, 52.6299, 26.7349, 0.250, 1.352, 0.004

0, 9, 18, 0, 52.6299, 26.9849, 0.370, 1.390, 0.004

1, 9, 19, 0, 52.6299, 26.9849, 0.250, 1.358, 0.004

0, 9, 18, 1, 52.6299, 26.9849, 0.370, 1.388, 0.004

1, 9, 19, 1, 52.6299, 26.9849, 0.250, 1.368, 0.004

0, 9, 18, 2, 52.6299, 26.9849, 0.370, 1.399, 0.004

1, 9, 19, 2, 52.6299, 26.9849, 0.250, 1.371, 0.004

0, 9, 18, 3, 52.6299, 26.9849, 0.370, 1.393, 0.004

1, 9, 19, 3, 52.6299, 26.9849, 0.250, 1.370, 0.004

0, 9, 18, 4, 52.6299, 26.9849, 0.370, 1.410, 0.004

1, 9, 19, 4, 52.6299, 26.9849, 0.250, 1.368, 0.004

0, 9, 18, 0, 52.6299, 27.2349, 0.370, 1.400, 0.004

1, 9, 19, 0, 52.6299, 27.2349, 0.250, 1.373, 0.004

0, 9, 18, 1, 52.6299, 27.2349, 0.370, 1.396, 0.004

1, 9, 19, 1, 52.6299, 27.2349, 0.250, 1.375, 0.004

0, 9, 18, 2, 52.6299, 27.2349, 0.360, 1.401, 0.004

1, 9, 19, 2, 52.6299, 27.2349, 0.250, 1.367, 0.004

0, 9, 18, 3, 52.6299, 27.2349, 0.360, 1.388, 0.004

1, 9, 19, 3, 52.6299, 27.2349, 0.250, 1.358, 0.004

0, 9, 18, 4, 52.6299, 27.2349, 0.360, 1.399, 0.004

1, 9, 19, 4, 52.6299, 27.2349, 0.250, 1.373, 0.004

0, 9, 18, 0, 52.6299, 27.4849, 0.370, 1.387, 0.004

1, 9, 19, 0, 52.6299, 27.4849, 0.250, 1.369, 0.004

0, 9, 18, 1, 52.6299, 27.4849, 0.360, 1.389, 0.004

1, 9, 19, 1, 52.6299, 27.4849, 0.250, 1.368, 0.004

0, 9, 18, 2, 52.6299, 27.4849, 0.370, 1.399, 0.004

1, 9, 19, 2, 52.6299, 27.4849, 0.250, 1.366, 0.004

0, 9, 18, 3, 52.6299, 27.4849, 0.360, 1.394, 0.004

1, 9, 19, 3, 52.6299, 27.4849, 0.250, 1.366, 0.004

0, 9, 18, 4, 52.6299, 27.4849, 0.380, 1.377, 0.004

1, 9, 19, 4, 52.6299, 27.4849, 0.250, 1.368, 0.004

0, 9, 18, 0, 52.6299, 27.7349, 0.370, 1.393, 0.004

1, 9, 19, 0, 52.6299, 27.7349, 0.250, 1.369, 0.004

0, 9, 18, 1, 52.6299, 27.7349, 0.370, 1.400, 0.004

1, 9, 19, 1, 52.6299, 27.7349, 0.250, 1.372, 0.004

0, 9, 18, 2, 52.6299, 27.7349, 0.370, 1.397, 0.004

1, 9, 19, 2, 52.6299, 27.7349, 0.250, 1.371, 0.004

0, 9, 18, 3, 52.6299, 27.7349, 0.370, 1.378, 0.004

1, 9, 19, 3, 52.6299, 27.7349, 0.250, 1.372, 0.004

0, 9, 18, 4, 52.6299, 27.7349, 0.370, 1.400, 0.004

1, 9, 19, 4, 52.6299, 27.7349, 0.250, 1.360, 0.004

0, 9, 18, 0, 52.6299, 27.9849, 0.370, 1.390, 0.004

1, 9, 19, 0, 52.6299, 27.9849, 0.250, 1.370, 0.004

0, 9, 18, 1, 52.6299, 27.9849, 0.380, 1.373, 0.004

1, 9, 19, 1, 52.6299, 27.9849, 0.250, 1.371, 0.004

0, 9, 18, 2, 52.6299, 27.9849, 0.370, 1.396, 0.004

1, 9, 19, 2, 52.6299, 27.9849, 0.250, 1.369, 0.004

0, 9, 18, 3, 52.6299, 27.9849, 0.370, 1.380, 0.004

1, 9, 19, 3, 52.6299, 27.9849, 0.250, 1.369, 0.004

0, 9, 18, 4, 52.6299, 27.9849, 0.370, 1.399, 0.004

1, 9, 19, 4, 52.6299, 27.9849, 0.250, 1.367, 0.004

0, 9, 18, 0, 52.6299, 28.2349, 0.360, 1.404, 0.004

1, 9, 19, 0, 52.6299, 28.2349, 0.250, 1.372, 0.004

0, 9, 18, 1, 52.6299, 28.2349, 0.360, 1.389, 0.004

1, 9, 19, 1, 52.6299, 28.2349, 0.250, 1.367, 0.004

0, 9, 18, 2, 52.6299, 28.2349, 0.370, 1.391, 0.004

1, 9, 19, 2, 52.6299, 28.2349, 0.250, 1.377, 0.004

0, 9, 18, 3, 52.6299, 28.2349, 0.370, 1.395, 0.004

1, 9, 19, 3, 52.6299, 28.2349, 0.250, 1.375, 0.004

0, 9, 18, 4, 52.6299, 28.2349, 0.360, 1.395, 0.004

1, 9, 19, 4, 52.6299, 28.2349, 0.250, 1.375, 0.004

0, 9, 18, 0, 52.6299, 28.4849, 0.370, 1.387, 0.004

1, 9, 19, 0, 52.6299, 28.4849, 0.250, 1.375, 0.004

0, 9, 18, 1, 52.6299, 28.4849, 0.370, 1.385, 0.004

1, 9, 19, 1, 52.6299, 28.4849, 0.250, 1.378, 0.004

0, 9, 18, 2, 52.6299, 28.4849, 0.360, 1.394, 0.004

1, 9, 19, 2, 52.6299, 28.4849, 0.250, 1.374, 0.004

0, 9, 18, 3, 52.6299, 28.4849, 0.360, 1.395, 0.004

1, 9, 19, 3, 52.6299, 28.4849, 0.250, 1.363, 0.004

0, 9, 18, 4, 52.6299, 28.4849, 0.370, 1.392, 0.004

1, 9, 19, 4, 52.6299, 28.4849, 0.260, 1.367, 0.004

0, 9, 18, 0, 52.6299, 28.7349, 0.370, 1.395, 0.004

1, 9, 19, 0, 52.6299, 28.7349, 0.250, 1.366, 0.004

0, 9, 18, 1, 52.6299, 28.7349, 0.370, 1.406, 0.004

1, 9, 19, 1, 52.6299, 28.7349, 0.250, 1.371, 0.004

0, 9, 18, 2, 52.6299, 28.7349, 0.370, 1.398, 0.004

1, 9, 19, 2, 52.6299, 28.7349, 0.250, 1.358, 0.004

0, 9, 18, 3, 52.6299, 28.7349, 0.370, 1.393, 0.004

1, 9, 19, 3, 52.6299, 28.7349, 0.240, 1.377, 0.004

0, 9, 18, 4, 52.6299, 28.7349, 0.380, 1.394, 0.004

1, 9, 19, 4, 52.6299, 28.7349, 0.250, 1.368, 0.004

0, 9, 18, 0, 52.6299, 28.9849, 0.370, 1.394, 0.004

1, 9, 19, 0, 52.6299, 28.9849, 0.250, 1.366, 0.004

0, 9, 18, 1, 52.6299, 28.9849, 0.360, 1.383, 0.004

1, 9, 19, 1, 52.6299, 28.9849, 0.250, 1.367, 0.004

0, 9, 18, 2, 52.6299, 28.9849, 0.380, 1.404, 0.004

1, 9, 19, 2, 52.6299, 28.9849, 0.250, 1.367, 0.004

0, 9, 18, 3, 52.6299, 28.9849, 0.370, 1.378, 0.004

1, 9, 19, 3, 52.6299, 28.9849, 0.240, 1.369, 0.004

0, 9, 18, 4, 52.6299, 28.9849, 0.370, 1.396, 0.004

1, 9, 19, 4, 52.6299, 28.9849, 0.250, 1.363, 0.004

0, 9, 18, 0, 52.6299, 29.2349, 0.380, 1.392, 0.004

1, 9, 19, 0, 52.6299, 29.2349, 0.240, 1.363, 0.004

0, 9, 18, 1, 52.6299, 29.2349, 0.370, 1.395, 0.004

1, 9, 19, 1, 52.6299, 29.2349, 0.250, 1.382, 0.004

0, 9, 18, 2, 52.6299, 29.2349, 0.370, 1.387, 0.004

1, 9, 19, 2, 52.6299, 29.2349, 0.250, 1.366, 0.004

0, 9, 18, 3, 52.6299, 29.2349, 0.370, 1.390, 0.004

1, 9, 19, 3, 52.6299, 29.2349, 0.250, 1.369, 0.004

0, 9, 18, 4, 52.6299, 29.2349, 0.360, 1.394, 0.004

1, 9, 19, 4, 52.6299, 29.2349, 0.250, 1.370, 0.004

0, 9, 18, 0, 52.6299, 29.4849, 0.370, 1.398, 0.004

1, 9, 19, 0, 52.6299, 29.4849, 0.250, 1.365, 0.004

0, 9, 18, 1, 52.6299, 29.4849, 0.370, 1.395, 0.004

1, 9, 19, 1, 52.6299, 29.4849, 0.250, 1.368, 0.004

0, 9, 18, 2, 52.6299, 29.4849, 0.370, 1.399, 0.004

1, 9, 19, 2, 52.6299, 29.4849, 0.250, 1.373, 0.004

0, 9, 18, 3, 52.6299, 29.4849, 0.360, 1.390, 0.004

1, 9, 19, 3, 52.6299, 29.4849, 0.240, 1.370, 0.004

0, 9, 18, 4, 52.6299, 29.4849, 0.360, 1.389, 0.004

1, 9, 19, 4, 52.6299, 29.4849, 0.250, 1.369, 0.004

0, 9, 18, 0, 52.6299, 29.7349, 0.370, 1.391, 0.004

1, 9, 19, 0, 52.6299, 29.7349, 0.250, 1.371, 0.004

0, 9, 18, 1, 52.6299, 29.7349, 0.370, 1.399, 0.004

1, 9, 19, 1, 52.6299, 29.7349, 0.250, 1.374, 0.004

0, 9, 18, 2, 52.6299, 29.7349, 0.370, 1.398, 0.004

1, 9, 19, 2, 52.6299, 29.7349, 0.250, 1.368, 0.004

0, 9, 18, 3, 52.6299, 29.7349, 0.370, 1.394, 0.004

1, 9, 19, 3, 52.6299, 29.7349, 0.250, 1.371, 0.004

0, 9, 18, 4, 52.6299, 29.7349, 0.370, 1.396, 0.004

1, 9, 19, 4, 52.6299, 29.7349, 0.250, 1.367, 0.004

0, 9, 18, 0, 52.6299, 29.9849, 0.370, 1.394, 0.004

1, 9, 19, 0, 52.6299, 29.9849, 0.240, 1.373, 0.004

0, 9, 18, 1, 52.6299, 29.9849, 0.370, 1.386, 0.004

1, 9, 19, 1, 52.6299, 29.9849, 0.250, 1.375, 0.004

0, 9, 18, 2, 52.6299, 29.9849, 0.370, 1.353, 0.004

1, 9, 19, 2, 52.6299, 29.9849, 0.250, 1.377, 0.004

0, 9, 18, 3, 52.6299, 29.9849, 0.360, 1.396, 0.004

1, 9, 19, 3, 52.6299, 29.9849, 0.250, 1.370, 0.004

0, 9, 18, 4, 52.6299, 29.9849, 0.370, 1.393, 0.004

1, 9, 19, 4, 52.6299, 29.9849, 0.240, 1.365, 0.004

0, 9, 18, 0, 52.6299, 30.2349, 0.370, 1.397, 0.004

1, 9, 19, 0, 52.6299, 30.2349, 0.250, 1.360, 0.004

0, 9, 18, 1, 52.6299, 30.2349, 0.370, 1.394, 0.004

1, 9, 19, 1, 52.6299, 30.2349, 0.250, 1.372, 0.004

0, 9, 18, 2, 52.6299, 30.2349, 0.370, 1.391, 0.004

1, 9, 19, 2, 52.6299, 30.2349, 0.250, 1.367, 0.004

0, 9, 18, 3, 52.6299, 30.2349, 0.360, 1.400, 0.004

1, 9, 19, 3, 52.6299, 30.2349, 0.240, 1.371, 0.004

0, 9, 18, 4, 52.6299, 30.2349, 0.380, 1.404, 0.004

1, 9, 19, 4, 52.6299, 30.2349, 0.250, 1.374, 0.004

0, 9, 18, 0, 52.6299, 30.4849, 0.370, 1.392, 0.004

1, 9, 19, 0, 52.6299, 30.4849, 0.250, 1.374, 0.004

0, 9, 18, 1, 52.6299, 30.4849, 0.360, 1.396, 0.004

1, 9, 19, 1, 52.6299, 30.4849, 0.250, 1.371, 0.004

0, 9, 18, 2, 52.6299, 30.4849, 0.370, 1.376, 0.004

1, 9, 19, 2, 52.6299, 30.4849, 0.260, 1.364, 0.004

0, 9, 18, 3, 52.6299, 30.4849, 0.370, 1.384, 0.004

1, 9, 19, 3, 52.6299, 30.4849, 0.250, 1.376, 0.004

0, 9, 18, 4, 52.6299, 30.4849, 0.360, 1.399, 0.004

1, 9, 19, 4, 52.6299, 30.4849, 0.250, 1.380, 0.004

0, 9, 18, 0, 52.6299, 30.7349, 0.370, 1.394, 0.004

1, 9, 19, 0, 52.6299, 30.7349, 0.250, 1.373, 0.004

0, 9, 18, 1, 52.6299, 30.7349, 0.370, 1.392, 0.004

1, 9, 19, 1, 52.6299, 30.7349, 0.250, 1.368, 0.004

0, 9, 18, 2, 52.6299, 30.7349, 0.360, 1.397, 0.004

1, 9, 19, 2, 52.6299, 30.7349, 0.250, 1.371, 0.004

0, 9, 18, 3, 52.6299, 30.7349, 0.360, 1.395, 0.004

1, 9, 19, 3, 52.6299, 30.7349, 0.250, 1.358, 0.004

0, 9, 18, 4, 52.6299, 30.7349, 0.370, 1.400, 0.004

1, 9, 19, 4, 52.6299, 30.7349, 0.250, 1.373, 0.004

0, 9, 18, 0, 52.6299, 30.9849, 0.370, 1.391, 0.004

1, 9, 19, 0, 52.6299, 30.9849, 0.250, 1.365, 0.004

0, 9, 18, 1, 52.6299, 30.9849, 0.360, 1.393, 0.004

1, 9, 19, 1, 52.6299, 30.9849, 0.250, 1.370, 0.004

0, 9, 18, 2, 52.6299, 30.9849, 0.370, 1.374, 0.004

1, 9, 19, 2, 52.6299, 30.9849, 0.250, 1.367, 0.004

0, 9, 18, 3, 52.6299, 30.9849, 0.370, 1.397, 0.004

1, 9, 19, 3, 52.6299, 30.9849, 0.250, 1.371, 0.004

0, 9, 18, 4, 52.6299, 30.9849, 0.370, 1.395, 0.004

1, 9, 19, 4, 52.6299, 30.9849, 0.250, 1.376, 0.004

0, 9, 18, 0, 52.6299, 31.2349, 0.360, 1.394, 0.004

1, 9, 19, 0, 52.6299, 31.2349, 0.250, 1.366, 0.004

0, 9, 18, 1, 52.6299, 31.2349, 0.360, 1.383, 0.004

1, 9, 19, 1, 52.6299, 31.2349, 0.250, 1.378, 0.004

0, 9, 18, 2, 52.6299, 31.2349, 0.370, 1.398, 0.004

1, 9, 19, 2, 52.6299, 31.2349, 0.250, 1.367, 0.004

0, 9, 18, 3, 52.6299, 31.2349, 0.370, 1.391, 0.004

1, 9, 19, 3, 52.6299, 31.2349, 0.250, 1.363, 0.004

0, 9, 18, 4, 52.6299, 31.2349, 0.370, 1.404, 0.004

1, 9, 19, 4, 52.6299, 31.2349, 0.250, 1.366, 0.004

0, 9, 18, 0, 52.6299, 31.4849, 0.360, 1.399, 0.004

1, 9, 19, 0, 52.6299, 31.4849, 0.250, 1.365, 0.004

0, 9, 18, 1, 52.6299, 31.4849, 0.370, 1.391, 0.004

1, 9, 19, 1, 52.6299, 31.4849, 0.250, 1.371, 0.004

0, 9, 18, 2, 52.6299, 31.4849, 0.370, 1.384, 0.004

1, 9, 19, 2, 52.6299, 31.4849, 0.250, 1.367, 0.004

0, 9, 18, 3, 52.6299, 31.4849, 0.370, 1.394, 0.004

1, 9, 19, 3, 52.6299, 31.4849, 0.250, 1.367, 0.004

0, 9, 18, 4, 52.6299, 31.4849, 0.370, 1.398, 0.004

1, 9, 19, 4, 52.6299, 31.4849, 0.250, 1.363, 0.004

0, 9, 18, 0, 52.6299, 31.7349, 0.370, 1.389, 0.004

1, 9, 19, 0, 52.6299, 31.7349, 0.250, 1.369, 0.004

0, 9, 18, 1, 52.6299, 31.7349, 0.370, 1.386, 0.004

1, 9, 19, 1, 52.6299, 31.7349, 0.250, 1.367, 0.004

0, 9, 18, 2, 52.6299, 31.7349, 0.370, 1.395, 0.004

1, 9, 19, 2, 52.6299, 31.7349, 0.240, 1.364, 0.004

0, 9, 18, 3, 52.6299, 31.7349, 0.370, 1.384, 0.004

1, 9, 19, 3, 52.6299, 31.7349, 0.250, 1.367, 0.004

0, 9, 18, 4, 52.6299, 31.7349, 0.370, 1.397, 0.004

1, 9, 19, 4, 52.6299, 31.7349, 0.250, 1.359, 0.004

0, 9, 18, 0, 52.6299, 31.9849, 0.360, 1.394, 0.004

1, 9, 19, 0, 52.6299, 31.9849, 0.250, 1.370, 0.004

0, 9, 18, 1, 52.6299, 31.9849, 0.370, 1.396, 0.004

1, 9, 19, 1, 52.6299, 31.9849, 0.250, 1.372, 0.004

0, 9, 18, 2, 52.6299, 31.9849, 0.370, 1.390, 0.004

1, 9, 19, 2, 52.6299, 31.9849, 0.250, 1.374, 0.004

0, 9, 18, 3, 52.6299, 31.9849, 0.370, 1.397, 0.004

1, 9, 19, 3, 52.6299, 31.9849, 0.250, 1.377, 0.004

0, 9, 18, 4, 52.6299, 31.9849, 0.350, 1.396, 0.004

1, 9, 19, 4, 52.6299, 31.9849, 0.250, 1.372, 0.004

0, 9, 18, 0, 52.6299, 32.2349, 0.370, 1.394, 0.004

1, 9, 19, 0, 52.6299, 32.2349, 0.250, 1.374, 0.004

0, 9, 18, 1, 52.6299, 32.2349, 0.370, 1.385, 0.004

1, 9, 19, 1, 52.6299, 32.2349, 0.250, 1.360, 0.004

0, 9, 18, 2, 52.6299, 32.2349, 0.370, 1.395, 0.004

1, 9, 19, 2, 52.6299, 32.2349, 0.250, 1.365, 0.004

0, 9, 18, 3, 52.6299, 32.2349, 0.370, 1.397, 0.004

1, 9, 19, 3, 52.6299, 32.2349, 0.250, 1.370, 0.004

0, 9, 18, 4, 52.6299, 32.2349, 0.370, 1.400, 0.004

1, 9, 19, 4, 52.6299, 32.2349, 0.250, 1.376, 0.004

0, 9, 18, 0, 52.6299, 32.4849, 0.370, 1.398, 0.004

1, 9, 19, 0, 52.6299, 32.4849, 0.250, 1.370, 0.004

0, 9, 18, 1, 52.6299, 32.4849, 0.370, 1.395, 0.004

1, 9, 19, 1, 52.6299, 32.4849, 0.250, 1.366, 0.004

0, 9, 18, 2, 52.6299, 32.4849, 0.370, 1.399, 0.004

1, 9, 19, 2, 52.6299, 32.4849, 0.250, 1.372, 0.004

0, 9, 18, 3, 52.6299, 32.4849, 0.370, 1.394, 0.004

1, 9, 19, 3, 52.6299, 32.4849, 0.250, 1.371, 0.004

0, 9, 18, 4, 52.6299, 32.4849, 0.380, 1.393, 0.004

1, 9, 19, 4, 52.6299, 32.4849, 0.250, 1.363, 0.004

0, 9, 18, 0, 52.6299, 32.7349, 0.370, 1.395, 0.004

1, 9, 19, 0, 52.6299, 32.7349, 0.250, 1.371, 0.004

0, 9, 18, 1, 52.6299, 32.7349, 0.370, 1.391, 0.004

1, 9, 19, 1, 52.6299, 32.7349, 0.250, 1.373, 0.004

0, 9, 18, 2, 52.6299, 32.7349, 0.370, 1.392, 0.004

1, 9, 19, 2, 52.6299, 32.7349, 0.250, 1.370, 0.004

0, 9, 18, 3, 52.6299, 32.7349, 0.370, 1.387, 0.004

1, 9, 19, 3, 52.6299, 32.7349, 0.250, 1.366, 0.004

0, 9, 18, 4, 52.6299, 32.7349, 0.360, 1.402, 0.004

1, 9, 19, 4, 52.6299, 32.7349, 0.250, 1.369, 0.004

0, 9, 18, 0, 52.6299, 32.9849, 0.370, 1.385, 0.004

1, 9, 19, 0, 52.6299, 32.9849, 0.250, 1.359, 0.004

0, 9, 18, 1, 52.6299, 32.9849, 0.360, 1.396, 0.004

1, 9, 19, 1, 52.6299, 32.9849, 0.250, 1.361, 0.004

0, 9, 18, 2, 52.6299, 32.9849, 0.370, 1.395, 0.004

1, 9, 19, 2, 52.6299, 32.9849, 0.250, 1.373, 0.004

0, 9, 18, 3, 52.6299, 32.9849, 0.370, 1.384, 0.004

1, 9, 19, 3, 52.6299, 32.9849, 0.250, 1.375, 0.004

0, 9, 18, 4, 52.6299, 32.9849, 0.370, 1.390, 0.004

1, 9, 19, 4, 52.6299, 32.9849, 0.250, 1.369, 0.004

0, 9, 18, 0, 52.6299, 33.2349, 0.360, 1.393, 0.004

1, 9, 19, 0, 52.6299, 33.2349, 0.240, 1.367, 0.004

0, 9, 18, 1, 52.6299, 33.2349, 0.360, 1.390, 0.004

1, 9, 19, 1, 52.6299, 33.2349, 0.250, 1.369, 0.004

0, 9, 18, 2, 52.6299, 33.2349, 0.370, 1.395, 0.004

1, 9, 19, 2, 52.6299, 33.2349, 0.250, 1.366, 0.004

0, 9, 18, 3, 52.6299, 33.2349, 0.370, 1.365, 0.004

1, 9, 19, 3, 52.6299, 33.2349, 0.250, 1.371, 0.004

0, 9, 18, 4, 52.6299, 33.2349, 0.370, 1.394, 0.004

1, 9, 19, 4, 52.6299, 33.2349, 0.250, 1.371, 0.004

0, 9, 18, 0, 52.6299, 33.4849, 0.360, 1.399, 0.004

1, 9, 19, 0, 52.6299, 33.4849, 0.250, 1.376, 0.004

0, 9, 18, 1, 52.6299, 33.4849, 0.370, 1.388, 0.004

1, 9, 19, 1, 52.6299, 33.4849, 0.250, 1.368, 0.004

0, 9, 18, 2, 52.6299, 33.4849, 0.370, 1.395, 0.004

1, 9, 19, 2, 52.6299, 33.4849, 0.250, 1.363, 0.004

0, 9, 18, 3, 52.6299, 33.4849, 0.380, 1.384, 0.004

1, 9, 19, 3, 52.6299, 33.4849, 0.250, 1.372, 0.004

0, 9, 18, 4, 52.6299, 33.4849, 0.370, 1.394, 0.004

1, 9, 19, 4, 52.6299, 33.4849, 0.250, 1.369, 0.004

0, 9, 18, 0, 52.6299, 33.7349, 0.360, 1.392, 0.004

1, 9, 19, 0, 52.6299, 33.7349, 0.250, 1.368, 0.004

0, 9, 18, 1, 52.6299, 33.7349, 0.380, 1.383, 0.004

1, 9, 19, 1, 52.6299, 33.7349, 0.250, 1.368, 0.004

0, 9, 18, 2, 52.6299, 33.7349, 0.370, 1.402, 0.004

1, 9, 19, 2, 52.6299, 33.7349, 0.250, 1.369, 0.004

0, 9, 18, 3, 52.6299, 33.7349, 0.370, 1.387, 0.004

1, 9, 19, 3, 52.6299, 33.7349, 0.250, 1.364, 0.004

0, 9, 18, 4, 52.6299, 33.7349, 0.370, 1.390, 0.004

1, 9, 19, 4, 52.6299, 33.7349, 0.250, 1.368, 0.004

0, 9, 18, 0, 52.6299, 33.9849, 0.370, 1.402, 0.004

1, 9, 19, 0, 52.6299, 33.9849, 0.250, 1.358, 0.004

0, 9, 18, 1, 52.6299, 33.9849, 0.370, 1.388, 0.004

1, 9, 19, 1, 52.6299, 33.9849, 0.250, 1.366, 0.004

0, 9, 18, 2, 52.6299, 33.9849, 0.370, 1.397, 0.004

1, 9, 19, 2, 52.6299, 33.9849, 0.250, 1.374, 0.004

0, 9, 18, 3, 52.6299, 33.9849, 0.370, 1.398, 0.004

1, 9, 19, 3, 52.6299, 33.9849, 0.250, 1.365, 0.004

0, 9, 18, 4, 52.6299, 33.9849, 0.370, 1.397, 0.004

1, 9, 19, 4, 52.6299, 33.9849, 0.240, 1.370, 0.004

0, 9, 18, 0, 52.6299, 34.2349, 0.360, 1.390, 0.004

1, 9, 19, 0, 52.6299, 34.2349, 0.250, 1.365, 0.004

0, 9, 18, 1, 52.6299, 34.2349, 0.370, 1.399, 0.004

1, 9, 19, 1, 52.6299, 34.2349, 0.250, 1.371, 0.004

0, 9, 18, 2, 52.6299, 34.2349, 0.370, 1.397, 0.004

1, 9, 19, 2, 52.6299, 34.2349, 0.250, 1.373, 0.004

0, 9, 18, 3, 52.6299, 34.2349, 0.360, 1.406, 0.004

1, 9, 19, 3, 52.6299, 34.2349, 0.250, 1.363, 0.004

0, 9, 18, 4, 52.6299, 34.2349, 0.370, 1.387, 0.004

1, 9, 19, 4, 52.6299, 34.2349, 0.250, 1.363, 0.004

0, 9, 18, 0, 52.6299, 34.4849, 0.370, 1.388, 0.004

1, 9, 19, 0, 52.6299, 34.4849, 0.240, 1.363, 0.004

0, 9, 18, 1, 52.6299, 34.4849, 0.370, 1.398, 0.004

1, 9, 19, 1, 52.6299, 34.4849, 0.240, 1.370, 0.004

0, 9, 18, 2, 52.6299, 34.4849, 0.360, 1.391, 0.004

1, 9, 19, 2, 52.6299, 34.4849, 0.250, 1.363, 0.004

0, 9, 18, 3, 52.6299, 34.4849, 0.360, 1.398, 0.004

1, 9, 19, 3, 52.6299, 34.4849, 0.250, 1.371, 0.004

0, 9, 18, 4, 52.6299, 34.4849, 0.370, 1.401, 0.004

1, 9, 19, 4, 52.6299, 34.4849, 0.250, 1.371, 0.004

0, 9, 18, 0, 52.6299, 34.7349, 0.360, 1.398, 0.004

1, 9, 19, 0, 52.6299, 34.7349, 0.250, 1.368, 0.004

0, 9, 18, 1, 52.6299, 34.7349, 0.370, 1.394, 0.004

1, 9, 19, 1, 52.6299, 34.7349, 0.250, 1.363, 0.004

0, 9, 18, 2, 52.6299, 34.7349, 0.370, 1.397, 0.004

1, 9, 19, 2, 52.6299, 34.7349, 0.250, 1.369, 0.004

0, 9, 18, 3, 52.6299, 34.7349, 0.370, 1.374, 0.004

1, 9, 19, 3, 52.6299, 34.7349, 0.250, 1.359, 0.004

0, 9, 18, 4, 52.6299, 34.7349, 0.370, 1.391, 0.004

1, 9, 19, 4, 52.6299, 34.7349, 0.250, 1.378, 0.004

0, 9, 18, 0, 52.6299, 34.9849, 0.370, 1.392, 0.004

1, 9, 19, 0, 52.6299, 34.9849, 0.250, 1.362, 0.004

0, 9, 18, 1, 52.6299, 34.9849, 0.370, 1.385, 0.004

1, 9, 19, 1, 52.6299, 34.9849, 0.250, 1.371, 0.004

0, 9, 18, 2, 52.6299, 34.9849, 0.370, 1.403, 0.004

1, 9, 19, 2, 52.6299, 34.9849, 0.250, 1.368, 0.004

0, 9, 18, 3, 52.6299, 34.9849, 0.360, 1.392, 0.004

1, 9, 19, 3, 52.6299, 34.9849, 0.240, 1.373, 0.004

0, 9, 18, 4, 52.6299, 34.9849, 0.370, 1.395, 0.004

1, 9, 19, 4, 52.6299, 34.9849, 0.250, 1.363, 0.004

0, 9, 18, 0, 52.6299, 35.2349, 0.380, 1.396, 0.004

1, 9, 19, 0, 52.6299, 35.2349, 0.240, 1.368, 0.004

0, 9, 18, 1, 52.6299, 35.2349, 0.370, 1.393, 0.004

1, 9, 19, 1, 52.6299, 35.2349, 0.250, 1.368, 0.004

0, 9, 18, 2, 52.6299, 35.2349, 0.380, 1.391, 0.004

1, 9, 19, 2, 52.6299, 35.2349, 0.250, 1.376, 0.004

0, 9, 18, 3, 52.6299, 35.2349, 0.370, 1.390, 0.004

1, 9, 19, 3, 52.6299, 35.2349, 0.240, 1.361, 0.004

0, 9, 18, 4, 52.6299, 35.2349, 0.370, 1.398, 0.004

1, 9, 19, 4, 52.6299, 35.2349, 0.250, 1.373, 0.004

