Test Sector:
Device ID, Channel, Tile ID, trial, x, y, IMON, RMON, VCOMP
xorigincm, xfinalcm, xsteplengthcm, xsteps = 75.2125, 75.2125, 0, 176
yorigincm, yfinalcm, ysteplengthcm, nRepeat = 1.99709, 46.0029, 0.25, 5
0, 13, 26, 0, 0, 0, 0.240, 1.397, 0.004

1, 13, 27, 0, 0, 0, 0.190, 1.373, 0.004

0, 13, 26, 1, 0, 0, 0.240, 1.394, 0.004

1, 13, 27, 1, 0, 0, 0.190, 1.374, 0.004

0, 13, 26, 2, 0, 0, 0.240, 1.397, 0.004

1, 13, 27, 2, 0, 0, 0.190, 1.370, 0.004

0, 13, 26, 3, 0, 0, 0.240, 1.393, 0.004

1, 13, 27, 3, 0, 0, 0.190, 1.382, 0.004

0, 13, 26, 4, 0, 0, 0.240, 1.397, 0.004

1, 13, 27, 4, 0, 0, 0.190, 1.380, 0.004

0, 13, 26, 0, 75.2125, 1.99709, 0.240, 1.395, 0.004

1, 13, 27, 0, 75.2125, 1.99709, 0.200, 1.378, 0.004

0, 13, 26, 1, 75.2125, 1.99709, 0.240, 1.402, 0.004

1, 13, 27, 1, 75.2125, 1.99709, 0.190, 1.378, 0.004

0, 13, 26, 2, 75.2125, 1.99709, 0.240, 1.395, 0.004

1, 13, 27, 2, 75.2125, 1.99709, 0.190, 1.370, 0.004

0, 13, 26, 3, 75.2125, 1.99709, 0.240, 1.396, 0.004

1, 13, 27, 3, 75.2125, 1.99709, 0.190, 1.381, 0.004

0, 13, 26, 4, 75.2125, 1.99709, 0.240, 1.396, 0.004

1, 13, 27, 4, 75.2125, 1.99709, 0.190, 1.379, 0.004

0, 13, 26, 0, 75.2125, 2.24709, 0.240, 1.396, 0.004

1, 13, 27, 0, 75.2125, 2.24709, 0.190, 1.369, 0.004

0, 13, 26, 1, 75.2125, 2.24709, 0.240, 1.393, 0.004

1, 13, 27, 1, 75.2125, 2.24709, 0.190, 1.370, 0.004

0, 13, 26, 2, 75.2125, 2.24709, 0.240, 1.399, 0.004

1, 13, 27, 2, 75.2125, 2.24709, 0.190, 1.374, 0.004

0, 13, 26, 3, 75.2125, 2.24709, 0.240, 1.390, 0.004

1, 13, 27, 3, 75.2125, 2.24709, 0.200, 1.378, 0.004

0, 13, 26, 4, 75.2125, 2.24709, 0.240, 1.391, 0.004

1, 13, 27, 4, 75.2125, 2.24709, 0.190, 1.376, 0.004

0, 13, 26, 0, 75.2125, 2.49709, 0.240, 1.400, 0.004

1, 13, 27, 0, 75.2125, 2.49709, 0.190, 1.373, 0.004

0, 13, 26, 1, 75.2125, 2.49709, 0.240, 1.394, 0.004

1, 13, 27, 1, 75.2125, 2.49709, 0.200, 1.379, 0.004

0, 13, 26, 2, 75.2125, 2.49709, 0.240, 1.404, 0.004

1, 13, 27, 2, 75.2125, 2.49709, 0.190, 1.368, 0.004

0, 13, 26, 3, 75.2125, 2.49709, 0.240, 1.399, 0.004

1, 13, 27, 3, 75.2125, 2.49709, 0.200, 1.375, 0.004

0, 13, 26, 4, 75.2125, 2.49709, 0.240, 1.391, 0.004

1, 13, 27, 4, 75.2125, 2.49709, 0.190, 1.375, 0.004

0, 13, 26, 0, 75.2125, 2.74709, 0.240, 1.398, 0.004

1, 13, 27, 0, 75.2125, 2.74709, 0.190, 1.369, 0.004

0, 13, 26, 1, 75.2125, 2.74709, 0.240, 1.402, 0.004

1, 13, 27, 1, 75.2125, 2.74709, 0.190, 1.379, 0.004

0, 13, 26, 2, 75.2125, 2.74709, 0.240, 1.384, 0.004

1, 13, 27, 2, 75.2125, 2.74709, 0.190, 1.377, 0.004

0, 13, 26, 3, 75.2125, 2.74709, 0.240, 1.385, 0.004

1, 13, 27, 3, 75.2125, 2.74709, 0.190, 1.374, 0.004

0, 13, 26, 4, 75.2125, 2.74709, 0.240, 1.395, 0.004

1, 13, 27, 4, 75.2125, 2.74709, 0.190, 1.377, 0.004

0, 13, 26, 0, 75.2125, 2.99709, 0.240, 1.394, 0.004

1, 13, 27, 0, 75.2125, 2.99709, 0.190, 1.379, 0.004

0, 13, 26, 1, 75.2125, 2.99709, 0.240, 1.397, 0.004

1, 13, 27, 1, 75.2125, 2.99709, 0.190, 1.369, 0.004

0, 13, 26, 2, 75.2125, 2.99709, 0.240, 1.396, 0.004

1, 13, 27, 2, 75.2125, 2.99709, 0.190, 1.377, 0.004

0, 13, 26, 3, 75.2125, 2.99709, 0.240, 1.404, 0.004

1, 13, 27, 3, 75.2125, 2.99709, 0.200, 1.369, 0.004

0, 13, 26, 4, 75.2125, 2.99709, 0.240, 1.400, 0.004

1, 13, 27, 4, 75.2125, 2.99709, 0.200, 1.372, 0.004

0, 13, 26, 0, 75.2125, 3.24709, 0.240, 1.388, 0.004

1, 13, 27, 0, 75.2125, 3.24709, 0.200, 1.379, 0.004

0, 13, 26, 1, 75.2125, 3.24709, 0.240, 1.385, 0.004

1, 13, 27, 1, 75.2125, 3.24709, 0.190, 1.375, 0.004

0, 13, 26, 2, 75.2125, 3.24709, 0.240, 1.393, 0.004

1, 13, 27, 2, 75.2125, 3.24709, 0.200, 1.380, 0.004

0, 13, 26, 3, 75.2125, 3.24709, 0.240, 1.390, 0.004

1, 13, 27, 3, 75.2125, 3.24709, 0.200, 1.378, 0.004

0, 13, 26, 4, 75.2125, 3.24709, 0.240, 1.398, 0.004

1, 13, 27, 4, 75.2125, 3.24709, 0.200, 1.375, 0.004

0, 13, 26, 0, 75.2125, 3.49709, 0.240, 1.394, 0.004

1, 13, 27, 0, 75.2125, 3.49709, 0.190, 1.375, 0.004

0, 13, 26, 1, 75.2125, 3.49709, 0.240, 1.390, 0.004

1, 13, 27, 1, 75.2125, 3.49709, 0.190, 1.373, 0.004

0, 13, 26, 2, 75.2125, 3.49709, 0.240, 1.388, 0.004

1, 13, 27, 2, 75.2125, 3.49709, 0.190, 1.373, 0.004

0, 13, 26, 3, 75.2125, 3.49709, 0.240, 1.402, 0.004

1, 13, 27, 3, 75.2125, 3.49709, 0.190, 1.378, 0.004

0, 13, 26, 4, 75.2125, 3.49709, 0.240, 1.399, 0.004

1, 13, 27, 4, 75.2125, 3.49709, 0.190, 1.372, 0.004

0, 13, 26, 0, 75.2125, 3.74709, 0.240, 1.390, 0.004

1, 13, 27, 0, 75.2125, 3.74709, 0.200, 1.375, 0.004

0, 13, 26, 1, 75.2125, 3.74709, 0.240, 1.386, 0.004

1, 13, 27, 1, 75.2125, 3.74709, 0.200, 1.383, 0.004

0, 13, 26, 2, 75.2125, 3.74709, 0.240, 1.396, 0.004

1, 13, 27, 2, 75.2125, 3.74709, 0.190, 1.388, 0.004

0, 13, 26, 3, 75.2125, 3.74709, 0.240, 1.392, 0.004

1, 13, 27, 3, 75.2125, 3.74709, 0.200, 1.367, 0.004

0, 13, 26, 4, 75.2125, 3.74709, 0.240, 1.396, 0.004

1, 13, 27, 4, 75.2125, 3.74709, 0.200, 1.376, 0.004

0, 13, 26, 0, 75.2125, 3.99709, 0.240, 1.392, 0.004

1, 13, 27, 0, 75.2125, 3.99709, 0.200, 1.390, 0.004

0, 13, 26, 1, 75.2125, 3.99709, 0.240, 1.397, 0.004

1, 13, 27, 1, 75.2125, 3.99709, 0.200, 1.374, 0.004

0, 13, 26, 2, 75.2125, 3.99709, 0.240, 1.390, 0.004

1, 13, 27, 2, 75.2125, 3.99709, 0.200, 1.376, 0.004

0, 13, 26, 3, 75.2125, 3.99709, 0.240, 1.394, 0.004

1, 13, 27, 3, 75.2125, 3.99709, 0.200, 1.375, 0.004

0, 13, 26, 4, 75.2125, 3.99709, 0.240, 1.385, 0.004

1, 13, 27, 4, 75.2125, 3.99709, 0.200, 1.368, 0.004

0, 13, 26, 0, 75.2125, 4.24709, 0.240, 1.397, 0.004

1, 13, 27, 0, 75.2125, 4.24709, 0.200, 1.385, 0.004

0, 13, 26, 1, 75.2125, 4.24709, 0.240, 1.399, 0.004

1, 13, 27, 1, 75.2125, 4.24709, 0.200, 1.372, 0.004

0, 13, 26, 2, 75.2125, 4.24709, 0.240, 1.390, 0.004

1, 13, 27, 2, 75.2125, 4.24709, 0.200, 1.383, 0.004

0, 13, 26, 3, 75.2125, 4.24709, 0.240, 1.395, 0.004

1, 13, 27, 3, 75.2125, 4.24709, 0.200, 1.373, 0.004

0, 13, 26, 4, 75.2125, 4.24709, 0.240, 1.389, 0.004

1, 13, 27, 4, 75.2125, 4.24709, 0.200, 1.382, 0.004

0, 13, 26, 0, 75.2125, 4.49709, 0.240, 1.399, 0.004

1, 13, 27, 0, 75.2125, 4.49709, 0.210, 1.380, 0.004

0, 13, 26, 1, 75.2125, 4.49709, 0.240, 1.392, 0.004

1, 13, 27, 1, 75.2125, 4.49709, 0.210, 1.387, 0.004

0, 13, 26, 2, 75.2125, 4.49709, 0.240, 1.391, 0.004

1, 13, 27, 2, 75.2125, 4.49709, 0.210, 1.381, 0.004

0, 13, 26, 3, 75.2125, 4.49709, 0.240, 1.391, 0.004

1, 13, 27, 3, 75.2125, 4.49709, 0.210, 1.382, 0.004

0, 13, 26, 4, 75.2125, 4.49709, 0.240, 1.391, 0.004

1, 13, 27, 4, 75.2125, 4.49709, 0.210, 1.367, 0.004

0, 13, 26, 0, 75.2125, 4.74709, 0.240, 1.393, 0.004

1, 13, 27, 0, 75.2125, 4.74709, 0.240, 1.366, 0.004

0, 13, 26, 1, 75.2125, 4.74709, 0.240, 1.393, 0.004

1, 13, 27, 1, 75.2125, 4.74709, 0.230, 1.376, 0.004

0, 13, 26, 2, 75.2125, 4.74709, 0.240, 1.389, 0.004

1, 13, 27, 2, 75.2125, 4.74709, 0.230, 1.368, 0.004

0, 13, 26, 3, 75.2125, 4.74709, 0.240, 1.392, 0.004

1, 13, 27, 3, 75.2125, 4.74709, 0.240, 1.370, 0.004

0, 13, 26, 4, 75.2125, 4.74709, 0.240, 1.391, 0.004

1, 13, 27, 4, 75.2125, 4.74709, 0.240, 1.371, 0.004

0, 13, 26, 0, 75.2125, 4.99709, 0.240, 1.402, 0.004

1, 13, 27, 0, 75.2125, 4.99709, 0.290, 1.372, 0.004

0, 13, 26, 1, 75.2125, 4.99709, 0.240, 1.399, 0.004

1, 13, 27, 1, 75.2125, 4.99709, 0.290, 1.366, 0.004

0, 13, 26, 2, 75.2125, 4.99709, 0.240, 1.392, 0.004

1, 13, 27, 2, 75.2125, 4.99709, 0.280, 1.377, 0.004

0, 13, 26, 3, 75.2125, 4.99709, 0.240, 1.399, 0.004

1, 13, 27, 3, 75.2125, 4.99709, 0.290, 1.379, 0.004

0, 13, 26, 4, 75.2125, 4.99709, 0.240, 1.402, 0.004

1, 13, 27, 4, 75.2125, 4.99709, 0.290, 1.371, 0.004

0, 13, 26, 0, 75.2125, 5.24709, 0.240, 1.399, 0.004

1, 13, 27, 0, 75.2125, 5.24709, 0.340, 1.379, 0.004

0, 13, 26, 1, 75.2125, 5.24709, 0.240, 1.393, 0.004

1, 13, 27, 1, 75.2125, 5.24709, 0.340, 1.369, 0.004

0, 13, 26, 2, 75.2125, 5.24709, 0.240, 1.397, 0.004

1, 13, 27, 2, 75.2125, 5.24709, 0.340, 1.379, 0.004

0, 13, 26, 3, 75.2125, 5.24709, 0.240, 1.390, 0.004

1, 13, 27, 3, 75.2125, 5.24709, 0.340, 1.379, 0.004

0, 13, 26, 4, 75.2125, 5.24709, 0.240, 1.392, 0.004

1, 13, 27, 4, 75.2125, 5.24709, 0.340, 1.373, 0.004

0, 13, 26, 0, 75.2125, 5.49709, 0.240, 1.397, 0.004

1, 13, 27, 0, 75.2125, 5.49709, 0.360, 1.385, 0.004

0, 13, 26, 1, 75.2125, 5.49709, 0.240, 1.395, 0.004

1, 13, 27, 1, 75.2125, 5.49709, 0.360, 1.364, 0.004

0, 13, 26, 2, 75.2125, 5.49709, 0.240, 1.399, 0.004

1, 13, 27, 2, 75.2125, 5.49709, 0.360, 1.387, 0.004

0, 13, 26, 3, 75.2125, 5.49709, 0.240, 1.389, 0.004

1, 13, 27, 3, 75.2125, 5.49709, 0.350, 1.361, 0.004

0, 13, 26, 4, 75.2125, 5.49709, 0.240, 1.394, 0.004

1, 13, 27, 4, 75.2125, 5.49709, 0.360, 1.371, 0.004

0, 13, 26, 0, 75.2125, 5.74709, 0.240, 1.393, 0.004

1, 13, 27, 0, 75.2125, 5.74709, 0.350, 1.369, 0.004

0, 13, 26, 1, 75.2125, 5.74709, 0.240, 1.401, 0.004

1, 13, 27, 1, 75.2125, 5.74709, 0.360, 1.375, 0.004

0, 13, 26, 2, 75.2125, 5.74709, 0.240, 1.394, 0.004

1, 13, 27, 2, 75.2125, 5.74709, 0.340, 1.354, 0.004

0, 13, 26, 3, 75.2125, 5.74709, 0.240, 1.393, 0.004

1, 13, 27, 3, 75.2125, 5.74709, 0.340, 1.376, 0.004

0, 13, 26, 4, 75.2125, 5.74709, 0.240, 1.399, 0.004

1, 13, 27, 4, 75.2125, 5.74709, 0.350, 1.374, 0.004

0, 13, 26, 0, 75.2125, 5.99709, 0.240, 1.400, 0.004

1, 13, 27, 0, 75.2125, 5.99709, 0.330, 1.359, 0.004

0, 13, 26, 1, 75.2125, 5.99709, 0.240, 1.399, 0.004

1, 13, 27, 1, 75.2125, 5.99709, 0.350, 1.373, 0.004

0, 13, 26, 2, 75.2125, 5.99709, 0.240, 1.393, 0.004

1, 13, 27, 2, 75.2125, 5.99709, 0.340, 1.376, 0.004

0, 13, 26, 3, 75.2125, 5.99709, 0.240, 1.395, 0.004

1, 13, 27, 3, 75.2125, 5.99709, 0.330, 1.369, 0.004

0, 13, 26, 4, 75.2125, 5.99709, 0.240, 1.387, 0.004

1, 13, 27, 4, 75.2125, 5.99709, 0.350, 1.381, 0.004

0, 13, 26, 0, 75.2125, 6.24709, 0.240, 1.400, 0.004

1, 13, 27, 0, 75.2125, 6.24709, 0.350, 1.359, 0.004

0, 13, 26, 1, 75.2125, 6.24709, 0.240, 1.396, 0.004

1, 13, 27, 1, 75.2125, 6.24709, 0.360, 1.373, 0.004

0, 13, 26, 2, 75.2125, 6.24709, 0.240, 1.398, 0.004

1, 13, 27, 2, 75.2125, 6.24709, 0.360, 1.378, 0.004

0, 13, 26, 3, 75.2125, 6.24709, 0.240, 1.397, 0.004

1, 13, 27, 3, 75.2125, 6.24709, 0.370, 1.378, 0.004

0, 13, 26, 4, 75.2125, 6.24709, 0.240, 1.391, 0.004

1, 13, 27, 4, 75.2125, 6.24709, 0.350, 1.368, 0.004

0, 13, 26, 0, 75.2125, 6.49709, 0.240, 1.388, 0.004

1, 13, 27, 0, 75.2125, 6.49709, 0.370, 1.381, 0.004

0, 13, 26, 1, 75.2125, 6.49709, 0.240, 1.384, 0.004

1, 13, 27, 1, 75.2125, 6.49709, 0.380, 1.375, 0.004

0, 13, 26, 2, 75.2125, 6.49709, 0.240, 1.400, 0.004

1, 13, 27, 2, 75.2125, 6.49709, 0.360, 1.378, 0.004

0, 13, 26, 3, 75.2125, 6.49709, 0.240, 1.397, 0.004

1, 13, 27, 3, 75.2125, 6.49709, 0.360, 1.367, 0.004

0, 13, 26, 4, 75.2125, 6.49709, 0.240, 1.392, 0.004

1, 13, 27, 4, 75.2125, 6.49709, 0.370, 1.373, 0.004

0, 13, 26, 0, 75.2125, 6.74709, 0.240, 1.394, 0.004

1, 13, 27, 0, 75.2125, 6.74709, 0.380, 1.383, 0.004

0, 13, 26, 1, 75.2125, 6.74709, 0.240, 1.396, 0.004

1, 13, 27, 1, 75.2125, 6.74709, 0.360, 1.377, 0.004

0, 13, 26, 2, 75.2125, 6.74709, 0.240, 1.396, 0.004

1, 13, 27, 2, 75.2125, 6.74709, 0.370, 1.379, 0.004

0, 13, 26, 3, 75.2125, 6.74709, 0.250, 1.389, 0.004

1, 13, 27, 3, 75.2125, 6.74709, 0.370, 1.319, 0.004

0, 13, 26, 4, 75.2125, 6.74709, 0.240, 1.390, 0.004

1, 13, 27, 4, 75.2125, 6.74709, 0.360, 1.378, 0.004

0, 13, 26, 0, 75.2125, 6.99709, 0.240, 1.393, 0.004

1, 13, 27, 0, 75.2125, 6.99709, 0.360, 1.359, 0.004

0, 13, 26, 1, 75.2125, 6.99709, 0.240, 1.401, 0.004

1, 13, 27, 1, 75.2125, 6.99709, 0.380, 1.383, 0.004

0, 13, 26, 2, 75.2125, 6.99709, 0.240, 1.398, 0.004

1, 13, 27, 2, 75.2125, 6.99709, 0.360, 1.374, 0.004

0, 13, 26, 3, 75.2125, 6.99709, 0.240, 1.399, 0.004

1, 13, 27, 3, 75.2125, 6.99709, 0.370, 1.381, 0.004

0, 13, 26, 4, 75.2125, 6.99709, 0.240, 1.398, 0.004

1, 13, 27, 4, 75.2125, 6.99709, 0.380, 1.366, 0.004

0, 13, 26, 0, 75.2125, 7.24709, 0.240, 1.392, 0.004

1, 13, 27, 0, 75.2125, 7.24709, 0.370, 1.372, 0.004

0, 13, 26, 1, 75.2125, 7.24709, 0.240, 1.396, 0.004

1, 13, 27, 1, 75.2125, 7.24709, 0.360, 1.375, 0.004

0, 13, 26, 2, 75.2125, 7.24709, 0.240, 1.397, 0.004

1, 13, 27, 2, 75.2125, 7.24709, 0.380, 1.384, 0.004

0, 13, 26, 3, 75.2125, 7.24709, 0.240, 1.389, 0.004

1, 13, 27, 3, 75.2125, 7.24709, 0.370, 1.348, 0.004

0, 13, 26, 4, 75.2125, 7.24709, 0.240, 1.393, 0.004

1, 13, 27, 4, 75.2125, 7.24709, 0.380, 1.383, 0.004

0, 13, 26, 0, 75.2125, 7.49709, 0.240, 1.392, 0.004

1, 13, 27, 0, 75.2125, 7.49709, 0.360, 1.377, 0.004

0, 13, 26, 1, 75.2125, 7.49709, 0.240, 1.399, 0.004

1, 13, 27, 1, 75.2125, 7.49709, 0.360, 1.375, 0.004

0, 13, 26, 2, 75.2125, 7.49709, 0.240, 1.396, 0.004

1, 13, 27, 2, 75.2125, 7.49709, 0.370, 1.378, 0.004

0, 13, 26, 3, 75.2125, 7.49709, 0.240, 1.399, 0.004

1, 13, 27, 3, 75.2125, 7.49709, 0.360, 1.379, 0.004

0, 13, 26, 4, 75.2125, 7.49709, 0.240, 1.396, 0.004

1, 13, 27, 4, 75.2125, 7.49709, 0.380, 1.378, 0.004

0, 13, 26, 0, 75.2125, 7.74709, 0.240, 1.390, 0.004

1, 13, 27, 0, 75.2125, 7.74709, 0.370, 1.382, 0.004

0, 13, 26, 1, 75.2125, 7.74709, 0.240, 1.401, 0.004

1, 13, 27, 1, 75.2125, 7.74709, 0.370, 1.387, 0.004

0, 13, 26, 2, 75.2125, 7.74709, 0.240, 1.397, 0.004

1, 13, 27, 2, 75.2125, 7.74709, 0.370, 1.371, 0.004

0, 13, 26, 3, 75.2125, 7.74709, 0.240, 1.396, 0.004

1, 13, 27, 3, 75.2125, 7.74709, 0.370, 1.375, 0.004

0, 13, 26, 4, 75.2125, 7.74709, 0.240, 1.396, 0.004

1, 13, 27, 4, 75.2125, 7.74709, 0.380, 1.380, 0.004

0, 13, 26, 0, 75.2125, 7.99709, 0.240, 1.396, 0.004

1, 13, 27, 0, 75.2125, 7.99709, 0.370, 1.377, 0.004

0, 13, 26, 1, 75.2125, 7.99709, 0.240, 1.394, 0.004

1, 13, 27, 1, 75.2125, 7.99709, 0.370, 1.374, 0.004

0, 13, 26, 2, 75.2125, 7.99709, 0.240, 1.405, 0.004

1, 13, 27, 2, 75.2125, 7.99709, 0.360, 1.373, 0.004

0, 13, 26, 3, 75.2125, 7.99709, 0.240, 1.391, 0.004

1, 13, 27, 3, 75.2125, 7.99709, 0.380, 1.367, 0.004

0, 13, 26, 4, 75.2125, 7.99709, 0.240, 1.393, 0.004

1, 13, 27, 4, 75.2125, 7.99709, 0.360, 1.387, 0.004

0, 13, 26, 0, 75.2125, 8.24709, 0.240, 1.388, 0.004

1, 13, 27, 0, 75.2125, 8.24709, 0.370, 1.379, 0.004

0, 13, 26, 1, 75.2125, 8.24709, 0.240, 1.399, 0.004

1, 13, 27, 1, 75.2125, 8.24709, 0.360, 1.368, 0.004

0, 13, 26, 2, 75.2125, 8.24709, 0.240, 1.390, 0.004

1, 13, 27, 2, 75.2125, 8.24709, 0.370, 1.378, 0.004

0, 13, 26, 3, 75.2125, 8.24709, 0.240, 1.396, 0.004

1, 13, 27, 3, 75.2125, 8.24709, 0.370, 1.378, 0.004

0, 13, 26, 4, 75.2125, 8.24709, 0.240, 1.403, 0.004

1, 13, 27, 4, 75.2125, 8.24709, 0.370, 1.368, 0.004

0, 13, 26, 0, 75.2125, 8.49709, 0.240, 1.375, 0.004

1, 13, 27, 0, 75.2125, 8.49709, 0.350, 1.386, 0.004

0, 13, 26, 1, 75.2125, 8.49709, 0.240, 1.389, 0.004

1, 13, 27, 1, 75.2125, 8.49709, 0.370, 1.377, 0.004

0, 13, 26, 2, 75.2125, 8.49709, 0.240, 1.382, 0.004

1, 13, 27, 2, 75.2125, 8.49709, 0.370, 1.374, 0.004

0, 13, 26, 3, 75.2125, 8.49709, 0.230, 1.399, 0.004

1, 13, 27, 3, 75.2125, 8.49709, 0.370, 1.387, 0.004

0, 13, 26, 4, 75.2125, 8.49709, 0.240, 1.396, 0.004

1, 13, 27, 4, 75.2125, 8.49709, 0.370, 1.376, 0.004

0, 13, 26, 0, 75.2125, 8.74709, 0.240, 1.390, 0.004

1, 13, 27, 0, 75.2125, 8.74709, 0.360, 1.368, 0.004

0, 13, 26, 1, 75.2125, 8.74709, 0.240, 1.398, 0.004

1, 13, 27, 1, 75.2125, 8.74709, 0.380, 1.378, 0.004

0, 13, 26, 2, 75.2125, 8.74709, 0.240, 1.394, 0.004

1, 13, 27, 2, 75.2125, 8.74709, 0.360, 1.377, 0.004

0, 13, 26, 3, 75.2125, 8.74709, 0.240, 1.397, 0.004

1, 13, 27, 3, 75.2125, 8.74709, 0.360, 1.348, 0.004

0, 13, 26, 4, 75.2125, 8.74709, 0.240, 1.391, 0.004

1, 13, 27, 4, 75.2125, 8.74709, 0.360, 1.380, 0.004

0, 13, 26, 0, 75.2125, 8.99709, 0.240, 1.396, 0.004

1, 13, 27, 0, 75.2125, 8.99709, 0.350, 1.367, 0.004

0, 13, 26, 1, 75.2125, 8.99709, 0.240, 1.384, 0.004

1, 13, 27, 1, 75.2125, 8.99709, 0.370, 1.372, 0.004

0, 13, 26, 2, 75.2125, 8.99709, 0.240, 1.400, 0.004

1, 13, 27, 2, 75.2125, 8.99709, 0.370, 1.369, 0.004

0, 13, 26, 3, 75.2125, 8.99709, 0.240, 1.393, 0.004

1, 13, 27, 3, 75.2125, 8.99709, 0.360, 1.372, 0.004

0, 13, 26, 4, 75.2125, 8.99709, 0.240, 1.392, 0.004

1, 13, 27, 4, 75.2125, 8.99709, 0.370, 1.369, 0.004

0, 13, 26, 0, 75.2125, 9.24709, 0.240, 1.397, 0.004

1, 13, 27, 0, 75.2125, 9.24709, 0.360, 1.374, 0.004

0, 13, 26, 1, 75.2125, 9.24709, 0.240, 1.393, 0.004

1, 13, 27, 1, 75.2125, 9.24709, 0.350, 1.367, 0.004

0, 13, 26, 2, 75.2125, 9.24709, 0.240, 1.399, 0.004

1, 13, 27, 2, 75.2125, 9.24709, 0.360, 1.375, 0.004

0, 13, 26, 3, 75.2125, 9.24709, 0.240, 1.391, 0.004

1, 13, 27, 3, 75.2125, 9.24709, 0.350, 1.380, 0.004

0, 13, 26, 4, 75.2125, 9.24709, 0.240, 1.390, 0.004

1, 13, 27, 4, 75.2125, 9.24709, 0.360, 1.368, 0.004

0, 13, 26, 0, 75.2125, 9.49709, 0.240, 1.389, 0.004

1, 13, 27, 0, 75.2125, 9.49709, 0.370, 1.369, 0.004

0, 13, 26, 1, 75.2125, 9.49709, 0.240, 1.392, 0.004

1, 13, 27, 1, 75.2125, 9.49709, 0.370, 1.370, 0.004

0, 13, 26, 2, 75.2125, 9.49709, 0.240, 1.393, 0.004

1, 13, 27, 2, 75.2125, 9.49709, 0.360, 1.382, 0.004

0, 13, 26, 3, 75.2125, 9.49709, 0.240, 1.397, 0.004

1, 13, 27, 3, 75.2125, 9.49709, 0.370, 1.364, 0.004

0, 13, 26, 4, 75.2125, 9.49709, 0.240, 1.397, 0.004

1, 13, 27, 4, 75.2125, 9.49709, 0.350, 1.380, 0.004

0, 13, 26, 0, 75.2125, 9.74709, 0.240, 1.392, 0.004

1, 13, 27, 0, 75.2125, 9.74709, 0.370, 1.377, 0.004

0, 13, 26, 1, 75.2125, 9.74709, 0.240, 1.392, 0.004

1, 13, 27, 1, 75.2125, 9.74709, 0.360, 1.350, 0.004

0, 13, 26, 2, 75.2125, 9.74709, 0.240, 1.400, 0.004

1, 13, 27, 2, 75.2125, 9.74709, 0.370, 1.373, 0.004

0, 13, 26, 3, 75.2125, 9.74709, 0.240, 1.393, 0.004

1, 13, 27, 3, 75.2125, 9.74709, 0.370, 1.376, 0.004

0, 13, 26, 4, 75.2125, 9.74709, 0.240, 1.399, 0.004

1, 13, 27, 4, 75.2125, 9.74709, 0.360, 1.378, 0.004

0, 13, 26, 0, 75.2125, 9.99709, 0.240, 1.388, 0.004

1, 13, 27, 0, 75.2125, 9.99709, 0.380, 1.374, 0.004

0, 13, 26, 1, 75.2125, 9.99709, 0.240, 1.395, 0.004

1, 13, 27, 1, 75.2125, 9.99709, 0.360, 1.377, 0.004

0, 13, 26, 2, 75.2125, 9.99709, 0.240, 1.388, 0.004

1, 13, 27, 2, 75.2125, 9.99709, 0.380, 1.377, 0.004

0, 13, 26, 3, 75.2125, 9.99709, 0.240, 1.399, 0.004

1, 13, 27, 3, 75.2125, 9.99709, 0.370, 1.370, 0.004

0, 13, 26, 4, 75.2125, 9.99709, 0.240, 1.398, 0.004

1, 13, 27, 4, 75.2125, 9.99709, 0.370, 1.374, 0.004

0, 13, 26, 0, 75.2125, 10.2471, 0.240, 1.396, 0.004

1, 13, 27, 0, 75.2125, 10.2471, 0.360, 1.377, 0.004

0, 13, 26, 1, 75.2125, 10.2471, 0.240, 1.397, 0.004

1, 13, 27, 1, 75.2125, 10.2471, 0.370, 1.361, 0.004

0, 13, 26, 2, 75.2125, 10.2471, 0.240, 1.394, 0.004

1, 13, 27, 2, 75.2125, 10.2471, 0.370, 1.392, 0.004

0, 13, 26, 3, 75.2125, 10.2471, 0.240, 1.398, 0.004

1, 13, 27, 3, 75.2125, 10.2471, 0.360, 1.377, 0.004

0, 13, 26, 4, 75.2125, 10.2471, 0.240, 1.395, 0.004

1, 13, 27, 4, 75.2125, 10.2471, 0.380, 1.372, 0.004

0, 13, 26, 0, 75.2125, 10.4971, 0.240, 1.396, 0.004

1, 13, 27, 0, 75.2125, 10.4971, 0.370, 1.370, 0.004

0, 13, 26, 1, 75.2125, 10.4971, 0.240, 1.393, 0.004

1, 13, 27, 1, 75.2125, 10.4971, 0.370, 1.361, 0.004

0, 13, 26, 2, 75.2125, 10.4971, 0.240, 1.391, 0.004

1, 13, 27, 2, 75.2125, 10.4971, 0.370, 1.377, 0.004

0, 13, 26, 3, 75.2125, 10.4971, 0.240, 1.393, 0.004

1, 13, 27, 3, 75.2125, 10.4971, 0.360, 1.374, 0.004

0, 13, 26, 4, 75.2125, 10.4971, 0.240, 1.394, 0.004

1, 13, 27, 4, 75.2125, 10.4971, 0.370, 1.374, 0.004

0, 13, 26, 0, 75.2125, 10.7471, 0.240, 1.394, 0.004

1, 13, 27, 0, 75.2125, 10.7471, 0.360, 1.371, 0.004

0, 13, 26, 1, 75.2125, 10.7471, 0.240, 1.394, 0.004

1, 13, 27, 1, 75.2125, 10.7471, 0.370, 1.380, 0.004

0, 13, 26, 2, 75.2125, 10.7471, 0.240, 1.395, 0.004

1, 13, 27, 2, 75.2125, 10.7471, 0.360, 1.373, 0.004

0, 13, 26, 3, 75.2125, 10.7471, 0.240, 1.396, 0.004

1, 13, 27, 3, 75.2125, 10.7471, 0.370, 1.370, 0.004

0, 13, 26, 4, 75.2125, 10.7471, 0.240, 1.400, 0.004

1, 13, 27, 4, 75.2125, 10.7471, 0.370, 1.372, 0.004

0, 13, 26, 0, 75.2125, 10.9971, 0.240, 1.390, 0.004

1, 13, 27, 0, 75.2125, 10.9971, 0.360, 1.374, 0.004

0, 13, 26, 1, 75.2125, 10.9971, 0.240, 1.392, 0.004

1, 13, 27, 1, 75.2125, 10.9971, 0.370, 1.371, 0.004

0, 13, 26, 2, 75.2125, 10.9971, 0.240, 1.394, 0.004

1, 13, 27, 2, 75.2125, 10.9971, 0.360, 1.377, 0.004

0, 13, 26, 3, 75.2125, 10.9971, 0.240, 1.394, 0.004

1, 13, 27, 3, 75.2125, 10.9971, 0.370, 1.380, 0.004

0, 13, 26, 4, 75.2125, 10.9971, 0.240, 1.389, 0.004

1, 13, 27, 4, 75.2125, 10.9971, 0.370, 1.380, 0.004

0, 13, 26, 0, 75.2125, 11.2471, 0.240, 1.392, 0.004

1, 13, 27, 0, 75.2125, 11.2471, 0.370, 1.371, 0.004

0, 13, 26, 1, 75.2125, 11.2471, 0.240, 1.387, 0.004

1, 13, 27, 1, 75.2125, 11.2471, 0.370, 1.380, 0.004

0, 13, 26, 2, 75.2125, 11.2471, 0.240, 1.396, 0.004

1, 13, 27, 2, 75.2125, 11.2471, 0.340, 1.376, 0.004

0, 13, 26, 3, 75.2125, 11.2471, 0.240, 1.396, 0.004

1, 13, 27, 3, 75.2125, 11.2471, 0.370, 1.378, 0.004

0, 13, 26, 4, 75.2125, 11.2471, 0.240, 1.395, 0.004

1, 13, 27, 4, 75.2125, 11.2471, 0.370, 1.372, 0.004

0, 13, 26, 0, 75.2125, 11.4971, 0.240, 1.402, 0.004

1, 13, 27, 0, 75.2125, 11.4971, 0.360, 1.374, 0.004

0, 13, 26, 1, 75.2125, 11.4971, 0.240, 1.395, 0.004

1, 13, 27, 1, 75.2125, 11.4971, 0.370, 1.380, 0.004

0, 13, 26, 2, 75.2125, 11.4971, 0.240, 1.396, 0.004

1, 13, 27, 2, 75.2125, 11.4971, 0.360, 1.387, 0.004

0, 13, 26, 3, 75.2125, 11.4971, 0.240, 1.384, 0.004

1, 13, 27, 3, 75.2125, 11.4971, 0.360, 1.371, 0.004

0, 13, 26, 4, 75.2125, 11.4971, 0.240, 1.399, 0.004

1, 13, 27, 4, 75.2125, 11.4971, 0.360, 1.385, 0.004

0, 13, 26, 0, 75.2125, 11.7471, 0.240, 1.399, 0.004

1, 13, 27, 0, 75.2125, 11.7471, 0.370, 1.379, 0.004

0, 13, 26, 1, 75.2125, 11.7471, 0.240, 1.404, 0.004

1, 13, 27, 1, 75.2125, 11.7471, 0.360, 1.377, 0.004

0, 13, 26, 2, 75.2125, 11.7471, 0.240, 1.395, 0.004

1, 13, 27, 2, 75.2125, 11.7471, 0.350, 1.378, 0.004

0, 13, 26, 3, 75.2125, 11.7471, 0.240, 1.395, 0.004

1, 13, 27, 3, 75.2125, 11.7471, 0.370, 1.408, 0.004

0, 13, 26, 4, 75.2125, 11.7471, 0.240, 1.392, 0.004

1, 13, 27, 4, 75.2125, 11.7471, 0.360, 1.376, 0.004

0, 13, 26, 0, 75.2125, 11.9971, 0.240, 1.400, 0.004

1, 13, 27, 0, 75.2125, 11.9971, 0.370, 1.380, 0.004

0, 13, 26, 1, 75.2125, 11.9971, 0.240, 1.392, 0.004

1, 13, 27, 1, 75.2125, 11.9971, 0.360, 1.362, 0.004

0, 13, 26, 2, 75.2125, 11.9971, 0.240, 1.394, 0.004

1, 13, 27, 2, 75.2125, 11.9971, 0.350, 1.374, 0.004

0, 13, 26, 3, 75.2125, 11.9971, 0.240, 1.395, 0.004

1, 13, 27, 3, 75.2125, 11.9971, 0.360, 1.374, 0.004

0, 13, 26, 4, 75.2125, 11.9971, 0.240, 1.390, 0.004

1, 13, 27, 4, 75.2125, 11.9971, 0.380, 1.377, 0.004

0, 13, 26, 0, 75.2125, 12.2471, 0.240, 1.386, 0.004

1, 13, 27, 0, 75.2125, 12.2471, 0.350, 1.372, 0.004

0, 13, 26, 1, 75.2125, 12.2471, 0.240, 1.388, 0.004

1, 13, 27, 1, 75.2125, 12.2471, 0.360, 1.383, 0.004

0, 13, 26, 2, 75.2125, 12.2471, 0.240, 1.393, 0.004

1, 13, 27, 2, 75.2125, 12.2471, 0.350, 1.358, 0.004

0, 13, 26, 3, 75.2125, 12.2471, 0.240, 1.391, 0.004

1, 13, 27, 3, 75.2125, 12.2471, 0.350, 1.373, 0.004

0, 13, 26, 4, 75.2125, 12.2471, 0.240, 1.399, 0.004

1, 13, 27, 4, 75.2125, 12.2471, 0.360, 1.374, 0.004

0, 13, 26, 0, 75.2125, 12.4971, 0.240, 1.390, 0.004

1, 13, 27, 0, 75.2125, 12.4971, 0.360, 1.370, 0.004

0, 13, 26, 1, 75.2125, 12.4971, 0.240, 1.396, 0.004

1, 13, 27, 1, 75.2125, 12.4971, 0.360, 1.378, 0.004

0, 13, 26, 2, 75.2125, 12.4971, 0.240, 1.392, 0.004

1, 13, 27, 2, 75.2125, 12.4971, 0.350, 1.372, 0.004

0, 13, 26, 3, 75.2125, 12.4971, 0.240, 1.395, 0.004

1, 13, 27, 3, 75.2125, 12.4971, 0.370, 1.376, 0.004

0, 13, 26, 4, 75.2125, 12.4971, 0.240, 1.389, 0.004

1, 13, 27, 4, 75.2125, 12.4971, 0.340, 1.381, 0.004

0, 13, 26, 0, 75.2125, 12.7471, 0.240, 1.390, 0.004

1, 13, 27, 0, 75.2125, 12.7471, 0.380, 1.374, 0.004

0, 13, 26, 1, 75.2125, 12.7471, 0.240, 1.399, 0.004

1, 13, 27, 1, 75.2125, 12.7471, 0.360, 1.367, 0.004

0, 13, 26, 2, 75.2125, 12.7471, 0.240, 1.399, 0.004

1, 13, 27, 2, 75.2125, 12.7471, 0.370, 1.371, 0.004

0, 13, 26, 3, 75.2125, 12.7471, 0.240, 1.391, 0.004

1, 13, 27, 3, 75.2125, 12.7471, 0.340, 1.370, 0.004

0, 13, 26, 4, 75.2125, 12.7471, 0.240, 1.392, 0.004

1, 13, 27, 4, 75.2125, 12.7471, 0.370, 1.375, 0.004

0, 13, 26, 0, 75.2125, 12.9971, 0.240, 1.400, 0.004

1, 13, 27, 0, 75.2125, 12.9971, 0.360, 1.370, 0.004

0, 13, 26, 1, 75.2125, 12.9971, 0.240, 1.392, 0.004

1, 13, 27, 1, 75.2125, 12.9971, 0.370, 1.374, 0.004

0, 13, 26, 2, 75.2125, 12.9971, 0.240, 1.394, 0.004

1, 13, 27, 2, 75.2125, 12.9971, 0.360, 1.373, 0.004

0, 13, 26, 3, 75.2125, 12.9971, 0.240, 1.398, 0.004

1, 13, 27, 3, 75.2125, 12.9971, 0.360, 1.381, 0.004

0, 13, 26, 4, 75.2125, 12.9971, 0.240, 1.396, 0.004

1, 13, 27, 4, 75.2125, 12.9971, 0.370, 1.374, 0.004

0, 13, 26, 0, 75.2125, 13.2471, 0.240, 1.396, 0.004

1, 13, 27, 0, 75.2125, 13.2471, 0.360, 1.385, 0.004

0, 13, 26, 1, 75.2125, 13.2471, 0.240, 1.396, 0.004

1, 13, 27, 1, 75.2125, 13.2471, 0.380, 1.345, 0.004

0, 13, 26, 2, 75.2125, 13.2471, 0.240, 1.390, 0.004

1, 13, 27, 2, 75.2125, 13.2471, 0.370, 1.384, 0.004

0, 13, 26, 3, 75.2125, 13.2471, 0.240, 1.395, 0.004

1, 13, 27, 3, 75.2125, 13.2471, 0.370, 1.376, 0.004

0, 13, 26, 4, 75.2125, 13.2471, 0.240, 1.399, 0.004

1, 13, 27, 4, 75.2125, 13.2471, 0.360, 1.373, 0.004

0, 13, 26, 0, 75.2125, 13.4971, 0.240, 1.389, 0.004

1, 13, 27, 0, 75.2125, 13.4971, 0.360, 1.383, 0.004

0, 13, 26, 1, 75.2125, 13.4971, 0.240, 1.390, 0.004

1, 13, 27, 1, 75.2125, 13.4971, 0.360, 1.375, 0.004

0, 13, 26, 2, 75.2125, 13.4971, 0.240, 1.398, 0.004

1, 13, 27, 2, 75.2125, 13.4971, 0.370, 1.370, 0.004

0, 13, 26, 3, 75.2125, 13.4971, 0.240, 1.391, 0.004

1, 13, 27, 3, 75.2125, 13.4971, 0.370, 1.371, 0.004

0, 13, 26, 4, 75.2125, 13.4971, 0.240, 1.387, 0.004

1, 13, 27, 4, 75.2125, 13.4971, 0.370, 1.378, 0.004

0, 13, 26, 0, 75.2125, 13.7471, 0.240, 1.391, 0.004

1, 13, 27, 0, 75.2125, 13.7471, 0.350, 1.379, 0.004

0, 13, 26, 1, 75.2125, 13.7471, 0.240, 1.390, 0.004

1, 13, 27, 1, 75.2125, 13.7471, 0.360, 1.364, 0.004

0, 13, 26, 2, 75.2125, 13.7471, 0.240, 1.401, 0.004

1, 13, 27, 2, 75.2125, 13.7471, 0.360, 1.363, 0.004

0, 13, 26, 3, 75.2125, 13.7471, 0.240, 1.400, 0.004

1, 13, 27, 3, 75.2125, 13.7471, 0.360, 1.384, 0.004

0, 13, 26, 4, 75.2125, 13.7471, 0.240, 1.391, 0.004

1, 13, 27, 4, 75.2125, 13.7471, 0.350, 1.368, 0.004

0, 13, 26, 0, 75.2125, 13.9971, 0.240, 1.395, 0.004

1, 13, 27, 0, 75.2125, 13.9971, 0.390, 1.365, 0.004

0, 13, 26, 1, 75.2125, 13.9971, 0.240, 1.392, 0.004

1, 13, 27, 1, 75.2125, 13.9971, 0.370, 1.363, 0.004

0, 13, 26, 2, 75.2125, 13.9971, 0.240, 1.402, 0.004

1, 13, 27, 2, 75.2125, 13.9971, 0.370, 1.373, 0.004

0, 13, 26, 3, 75.2125, 13.9971, 0.240, 1.401, 0.004

1, 13, 27, 3, 75.2125, 13.9971, 0.370, 1.376, 0.004

0, 13, 26, 4, 75.2125, 13.9971, 0.240, 1.398, 0.004

1, 13, 27, 4, 75.2125, 13.9971, 0.380, 1.375, 0.004

0, 13, 26, 0, 75.2125, 14.2471, 0.240, 1.396, 0.004

1, 13, 27, 0, 75.2125, 14.2471, 0.370, 1.372, 0.004

0, 13, 26, 1, 75.2125, 14.2471, 0.240, 1.405, 0.004

1, 13, 27, 1, 75.2125, 14.2471, 0.360, 1.375, 0.004

0, 13, 26, 2, 75.2125, 14.2471, 0.240, 1.395, 0.004

1, 13, 27, 2, 75.2125, 14.2471, 0.360, 1.375, 0.004

0, 13, 26, 3, 75.2125, 14.2471, 0.240, 1.395, 0.004

1, 13, 27, 3, 75.2125, 14.2471, 0.370, 1.372, 0.004

0, 13, 26, 4, 75.2125, 14.2471, 0.240, 1.392, 0.004

1, 13, 27, 4, 75.2125, 14.2471, 0.350, 1.376, 0.004

0, 13, 26, 0, 75.2125, 14.4971, 0.240, 1.390, 0.004

1, 13, 27, 0, 75.2125, 14.4971, 0.360, 1.378, 0.004

0, 13, 26, 1, 75.2125, 14.4971, 0.240, 1.396, 0.004

1, 13, 27, 1, 75.2125, 14.4971, 0.370, 1.378, 0.004

0, 13, 26, 2, 75.2125, 14.4971, 0.240, 1.391, 0.004

1, 13, 27, 2, 75.2125, 14.4971, 0.360, 1.361, 0.004

0, 13, 26, 3, 75.2125, 14.4971, 0.240, 1.394, 0.004

1, 13, 27, 3, 75.2125, 14.4971, 0.370, 1.392, 0.004

0, 13, 26, 4, 75.2125, 14.4971, 0.240, 1.397, 0.004

1, 13, 27, 4, 75.2125, 14.4971, 0.370, 1.375, 0.004

0, 13, 26, 0, 75.2125, 14.7471, 0.240, 1.393, 0.004

1, 13, 27, 0, 75.2125, 14.7471, 0.370, 1.348, 0.004

0, 13, 26, 1, 75.2125, 14.7471, 0.240, 1.391, 0.004

1, 13, 27, 1, 75.2125, 14.7471, 0.360, 1.366, 0.004

0, 13, 26, 2, 75.2125, 14.7471, 0.240, 1.397, 0.004

1, 13, 27, 2, 75.2125, 14.7471, 0.370, 1.369, 0.004

0, 13, 26, 3, 75.2125, 14.7471, 0.240, 1.396, 0.004

1, 13, 27, 3, 75.2125, 14.7471, 0.370, 1.372, 0.004

0, 13, 26, 4, 75.2125, 14.7471, 0.240, 1.390, 0.004

1, 13, 27, 4, 75.2125, 14.7471, 0.370, 1.372, 0.004

0, 13, 26, 0, 75.2125, 14.9971, 0.240, 1.400, 0.004

1, 13, 27, 0, 75.2125, 14.9971, 0.360, 1.383, 0.004

0, 13, 26, 1, 75.2125, 14.9971, 0.240, 1.387, 0.004

1, 13, 27, 1, 75.2125, 14.9971, 0.360, 1.369, 0.004

0, 13, 26, 2, 75.2125, 14.9971, 0.240, 1.392, 0.004

1, 13, 27, 2, 75.2125, 14.9971, 0.370, 1.374, 0.004

0, 13, 26, 3, 75.2125, 14.9971, 0.240, 1.391, 0.004

1, 13, 27, 3, 75.2125, 14.9971, 0.370, 1.375, 0.004

0, 13, 26, 4, 75.2125, 14.9971, 0.240, 1.396, 0.004

1, 13, 27, 4, 75.2125, 14.9971, 0.370, 1.376, 0.004

0, 13, 26, 0, 75.2125, 15.2471, 0.240, 1.393, 0.004

1, 13, 27, 0, 75.2125, 15.2471, 0.380, 1.372, 0.004

0, 13, 26, 1, 75.2125, 15.2471, 0.240, 1.399, 0.004

1, 13, 27, 1, 75.2125, 15.2471, 0.380, 1.372, 0.004

0, 13, 26, 2, 75.2125, 15.2471, 0.240, 1.393, 0.004

1, 13, 27, 2, 75.2125, 15.2471, 0.360, 1.369, 0.004

0, 13, 26, 3, 75.2125, 15.2471, 0.240, 1.399, 0.004

1, 13, 27, 3, 75.2125, 15.2471, 0.370, 1.369, 0.004

0, 13, 26, 4, 75.2125, 15.2471, 0.240, 1.392, 0.004

1, 13, 27, 4, 75.2125, 15.2471, 0.370, 1.352, 0.004

0, 13, 26, 0, 75.2125, 15.4971, 0.240, 1.402, 0.004

1, 13, 27, 0, 75.2125, 15.4971, 0.350, 1.372, 0.004

0, 13, 26, 1, 75.2125, 15.4971, 0.240, 1.397, 0.004

1, 13, 27, 1, 75.2125, 15.4971, 0.360, 1.378, 0.004

0, 13, 26, 2, 75.2125, 15.4971, 0.240, 1.400, 0.004

1, 13, 27, 2, 75.2125, 15.4971, 0.370, 1.377, 0.004

0, 13, 26, 3, 75.2125, 15.4971, 0.240, 1.388, 0.004

1, 13, 27, 3, 75.2125, 15.4971, 0.380, 1.357, 0.004

0, 13, 26, 4, 75.2125, 15.4971, 0.240, 1.397, 0.004

1, 13, 27, 4, 75.2125, 15.4971, 0.370, 1.383, 0.004

0, 13, 26, 0, 75.2125, 15.7471, 0.240, 1.394, 0.004

1, 13, 27, 0, 75.2125, 15.7471, 0.380, 1.379, 0.004

0, 13, 26, 1, 75.2125, 15.7471, 0.240, 1.398, 0.004

1, 13, 27, 1, 75.2125, 15.7471, 0.370, 1.369, 0.004

0, 13, 26, 2, 75.2125, 15.7471, 0.240, 1.394, 0.004

1, 13, 27, 2, 75.2125, 15.7471, 0.380, 1.376, 0.004

0, 13, 26, 3, 75.2125, 15.7471, 0.240, 1.400, 0.004

1, 13, 27, 3, 75.2125, 15.7471, 0.380, 1.370, 0.004

0, 13, 26, 4, 75.2125, 15.7471, 0.240, 1.390, 0.004

1, 13, 27, 4, 75.2125, 15.7471, 0.360, 1.332, 0.004

0, 13, 26, 0, 75.2125, 15.9971, 0.240, 1.392, 0.004

1, 13, 27, 0, 75.2125, 15.9971, 0.360, 1.371, 0.004

0, 13, 26, 1, 75.2125, 15.9971, 0.240, 1.403, 0.004

1, 13, 27, 1, 75.2125, 15.9971, 0.360, 1.375, 0.004

0, 13, 26, 2, 75.2125, 15.9971, 0.240, 1.395, 0.004

1, 13, 27, 2, 75.2125, 15.9971, 0.370, 1.383, 0.004

0, 13, 26, 3, 75.2125, 15.9971, 0.240, 1.396, 0.004

1, 13, 27, 3, 75.2125, 15.9971, 0.370, 1.372, 0.004

0, 13, 26, 4, 75.2125, 15.9971, 0.240, 1.399, 0.004

1, 13, 27, 4, 75.2125, 15.9971, 0.370, 1.371, 0.004

0, 13, 26, 0, 75.2125, 16.2471, 0.240, 1.396, 0.004

1, 13, 27, 0, 75.2125, 16.2471, 0.370, 1.373, 0.004

0, 13, 26, 1, 75.2125, 16.2471, 0.240, 1.392, 0.004

1, 13, 27, 1, 75.2125, 16.2471, 0.360, 1.380, 0.004

0, 13, 26, 2, 75.2125, 16.2471, 0.240, 1.400, 0.004

1, 13, 27, 2, 75.2125, 16.2471, 0.360, 1.382, 0.004

0, 13, 26, 3, 75.2125, 16.2471, 0.240, 1.401, 0.004

1, 13, 27, 3, 75.2125, 16.2471, 0.380, 1.370, 0.004

0, 13, 26, 4, 75.2125, 16.2471, 0.240, 1.392, 0.004

1, 13, 27, 4, 75.2125, 16.2471, 0.370, 1.375, 0.004

0, 13, 26, 0, 75.2125, 16.4971, 0.240, 1.393, 0.004

1, 13, 27, 0, 75.2125, 16.4971, 0.370, 1.378, 0.004

0, 13, 26, 1, 75.2125, 16.4971, 0.240, 1.401, 0.004

1, 13, 27, 1, 75.2125, 16.4971, 0.370, 1.378, 0.004

0, 13, 26, 2, 75.2125, 16.4971, 0.240, 1.394, 0.004

1, 13, 27, 2, 75.2125, 16.4971, 0.350, 1.372, 0.004

0, 13, 26, 3, 75.2125, 16.4971, 0.240, 1.393, 0.004

1, 13, 27, 3, 75.2125, 16.4971, 0.350, 1.373, 0.004

0, 13, 26, 4, 75.2125, 16.4971, 0.240, 1.392, 0.004

1, 13, 27, 4, 75.2125, 16.4971, 0.350, 1.372, 0.004

0, 13, 26, 0, 75.2125, 16.7471, 0.240, 1.395, 0.004

1, 13, 27, 0, 75.2125, 16.7471, 0.360, 1.376, 0.004

0, 13, 26, 1, 75.2125, 16.7471, 0.240, 1.393, 0.004

1, 13, 27, 1, 75.2125, 16.7471, 0.360, 1.375, 0.004

0, 13, 26, 2, 75.2125, 16.7471, 0.240, 1.396, 0.004

1, 13, 27, 2, 75.2125, 16.7471, 0.370, 1.354, 0.004

0, 13, 26, 3, 75.2125, 16.7471, 0.240, 1.392, 0.004

1, 13, 27, 3, 75.2125, 16.7471, 0.360, 1.370, 0.004

0, 13, 26, 4, 75.2125, 16.7471, 0.240, 1.396, 0.004

1, 13, 27, 4, 75.2125, 16.7471, 0.370, 1.374, 0.004

0, 13, 26, 0, 75.2125, 16.9971, 0.240, 1.383, 0.004

1, 13, 27, 0, 75.2125, 16.9971, 0.370, 1.380, 0.004

0, 13, 26, 1, 75.2125, 16.9971, 0.240, 1.391, 0.004

1, 13, 27, 1, 75.2125, 16.9971, 0.360, 1.372, 0.004

0, 13, 26, 2, 75.2125, 16.9971, 0.240, 1.400, 0.004

1, 13, 27, 2, 75.2125, 16.9971, 0.370, 1.380, 0.004

0, 13, 26, 3, 75.2125, 16.9971, 0.240, 1.388, 0.004

1, 13, 27, 3, 75.2125, 16.9971, 0.370, 1.377, 0.004

0, 13, 26, 4, 75.2125, 16.9971, 0.240, 1.397, 0.004

1, 13, 27, 4, 75.2125, 16.9971, 0.370, 1.369, 0.004

0, 13, 26, 0, 75.2125, 17.2471, 0.240, 1.391, 0.004

1, 13, 27, 0, 75.2125, 17.2471, 0.360, 1.363, 0.004

0, 13, 26, 1, 75.2125, 17.2471, 0.240, 1.392, 0.004

1, 13, 27, 1, 75.2125, 17.2471, 0.360, 1.372, 0.004

0, 13, 26, 2, 75.2125, 17.2471, 0.240, 1.391, 0.004

1, 13, 27, 2, 75.2125, 17.2471, 0.350, 1.366, 0.004

0, 13, 26, 3, 75.2125, 17.2471, 0.240, 1.393, 0.004

1, 13, 27, 3, 75.2125, 17.2471, 0.370, 1.365, 0.004

0, 13, 26, 4, 75.2125, 17.2471, 0.240, 1.395, 0.004

1, 13, 27, 4, 75.2125, 17.2471, 0.360, 1.373, 0.004

0, 13, 26, 0, 75.2125, 17.4971, 0.240, 1.393, 0.004

1, 13, 27, 0, 75.2125, 17.4971, 0.370, 1.371, 0.004

0, 13, 26, 1, 75.2125, 17.4971, 0.240, 1.389, 0.004

1, 13, 27, 1, 75.2125, 17.4971, 0.360, 1.381, 0.004

0, 13, 26, 2, 75.2125, 17.4971, 0.240, 1.399, 0.004

1, 13, 27, 2, 75.2125, 17.4971, 0.350, 1.373, 0.004

0, 13, 26, 3, 75.2125, 17.4971, 0.240, 1.404, 0.004

1, 13, 27, 3, 75.2125, 17.4971, 0.370, 1.371, 0.004

0, 13, 26, 4, 75.2125, 17.4971, 0.240, 1.387, 0.004

1, 13, 27, 4, 75.2125, 17.4971, 0.370, 1.388, 0.004

0, 13, 26, 0, 75.2125, 17.7471, 0.240, 1.390, 0.004

1, 13, 27, 0, 75.2125, 17.7471, 0.350, 1.379, 0.004

0, 13, 26, 1, 75.2125, 17.7471, 0.240, 1.394, 0.004

1, 13, 27, 1, 75.2125, 17.7471, 0.360, 1.383, 0.004

0, 13, 26, 2, 75.2125, 17.7471, 0.240, 1.392, 0.004

1, 13, 27, 2, 75.2125, 17.7471, 0.360, 1.353, 0.004

0, 13, 26, 3, 75.2125, 17.7471, 0.240, 1.395, 0.004

1, 13, 27, 3, 75.2125, 17.7471, 0.360, 1.359, 0.004

0, 13, 26, 4, 75.2125, 17.7471, 0.240, 1.399, 0.004

1, 13, 27, 4, 75.2125, 17.7471, 0.370, 1.391, 0.004

0, 13, 26, 0, 75.2125, 17.9971, 0.240, 1.398, 0.004

1, 13, 27, 0, 75.2125, 17.9971, 0.350, 1.372, 0.004

0, 13, 26, 1, 75.2125, 17.9971, 0.240, 1.398, 0.004

1, 13, 27, 1, 75.2125, 17.9971, 0.360, 1.376, 0.004

0, 13, 26, 2, 75.2125, 17.9971, 0.240, 1.399, 0.004

1, 13, 27, 2, 75.2125, 17.9971, 0.380, 1.371, 0.004

0, 13, 26, 3, 75.2125, 17.9971, 0.240, 1.393, 0.004

1, 13, 27, 3, 75.2125, 17.9971, 0.380, 1.375, 0.004

0, 13, 26, 4, 75.2125, 17.9971, 0.240, 1.399, 0.004

1, 13, 27, 4, 75.2125, 17.9971, 0.350, 1.381, 0.004

0, 13, 26, 0, 75.2125, 18.2471, 0.240, 1.396, 0.004

1, 13, 27, 0, 75.2125, 18.2471, 0.370, 1.379, 0.004

0, 13, 26, 1, 75.2125, 18.2471, 0.240, 1.386, 0.004

1, 13, 27, 1, 75.2125, 18.2471, 0.370, 1.372, 0.004

0, 13, 26, 2, 75.2125, 18.2471, 0.240, 1.388, 0.004

1, 13, 27, 2, 75.2125, 18.2471, 0.370, 1.374, 0.004

0, 13, 26, 3, 75.2125, 18.2471, 0.240, 1.396, 0.004

1, 13, 27, 3, 75.2125, 18.2471, 0.350, 1.359, 0.004

0, 13, 26, 4, 75.2125, 18.2471, 0.240, 1.397, 0.004

1, 13, 27, 4, 75.2125, 18.2471, 0.360, 1.372, 0.004

0, 13, 26, 0, 75.2125, 18.4971, 0.240, 1.394, 0.004

1, 13, 27, 0, 75.2125, 18.4971, 0.360, 1.375, 0.004

0, 13, 26, 1, 75.2125, 18.4971, 0.240, 1.395, 0.004

1, 13, 27, 1, 75.2125, 18.4971, 0.360, 1.374, 0.004

0, 13, 26, 2, 75.2125, 18.4971, 0.240, 1.401, 0.004

1, 13, 27, 2, 75.2125, 18.4971, 0.360, 1.378, 0.004

0, 13, 26, 3, 75.2125, 18.4971, 0.240, 1.394, 0.004

1, 13, 27, 3, 75.2125, 18.4971, 0.360, 1.361, 0.004

0, 13, 26, 4, 75.2125, 18.4971, 0.240, 1.394, 0.004

1, 13, 27, 4, 75.2125, 18.4971, 0.360, 1.377, 0.004

0, 13, 26, 0, 75.2125, 18.7471, 0.240, 1.391, 0.004

1, 13, 27, 0, 75.2125, 18.7471, 0.360, 1.376, 0.004

0, 13, 26, 1, 75.2125, 18.7471, 0.240, 1.401, 0.004

1, 13, 27, 1, 75.2125, 18.7471, 0.360, 1.377, 0.004

0, 13, 26, 2, 75.2125, 18.7471, 0.240, 1.396, 0.004

1, 13, 27, 2, 75.2125, 18.7471, 0.370, 1.367, 0.004

0, 13, 26, 3, 75.2125, 18.7471, 0.240, 1.392, 0.004

1, 13, 27, 3, 75.2125, 18.7471, 0.350, 1.379, 0.004

0, 13, 26, 4, 75.2125, 18.7471, 0.240, 1.397, 0.004

1, 13, 27, 4, 75.2125, 18.7471, 0.360, 1.380, 0.004

0, 13, 26, 0, 75.2125, 18.9971, 0.240, 1.393, 0.004

1, 13, 27, 0, 75.2125, 18.9971, 0.350, 1.371, 0.004

0, 13, 26, 1, 75.2125, 18.9971, 0.240, 1.394, 0.004

1, 13, 27, 1, 75.2125, 18.9971, 0.350, 1.355, 0.004

0, 13, 26, 2, 75.2125, 18.9971, 0.240, 1.396, 0.004

1, 13, 27, 2, 75.2125, 18.9971, 0.360, 1.376, 0.004

0, 13, 26, 3, 75.2125, 18.9971, 0.240, 1.394, 0.004

1, 13, 27, 3, 75.2125, 18.9971, 0.360, 1.371, 0.004

0, 13, 26, 4, 75.2125, 18.9971, 0.240, 1.397, 0.004

1, 13, 27, 4, 75.2125, 18.9971, 0.370, 1.375, 0.004

0, 13, 26, 0, 75.2125, 19.2471, 0.240, 1.398, 0.004

1, 13, 27, 0, 75.2125, 19.2471, 0.360, 1.352, 0.004

0, 13, 26, 1, 75.2125, 19.2471, 0.240, 1.399, 0.004

1, 13, 27, 1, 75.2125, 19.2471, 0.360, 1.383, 0.004

0, 13, 26, 2, 75.2125, 19.2471, 0.240, 1.392, 0.004

1, 13, 27, 2, 75.2125, 19.2471, 0.370, 1.372, 0.004

0, 13, 26, 3, 75.2125, 19.2471, 0.240, 1.391, 0.004

1, 13, 27, 3, 75.2125, 19.2471, 0.340, 1.375, 0.004

0, 13, 26, 4, 75.2125, 19.2471, 0.240, 1.395, 0.004

1, 13, 27, 4, 75.2125, 19.2471, 0.350, 1.379, 0.004

0, 13, 26, 0, 75.2125, 19.4971, 0.240, 1.399, 0.004

1, 13, 27, 0, 75.2125, 19.4971, 0.360, 1.373, 0.004

0, 13, 26, 1, 75.2125, 19.4971, 0.240, 1.392, 0.004

1, 13, 27, 1, 75.2125, 19.4971, 0.360, 1.375, 0.004

0, 13, 26, 2, 75.2125, 19.4971, 0.240, 1.394, 0.004

1, 13, 27, 2, 75.2125, 19.4971, 0.360, 1.373, 0.004

0, 13, 26, 3, 75.2125, 19.4971, 0.240, 1.395, 0.004

1, 13, 27, 3, 75.2125, 19.4971, 0.360, 1.374, 0.004

0, 13, 26, 4, 75.2125, 19.4971, 0.230, 1.396, 0.004

1, 13, 27, 4, 75.2125, 19.4971, 0.370, 1.379, 0.004

0, 13, 26, 0, 75.2125, 19.7471, 0.240, 1.391, 0.004

1, 13, 27, 0, 75.2125, 19.7471, 0.360, 1.376, 0.004

0, 13, 26, 1, 75.2125, 19.7471, 0.240, 1.396, 0.004

1, 13, 27, 1, 75.2125, 19.7471, 0.360, 1.381, 0.004

0, 13, 26, 2, 75.2125, 19.7471, 0.240, 1.393, 0.004

1, 13, 27, 2, 75.2125, 19.7471, 0.370, 1.376, 0.004

0, 13, 26, 3, 75.2125, 19.7471, 0.240, 1.390, 0.004

1, 13, 27, 3, 75.2125, 19.7471, 0.360, 1.375, 0.004

0, 13, 26, 4, 75.2125, 19.7471, 0.240, 1.393, 0.004

1, 13, 27, 4, 75.2125, 19.7471, 0.340, 1.379, 0.004

0, 13, 26, 0, 75.2125, 19.9971, 0.240, 1.399, 0.004

1, 13, 27, 0, 75.2125, 19.9971, 0.350, 1.372, 0.004

0, 13, 26, 1, 75.2125, 19.9971, 0.240, 1.399, 0.004

1, 13, 27, 1, 75.2125, 19.9971, 0.360, 1.372, 0.004

0, 13, 26, 2, 75.2125, 19.9971, 0.240, 1.394, 0.004

1, 13, 27, 2, 75.2125, 19.9971, 0.360, 1.383, 0.004

0, 13, 26, 3, 75.2125, 19.9971, 0.240, 1.394, 0.004

1, 13, 27, 3, 75.2125, 19.9971, 0.370, 1.374, 0.004

0, 13, 26, 4, 75.2125, 19.9971, 0.240, 1.385, 0.004

1, 13, 27, 4, 75.2125, 19.9971, 0.360, 1.382, 0.004

0, 13, 26, 0, 75.2125, 20.2471, 0.240, 1.399, 0.004

1, 13, 27, 0, 75.2125, 20.2471, 0.370, 1.380, 0.004

0, 13, 26, 1, 75.2125, 20.2471, 0.240, 1.395, 0.004

1, 13, 27, 1, 75.2125, 20.2471, 0.360, 1.378, 0.004

0, 13, 26, 2, 75.2125, 20.2471, 0.240, 1.389, 0.004

1, 13, 27, 2, 75.2125, 20.2471, 0.380, 1.345, 0.004

0, 13, 26, 3, 75.2125, 20.2471, 0.240, 1.390, 0.004

1, 13, 27, 3, 75.2125, 20.2471, 0.360, 1.373, 0.004

0, 13, 26, 4, 75.2125, 20.2471, 0.240, 1.400, 0.004

1, 13, 27, 4, 75.2125, 20.2471, 0.360, 1.386, 0.004

0, 13, 26, 0, 75.2125, 20.4971, 0.240, 1.394, 0.004

1, 13, 27, 0, 75.2125, 20.4971, 0.360, 1.376, 0.004

0, 13, 26, 1, 75.2125, 20.4971, 0.240, 1.400, 0.004

1, 13, 27, 1, 75.2125, 20.4971, 0.350, 1.381, 0.004

0, 13, 26, 2, 75.2125, 20.4971, 0.240, 1.398, 0.004

1, 13, 27, 2, 75.2125, 20.4971, 0.350, 1.368, 0.004

0, 13, 26, 3, 75.2125, 20.4971, 0.240, 1.399, 0.004

1, 13, 27, 3, 75.2125, 20.4971, 0.360, 1.377, 0.004

0, 13, 26, 4, 75.2125, 20.4971, 0.240, 1.396, 0.004

1, 13, 27, 4, 75.2125, 20.4971, 0.350, 1.374, 0.004

0, 13, 26, 0, 75.2125, 20.7471, 0.240, 1.396, 0.004

1, 13, 27, 0, 75.2125, 20.7471, 0.360, 1.332, 0.004

0, 13, 26, 1, 75.2125, 20.7471, 0.240, 1.398, 0.004

1, 13, 27, 1, 75.2125, 20.7471, 0.360, 1.381, 0.004

0, 13, 26, 2, 75.2125, 20.7471, 0.240, 1.398, 0.004

1, 13, 27, 2, 75.2125, 20.7471, 0.360, 1.367, 0.004

0, 13, 26, 3, 75.2125, 20.7471, 0.240, 1.403, 0.004

1, 13, 27, 3, 75.2125, 20.7471, 0.380, 1.395, 0.004

0, 13, 26, 4, 75.2125, 20.7471, 0.240, 1.387, 0.004

1, 13, 27, 4, 75.2125, 20.7471, 0.360, 1.374, 0.004

0, 13, 26, 0, 75.2125, 20.9971, 0.230, 1.389, 0.004

1, 13, 27, 0, 75.2125, 20.9971, 0.360, 1.373, 0.004

0, 13, 26, 1, 75.2125, 20.9971, 0.240, 1.394, 0.004

1, 13, 27, 1, 75.2125, 20.9971, 0.360, 1.390, 0.004

0, 13, 26, 2, 75.2125, 20.9971, 0.240, 1.388, 0.004

1, 13, 27, 2, 75.2125, 20.9971, 0.340, 1.362, 0.004

0, 13, 26, 3, 75.2125, 20.9971, 0.240, 1.394, 0.004

1, 13, 27, 3, 75.2125, 20.9971, 0.350, 1.382, 0.004

0, 13, 26, 4, 75.2125, 20.9971, 0.240, 1.398, 0.004

1, 13, 27, 4, 75.2125, 20.9971, 0.360, 1.375, 0.004

0, 13, 26, 0, 75.2125, 21.2471, 0.240, 1.387, 0.004

1, 13, 27, 0, 75.2125, 21.2471, 0.360, 1.363, 0.004

0, 13, 26, 1, 75.2125, 21.2471, 0.240, 1.387, 0.004

1, 13, 27, 1, 75.2125, 21.2471, 0.360, 1.373, 0.004

0, 13, 26, 2, 75.2125, 21.2471, 0.240, 1.387, 0.004

1, 13, 27, 2, 75.2125, 21.2471, 0.360, 1.372, 0.004

0, 13, 26, 3, 75.2125, 21.2471, 0.240, 1.399, 0.004

1, 13, 27, 3, 75.2125, 21.2471, 0.360, 1.361, 0.004

0, 13, 26, 4, 75.2125, 21.2471, 0.240, 1.394, 0.004

1, 13, 27, 4, 75.2125, 21.2471, 0.350, 1.375, 0.004

0, 13, 26, 0, 75.2125, 21.4971, 0.240, 1.392, 0.004

1, 13, 27, 0, 75.2125, 21.4971, 0.370, 1.374, 0.004

0, 13, 26, 1, 75.2125, 21.4971, 0.240, 1.391, 0.004

1, 13, 27, 1, 75.2125, 21.4971, 0.350, 1.359, 0.004

0, 13, 26, 2, 75.2125, 21.4971, 0.240, 1.392, 0.004

1, 13, 27, 2, 75.2125, 21.4971, 0.360, 1.374, 0.004

0, 13, 26, 3, 75.2125, 21.4971, 0.240, 1.395, 0.004

1, 13, 27, 3, 75.2125, 21.4971, 0.370, 1.371, 0.004

0, 13, 26, 4, 75.2125, 21.4971, 0.240, 1.394, 0.004

1, 13, 27, 4, 75.2125, 21.4971, 0.350, 1.372, 0.004

0, 13, 26, 0, 75.2125, 21.7471, 0.240, 1.394, 0.004

1, 13, 27, 0, 75.2125, 21.7471, 0.360, 1.365, 0.004

0, 13, 26, 1, 75.2125, 21.7471, 0.240, 1.395, 0.004

1, 13, 27, 1, 75.2125, 21.7471, 0.360, 1.381, 0.004

0, 13, 26, 2, 75.2125, 21.7471, 0.240, 1.398, 0.004

1, 13, 27, 2, 75.2125, 21.7471, 0.350, 1.372, 0.004

0, 13, 26, 3, 75.2125, 21.7471, 0.240, 1.391, 0.004

1, 13, 27, 3, 75.2125, 21.7471, 0.350, 1.379, 0.004

0, 13, 26, 4, 75.2125, 21.7471, 0.240, 1.399, 0.004

1, 13, 27, 4, 75.2125, 21.7471, 0.350, 1.371, 0.004

0, 13, 26, 0, 75.2125, 21.9971, 0.240, 1.395, 0.004

1, 13, 27, 0, 75.2125, 21.9971, 0.350, 1.382, 0.004

0, 13, 26, 1, 75.2125, 21.9971, 0.240, 1.395, 0.004

1, 13, 27, 1, 75.2125, 21.9971, 0.350, 1.387, 0.004

0, 13, 26, 2, 75.2125, 21.9971, 0.240, 1.398, 0.004

1, 13, 27, 2, 75.2125, 21.9971, 0.350, 1.368, 0.004

0, 13, 26, 3, 75.2125, 21.9971, 0.240, 1.393, 0.004

1, 13, 27, 3, 75.2125, 21.9971, 0.360, 1.393, 0.004

0, 13, 26, 4, 75.2125, 21.9971, 0.240, 1.393, 0.004

1, 13, 27, 4, 75.2125, 21.9971, 0.350, 1.373, 0.004

0, 13, 26, 0, 75.2125, 22.2471, 0.240, 1.398, 0.004

1, 13, 27, 0, 75.2125, 22.2471, 0.350, 1.370, 0.004

0, 13, 26, 1, 75.2125, 22.2471, 0.240, 1.395, 0.004

1, 13, 27, 1, 75.2125, 22.2471, 0.350, 1.381, 0.004

0, 13, 26, 2, 75.2125, 22.2471, 0.250, 1.395, 0.004

1, 13, 27, 2, 75.2125, 22.2471, 0.350, 1.365, 0.004

0, 13, 26, 3, 75.2125, 22.2471, 0.240, 1.385, 0.004

1, 13, 27, 3, 75.2125, 22.2471, 0.360, 1.380, 0.004

0, 13, 26, 4, 75.2125, 22.2471, 0.240, 1.399, 0.004

1, 13, 27, 4, 75.2125, 22.2471, 0.370, 1.381, 0.004

0, 13, 26, 0, 75.2125, 22.4971, 0.240, 1.399, 0.004

1, 13, 27, 0, 75.2125, 22.4971, 0.350, 1.380, 0.004

0, 13, 26, 1, 75.2125, 22.4971, 0.240, 1.396, 0.004

1, 13, 27, 1, 75.2125, 22.4971, 0.330, 1.389, 0.004

0, 13, 26, 2, 75.2125, 22.4971, 0.240, 1.390, 0.004

1, 13, 27, 2, 75.2125, 22.4971, 0.340, 1.368, 0.004

0, 13, 26, 3, 75.2125, 22.4971, 0.240, 1.397, 0.004

1, 13, 27, 3, 75.2125, 22.4971, 0.340, 1.381, 0.004

0, 13, 26, 4, 75.2125, 22.4971, 0.240, 1.396, 0.004

1, 13, 27, 4, 75.2125, 22.4971, 0.350, 1.378, 0.004

0, 13, 26, 0, 75.2125, 22.7471, 0.240, 1.391, 0.004

1, 13, 27, 0, 75.2125, 22.7471, 0.320, 1.381, 0.004

0, 13, 26, 1, 75.2125, 22.7471, 0.240, 1.395, 0.004

1, 13, 27, 1, 75.2125, 22.7471, 0.320, 1.360, 0.004

0, 13, 26, 2, 75.2125, 22.7471, 0.240, 1.393, 0.004

1, 13, 27, 2, 75.2125, 22.7471, 0.310, 1.366, 0.004

0, 13, 26, 3, 75.2125, 22.7471, 0.240, 1.397, 0.004

1, 13, 27, 3, 75.2125, 22.7471, 0.320, 1.376, 0.004

0, 13, 26, 4, 75.2125, 22.7471, 0.240, 1.394, 0.004

1, 13, 27, 4, 75.2125, 22.7471, 0.330, 1.368, 0.004

0, 13, 26, 0, 75.2125, 22.9971, 0.240, 1.394, 0.004

1, 13, 27, 0, 75.2125, 22.9971, 0.310, 1.381, 0.004

0, 13, 26, 1, 75.2125, 22.9971, 0.240, 1.397, 0.004

1, 13, 27, 1, 75.2125, 22.9971, 0.310, 1.374, 0.004

0, 13, 26, 2, 75.2125, 22.9971, 0.240, 1.395, 0.004

1, 13, 27, 2, 75.2125, 22.9971, 0.310, 1.379, 0.004

0, 13, 26, 3, 75.2125, 22.9971, 0.240, 1.394, 0.004

1, 13, 27, 3, 75.2125, 22.9971, 0.310, 1.380, 0.004

0, 13, 26, 4, 75.2125, 22.9971, 0.240, 1.393, 0.004

1, 13, 27, 4, 75.2125, 22.9971, 0.320, 1.371, 0.004

0, 13, 26, 0, 75.2125, 23.2471, 0.240, 1.400, 0.004

1, 13, 27, 0, 75.2125, 23.2471, 0.300, 1.385, 0.004

0, 13, 26, 1, 75.2125, 23.2471, 0.240, 1.390, 0.004

1, 13, 27, 1, 75.2125, 23.2471, 0.300, 1.374, 0.004

0, 13, 26, 2, 75.2125, 23.2471, 0.240, 1.396, 0.004

1, 13, 27, 2, 75.2125, 23.2471, 0.310, 1.378, 0.004

0, 13, 26, 3, 75.2125, 23.2471, 0.240, 1.398, 0.004

1, 13, 27, 3, 75.2125, 23.2471, 0.300, 1.379, 0.004

0, 13, 26, 4, 75.2125, 23.2471, 0.240, 1.390, 0.004

1, 13, 27, 4, 75.2125, 23.2471, 0.300, 1.380, 0.004

0, 13, 26, 0, 75.2125, 23.4971, 0.240, 1.396, 0.004

1, 13, 27, 0, 75.2125, 23.4971, 0.300, 1.369, 0.004

0, 13, 26, 1, 75.2125, 23.4971, 0.240, 1.398, 0.004

1, 13, 27, 1, 75.2125, 23.4971, 0.290, 1.352, 0.004

0, 13, 26, 2, 75.2125, 23.4971, 0.240, 1.393, 0.004

1, 13, 27, 2, 75.2125, 23.4971, 0.290, 1.335, 0.004

0, 13, 26, 3, 75.2125, 23.4971, 0.240, 1.393, 0.004

1, 13, 27, 3, 75.2125, 23.4971, 0.300, 1.374, 0.004

0, 13, 26, 4, 75.2125, 23.4971, 0.240, 1.399, 0.004

1, 13, 27, 4, 75.2125, 23.4971, 0.300, 1.366, 0.004

0, 13, 26, 0, 75.2125, 23.7471, 0.240, 1.396, 0.004

1, 13, 27, 0, 75.2125, 23.7471, 0.260, 1.372, 0.004

0, 13, 26, 1, 75.2125, 23.7471, 0.240, 1.391, 0.004

1, 13, 27, 1, 75.2125, 23.7471, 0.260, 1.379, 0.004

0, 13, 26, 2, 75.2125, 23.7471, 0.240, 1.400, 0.004

1, 13, 27, 2, 75.2125, 23.7471, 0.270, 1.375, 0.004

0, 13, 26, 3, 75.2125, 23.7471, 0.240, 1.393, 0.004

1, 13, 27, 3, 75.2125, 23.7471, 0.260, 1.384, 0.004

0, 13, 26, 4, 75.2125, 23.7471, 0.240, 1.402, 0.004

1, 13, 27, 4, 75.2125, 23.7471, 0.260, 1.383, 0.004

0, 13, 26, 0, 75.2125, 23.9971, 0.240, 1.399, 0.004

1, 13, 27, 0, 75.2125, 23.9971, 0.230, 1.377, 0.004

0, 13, 26, 1, 75.2125, 23.9971, 0.240, 1.397, 0.004

1, 13, 27, 1, 75.2125, 23.9971, 0.230, 1.387, 0.004

0, 13, 26, 2, 75.2125, 23.9971, 0.240, 1.391, 0.004

1, 13, 27, 2, 75.2125, 23.9971, 0.240, 1.377, 0.004

0, 13, 26, 3, 75.2125, 23.9971, 0.240, 1.394, 0.004

1, 13, 27, 3, 75.2125, 23.9971, 0.230, 1.373, 0.004

0, 13, 26, 4, 75.2125, 23.9971, 0.240, 1.394, 0.004

1, 13, 27, 4, 75.2125, 23.9971, 0.230, 1.370, 0.004

0, 13, 26, 0, 75.2125, 24.2471, 0.240, 1.404, 0.004

1, 13, 27, 0, 75.2125, 24.2471, 0.210, 1.372, 0.004

0, 13, 26, 1, 75.2125, 24.2471, 0.240, 1.397, 0.004

1, 13, 27, 1, 75.2125, 24.2471, 0.210, 1.369, 0.004

0, 13, 26, 2, 75.2125, 24.2471, 0.250, 1.395, 0.004

1, 13, 27, 2, 75.2125, 24.2471, 0.210, 1.378, 0.004

0, 13, 26, 3, 75.2125, 24.2471, 0.240, 1.399, 0.004

1, 13, 27, 3, 75.2125, 24.2471, 0.220, 1.381, 0.004

0, 13, 26, 4, 75.2125, 24.2471, 0.240, 1.395, 0.004

1, 13, 27, 4, 75.2125, 24.2471, 0.210, 1.376, 0.004

0, 13, 26, 0, 75.2125, 24.4971, 0.250, 1.396, 0.004

1, 13, 27, 0, 75.2125, 24.4971, 0.200, 1.383, 0.004

0, 13, 26, 1, 75.2125, 24.4971, 0.240, 1.400, 0.004

1, 13, 27, 1, 75.2125, 24.4971, 0.200, 1.374, 0.004

0, 13, 26, 2, 75.2125, 24.4971, 0.250, 1.398, 0.004

1, 13, 27, 2, 75.2125, 24.4971, 0.210, 1.387, 0.004

0, 13, 26, 3, 75.2125, 24.4971, 0.240, 1.401, 0.004

1, 13, 27, 3, 75.2125, 24.4971, 0.200, 1.370, 0.004

0, 13, 26, 4, 75.2125, 24.4971, 0.240, 1.396, 0.004

1, 13, 27, 4, 75.2125, 24.4971, 0.200, 1.377, 0.004

0, 13, 26, 0, 75.2125, 24.7471, 0.250, 1.387, 0.004

1, 13, 27, 0, 75.2125, 24.7471, 0.200, 1.379, 0.004

0, 13, 26, 1, 75.2125, 24.7471, 0.250, 1.386, 0.004

1, 13, 27, 1, 75.2125, 24.7471, 0.190, 1.375, 0.004

0, 13, 26, 2, 75.2125, 24.7471, 0.250, 1.400, 0.004

1, 13, 27, 2, 75.2125, 24.7471, 0.190, 1.371, 0.004

0, 13, 26, 3, 75.2125, 24.7471, 0.250, 1.397, 0.004

1, 13, 27, 3, 75.2125, 24.7471, 0.190, 1.377, 0.004

0, 13, 26, 4, 75.2125, 24.7471, 0.250, 1.397, 0.004

1, 13, 27, 4, 75.2125, 24.7471, 0.190, 1.381, 0.004

0, 13, 26, 0, 75.2125, 24.9971, 0.260, 1.394, 0.004

1, 13, 27, 0, 75.2125, 24.9971, 0.190, 1.370, 0.004

0, 13, 26, 1, 75.2125, 24.9971, 0.260, 1.401, 0.004

1, 13, 27, 1, 75.2125, 24.9971, 0.190, 1.376, 0.004

0, 13, 26, 2, 75.2125, 24.9971, 0.260, 1.401, 0.004

1, 13, 27, 2, 75.2125, 24.9971, 0.190, 1.375, 0.004

0, 13, 26, 3, 75.2125, 24.9971, 0.260, 1.399, 0.004

1, 13, 27, 3, 75.2125, 24.9971, 0.190, 1.380, 0.004

0, 13, 26, 4, 75.2125, 24.9971, 0.260, 1.402, 0.004

1, 13, 27, 4, 75.2125, 24.9971, 0.190, 1.380, 0.004

0, 13, 26, 0, 75.2125, 25.2471, 0.280, 1.398, 0.004

1, 13, 27, 0, 75.2125, 25.2471, 0.190, 1.372, 0.004

0, 13, 26, 1, 75.2125, 25.2471, 0.270, 1.400, 0.004

1, 13, 27, 1, 75.2125, 25.2471, 0.190, 1.376, 0.004

0, 13, 26, 2, 75.2125, 25.2471, 0.270, 1.400, 0.004

1, 13, 27, 2, 75.2125, 25.2471, 0.190, 1.377, 0.004

0, 13, 26, 3, 75.2125, 25.2471, 0.280, 1.399, 0.004

1, 13, 27, 3, 75.2125, 25.2471, 0.190, 1.377, 0.004

0, 13, 26, 4, 75.2125, 25.2471, 0.270, 1.396, 0.004

1, 13, 27, 4, 75.2125, 25.2471, 0.190, 1.370, 0.004

0, 13, 26, 0, 75.2125, 25.4971, 0.300, 1.398, 0.004

1, 13, 27, 0, 75.2125, 25.4971, 0.190, 1.379, 0.004

0, 13, 26, 1, 75.2125, 25.4971, 0.290, 1.393, 0.004

1, 13, 27, 1, 75.2125, 25.4971, 0.190, 1.375, 0.004

0, 13, 26, 2, 75.2125, 25.4971, 0.300, 1.397, 0.004

1, 13, 27, 2, 75.2125, 25.4971, 0.190, 1.372, 0.004

0, 13, 26, 3, 75.2125, 25.4971, 0.300, 1.398, 0.004

1, 13, 27, 3, 75.2125, 25.4971, 0.190, 1.383, 0.004

0, 13, 26, 4, 75.2125, 25.4971, 0.290, 1.384, 0.004

1, 13, 27, 4, 75.2125, 25.4971, 0.190, 1.372, 0.004

0, 13, 26, 0, 75.2125, 25.7471, 0.320, 1.396, 0.004

1, 13, 27, 0, 75.2125, 25.7471, 0.190, 1.376, 0.004

0, 13, 26, 1, 75.2125, 25.7471, 0.310, 1.395, 0.004

1, 13, 27, 1, 75.2125, 25.7471, 0.190, 1.381, 0.004

0, 13, 26, 2, 75.2125, 25.7471, 0.320, 1.401, 0.004

1, 13, 27, 2, 75.2125, 25.7471, 0.190, 1.370, 0.004

0, 13, 26, 3, 75.2125, 25.7471, 0.310, 1.395, 0.004

1, 13, 27, 3, 75.2125, 25.7471, 0.190, 1.383, 0.004

0, 13, 26, 4, 75.2125, 25.7471, 0.320, 1.385, 0.004

1, 13, 27, 4, 75.2125, 25.7471, 0.190, 1.378, 0.004

0, 13, 26, 0, 75.2125, 25.9971, 0.320, 1.394, 0.004

1, 13, 27, 0, 75.2125, 25.9971, 0.190, 1.378, 0.004

0, 13, 26, 1, 75.2125, 25.9971, 0.320, 1.402, 0.004

1, 13, 27, 1, 75.2125, 25.9971, 0.190, 1.374, 0.004

0, 13, 26, 2, 75.2125, 25.9971, 0.320, 1.391, 0.004

1, 13, 27, 2, 75.2125, 25.9971, 0.200, 1.380, 0.004

0, 13, 26, 3, 75.2125, 25.9971, 0.330, 1.396, 0.004

1, 13, 27, 3, 75.2125, 25.9971, 0.190, 1.380, 0.004

0, 13, 26, 4, 75.2125, 25.9971, 0.320, 1.392, 0.004

1, 13, 27, 4, 75.2125, 25.9971, 0.200, 1.379, 0.004

0, 13, 26, 0, 75.2125, 26.2471, 0.330, 1.396, 0.004

1, 13, 27, 0, 75.2125, 26.2471, 0.190, 1.373, 0.004

0, 13, 26, 1, 75.2125, 26.2471, 0.320, 1.390, 0.004

1, 13, 27, 1, 75.2125, 26.2471, 0.190, 1.370, 0.004

0, 13, 26, 2, 75.2125, 26.2471, 0.330, 1.395, 0.004

1, 13, 27, 2, 75.2125, 26.2471, 0.200, 1.372, 0.004

0, 13, 26, 3, 75.2125, 26.2471, 0.330, 1.408, 0.004

1, 13, 27, 3, 75.2125, 26.2471, 0.200, 1.379, 0.004

0, 13, 26, 4, 75.2125, 26.2471, 0.330, 1.390, 0.004

1, 13, 27, 4, 75.2125, 26.2471, 0.190, 1.385, 0.004

0, 13, 26, 0, 75.2125, 26.4971, 0.330, 1.398, 0.004

1, 13, 27, 0, 75.2125, 26.4971, 0.200, 1.381, 0.004

0, 13, 26, 1, 75.2125, 26.4971, 0.330, 1.404, 0.004

1, 13, 27, 1, 75.2125, 26.4971, 0.190, 1.372, 0.004

0, 13, 26, 2, 75.2125, 26.4971, 0.330, 1.390, 0.004

1, 13, 27, 2, 75.2125, 26.4971, 0.200, 1.381, 0.004

0, 13, 26, 3, 75.2125, 26.4971, 0.330, 1.394, 0.004

1, 13, 27, 3, 75.2125, 26.4971, 0.200, 1.374, 0.004

0, 13, 26, 4, 75.2125, 26.4971, 0.330, 1.401, 0.004

1, 13, 27, 4, 75.2125, 26.4971, 0.200, 1.379, 0.004

0, 13, 26, 0, 75.2125, 26.7471, 0.330, 1.396, 0.004

1, 13, 27, 0, 75.2125, 26.7471, 0.200, 1.373, 0.004

0, 13, 26, 1, 75.2125, 26.7471, 0.340, 1.400, 0.004

1, 13, 27, 1, 75.2125, 26.7471, 0.190, 1.370, 0.004

0, 13, 26, 2, 75.2125, 26.7471, 0.340, 1.395, 0.004

1, 13, 27, 2, 75.2125, 26.7471, 0.190, 1.372, 0.004

0, 13, 26, 3, 75.2125, 26.7471, 0.340, 1.400, 0.004

1, 13, 27, 3, 75.2125, 26.7471, 0.190, 1.380, 0.004

0, 13, 26, 4, 75.2125, 26.7471, 0.340, 1.384, 0.004

1, 13, 27, 4, 75.2125, 26.7471, 0.190, 1.377, 0.004

0, 13, 26, 0, 75.2125, 26.9971, 0.350, 1.401, 0.004

1, 13, 27, 0, 75.2125, 26.9971, 0.190, 1.377, 0.004

0, 13, 26, 1, 75.2125, 26.9971, 0.340, 1.392, 0.004

1, 13, 27, 1, 75.2125, 26.9971, 0.190, 1.374, 0.004

0, 13, 26, 2, 75.2125, 26.9971, 0.340, 1.391, 0.004

1, 13, 27, 2, 75.2125, 26.9971, 0.190, 1.375, 0.004

0, 13, 26, 3, 75.2125, 26.9971, 0.340, 1.410, 0.004

1, 13, 27, 3, 75.2125, 26.9971, 0.190, 1.382, 0.004

0, 13, 26, 4, 75.2125, 26.9971, 0.350, 1.382, 0.004

1, 13, 27, 4, 75.2125, 26.9971, 0.190, 1.377, 0.004

0, 13, 26, 0, 75.2125, 27.2471, 0.350, 1.393, 0.004

1, 13, 27, 0, 75.2125, 27.2471, 0.190, 1.378, 0.004

0, 13, 26, 1, 75.2125, 27.2471, 0.350, 1.370, 0.004

1, 13, 27, 1, 75.2125, 27.2471, 0.200, 1.372, 0.004

0, 13, 26, 2, 75.2125, 27.2471, 0.350, 1.395, 0.004

1, 13, 27, 2, 75.2125, 27.2471, 0.200, 1.376, 0.004

0, 13, 26, 3, 75.2125, 27.2471, 0.360, 1.392, 0.004

1, 13, 27, 3, 75.2125, 27.2471, 0.190, 1.385, 0.004

0, 13, 26, 4, 75.2125, 27.2471, 0.350, 1.397, 0.004

1, 13, 27, 4, 75.2125, 27.2471, 0.190, 1.378, 0.004

0, 13, 26, 0, 75.2125, 27.4971, 0.350, 1.397, 0.004

1, 13, 27, 0, 75.2125, 27.4971, 0.190, 1.383, 0.004

0, 13, 26, 1, 75.2125, 27.4971, 0.350, 1.399, 0.004

1, 13, 27, 1, 75.2125, 27.4971, 0.190, 1.372, 0.004

0, 13, 26, 2, 75.2125, 27.4971, 0.350, 1.401, 0.004

1, 13, 27, 2, 75.2125, 27.4971, 0.190, 1.377, 0.004

0, 13, 26, 3, 75.2125, 27.4971, 0.350, 1.396, 0.004

1, 13, 27, 3, 75.2125, 27.4971, 0.190, 1.379, 0.004

0, 13, 26, 4, 75.2125, 27.4971, 0.350, 1.395, 0.004

1, 13, 27, 4, 75.2125, 27.4971, 0.190, 1.374, 0.004

0, 13, 26, 0, 75.2125, 27.7471, 0.350, 1.397, 0.004

1, 13, 27, 0, 75.2125, 27.7471, 0.200, 1.378, 0.004

0, 13, 26, 1, 75.2125, 27.7471, 0.360, 1.387, 0.004

1, 13, 27, 1, 75.2125, 27.7471, 0.200, 1.367, 0.004

0, 13, 26, 2, 75.2125, 27.7471, 0.350, 1.389, 0.004

1, 13, 27, 2, 75.2125, 27.7471, 0.190, 1.373, 0.004

0, 13, 26, 3, 75.2125, 27.7471, 0.350, 1.396, 0.004

1, 13, 27, 3, 75.2125, 27.7471, 0.190, 1.380, 0.004

0, 13, 26, 4, 75.2125, 27.7471, 0.350, 1.398, 0.004

1, 13, 27, 4, 75.2125, 27.7471, 0.190, 1.368, 0.004

0, 13, 26, 0, 75.2125, 27.9971, 0.350, 1.389, 0.004

1, 13, 27, 0, 75.2125, 27.9971, 0.190, 1.380, 0.004

0, 13, 26, 1, 75.2125, 27.9971, 0.350, 1.388, 0.004

1, 13, 27, 1, 75.2125, 27.9971, 0.190, 1.377, 0.004

0, 13, 26, 2, 75.2125, 27.9971, 0.360, 1.395, 0.004

1, 13, 27, 2, 75.2125, 27.9971, 0.190, 1.378, 0.004

0, 13, 26, 3, 75.2125, 27.9971, 0.350, 1.400, 0.004

1, 13, 27, 3, 75.2125, 27.9971, 0.190, 1.378, 0.004

0, 13, 26, 4, 75.2125, 27.9971, 0.350, 1.390, 0.004

1, 13, 27, 4, 75.2125, 27.9971, 0.190, 1.369, 0.004

0, 13, 26, 0, 75.2125, 28.2471, 0.360, 1.386, 0.004

1, 13, 27, 0, 75.2125, 28.2471, 0.190, 1.377, 0.004

0, 13, 26, 1, 75.2125, 28.2471, 0.360, 1.395, 0.004

1, 13, 27, 1, 75.2125, 28.2471, 0.190, 1.375, 0.004

0, 13, 26, 2, 75.2125, 28.2471, 0.350, 1.395, 0.004

1, 13, 27, 2, 75.2125, 28.2471, 0.190, 1.381, 0.004

0, 13, 26, 3, 75.2125, 28.2471, 0.350, 1.398, 0.004

1, 13, 27, 3, 75.2125, 28.2471, 0.190, 1.377, 0.004

0, 13, 26, 4, 75.2125, 28.2471, 0.350, 1.399, 0.004

1, 13, 27, 4, 75.2125, 28.2471, 0.190, 1.378, 0.004

0, 13, 26, 0, 75.2125, 28.4971, 0.350, 1.396, 0.004

1, 13, 27, 0, 75.2125, 28.4971, 0.190, 1.372, 0.004

0, 13, 26, 1, 75.2125, 28.4971, 0.360, 1.396, 0.004

1, 13, 27, 1, 75.2125, 28.4971, 0.190, 1.380, 0.004

0, 13, 26, 2, 75.2125, 28.4971, 0.360, 1.397, 0.004

1, 13, 27, 2, 75.2125, 28.4971, 0.190, 1.384, 0.004

0, 13, 26, 3, 75.2125, 28.4971, 0.360, 1.383, 0.004

1, 13, 27, 3, 75.2125, 28.4971, 0.190, 1.367, 0.004

0, 13, 26, 4, 75.2125, 28.4971, 0.360, 1.392, 0.004

1, 13, 27, 4, 75.2125, 28.4971, 0.190, 1.379, 0.004

0, 13, 26, 0, 75.2125, 28.7471, 0.350, 1.396, 0.004

1, 13, 27, 0, 75.2125, 28.7471, 0.190, 1.373, 0.004

0, 13, 26, 1, 75.2125, 28.7471, 0.350, 1.392, 0.004

1, 13, 27, 1, 75.2125, 28.7471, 0.190, 1.376, 0.004

0, 13, 26, 2, 75.2125, 28.7471, 0.350, 1.396, 0.004

1, 13, 27, 2, 75.2125, 28.7471, 0.190, 1.381, 0.004

0, 13, 26, 3, 75.2125, 28.7471, 0.360, 1.394, 0.004

1, 13, 27, 3, 75.2125, 28.7471, 0.190, 1.374, 0.004

0, 13, 26, 4, 75.2125, 28.7471, 0.360, 1.400, 0.004

1, 13, 27, 4, 75.2125, 28.7471, 0.190, 1.382, 0.004

0, 13, 26, 0, 75.2125, 28.9971, 0.360, 1.393, 0.004

1, 13, 27, 0, 75.2125, 28.9971, 0.190, 1.379, 0.004

0, 13, 26, 1, 75.2125, 28.9971, 0.370, 1.395, 0.004

1, 13, 27, 1, 75.2125, 28.9971, 0.190, 1.371, 0.004

0, 13, 26, 2, 75.2125, 28.9971, 0.360, 1.394, 0.004

1, 13, 27, 2, 75.2125, 28.9971, 0.190, 1.377, 0.004

0, 13, 26, 3, 75.2125, 28.9971, 0.360, 1.393, 0.004

1, 13, 27, 3, 75.2125, 28.9971, 0.190, 1.372, 0.004

0, 13, 26, 4, 75.2125, 28.9971, 0.360, 1.392, 0.004

1, 13, 27, 4, 75.2125, 28.9971, 0.190, 1.372, 0.004

0, 13, 26, 0, 75.2125, 29.2471, 0.360, 1.396, 0.004

1, 13, 27, 0, 75.2125, 29.2471, 0.190, 1.377, 0.004

0, 13, 26, 1, 75.2125, 29.2471, 0.360, 1.396, 0.004

1, 13, 27, 1, 75.2125, 29.2471, 0.190, 1.370, 0.004

0, 13, 26, 2, 75.2125, 29.2471, 0.360, 1.387, 0.004

1, 13, 27, 2, 75.2125, 29.2471, 0.190, 1.379, 0.004

0, 13, 26, 3, 75.2125, 29.2471, 0.360, 1.383, 0.004

1, 13, 27, 3, 75.2125, 29.2471, 0.190, 1.374, 0.004

0, 13, 26, 4, 75.2125, 29.2471, 0.360, 1.394, 0.004

1, 13, 27, 4, 75.2125, 29.2471, 0.190, 1.375, 0.004

0, 13, 26, 0, 75.2125, 29.4971, 0.360, 1.397, 0.004

1, 13, 27, 0, 75.2125, 29.4971, 0.190, 1.377, 0.004

0, 13, 26, 1, 75.2125, 29.4971, 0.360, 1.387, 0.004

1, 13, 27, 1, 75.2125, 29.4971, 0.190, 1.372, 0.004

0, 13, 26, 2, 75.2125, 29.4971, 0.360, 1.391, 0.004

1, 13, 27, 2, 75.2125, 29.4971, 0.190, 1.379, 0.004

0, 13, 26, 3, 75.2125, 29.4971, 0.360, 1.377, 0.004

1, 13, 27, 3, 75.2125, 29.4971, 0.190, 1.379, 0.004

0, 13, 26, 4, 75.2125, 29.4971, 0.360, 1.398, 0.004

1, 13, 27, 4, 75.2125, 29.4971, 0.190, 1.376, 0.004

0, 13, 26, 0, 75.2125, 29.7471, 0.350, 1.395, 0.004

1, 13, 27, 0, 75.2125, 29.7471, 0.190, 1.367, 0.004

0, 13, 26, 1, 75.2125, 29.7471, 0.370, 1.404, 0.004

1, 13, 27, 1, 75.2125, 29.7471, 0.190, 1.371, 0.004

0, 13, 26, 2, 75.2125, 29.7471, 0.360, 1.396, 0.004

1, 13, 27, 2, 75.2125, 29.7471, 0.190, 1.375, 0.004

0, 13, 26, 3, 75.2125, 29.7471, 0.370, 1.388, 0.004

1, 13, 27, 3, 75.2125, 29.7471, 0.190, 1.378, 0.004

0, 13, 26, 4, 75.2125, 29.7471, 0.360, 1.390, 0.004

1, 13, 27, 4, 75.2125, 29.7471, 0.190, 1.375, 0.004

0, 13, 26, 0, 75.2125, 29.9971, 0.370, 1.390, 0.004

1, 13, 27, 0, 75.2125, 29.9971, 0.190, 1.380, 0.004

0, 13, 26, 1, 75.2125, 29.9971, 0.360, 1.396, 0.004

1, 13, 27, 1, 75.2125, 29.9971, 0.190, 1.375, 0.004

0, 13, 26, 2, 75.2125, 29.9971, 0.350, 1.393, 0.004

1, 13, 27, 2, 75.2125, 29.9971, 0.190, 1.380, 0.004

0, 13, 26, 3, 75.2125, 29.9971, 0.360, 1.398, 0.004

1, 13, 27, 3, 75.2125, 29.9971, 0.190, 1.376, 0.004

0, 13, 26, 4, 75.2125, 29.9971, 0.360, 1.393, 0.004

1, 13, 27, 4, 75.2125, 29.9971, 0.190, 1.367, 0.004

0, 13, 26, 0, 75.2125, 30.2471, 0.360, 1.398, 0.004

1, 13, 27, 0, 75.2125, 30.2471, 0.190, 1.385, 0.004

0, 13, 26, 1, 75.2125, 30.2471, 0.350, 1.389, 0.004

1, 13, 27, 1, 75.2125, 30.2471, 0.190, 1.378, 0.004

0, 13, 26, 2, 75.2125, 30.2471, 0.360, 1.391, 0.004

1, 13, 27, 2, 75.2125, 30.2471, 0.190, 1.381, 0.004

0, 13, 26, 3, 75.2125, 30.2471, 0.370, 1.397, 0.004

1, 13, 27, 3, 75.2125, 30.2471, 0.190, 1.388, 0.004

0, 13, 26, 4, 75.2125, 30.2471, 0.360, 1.393, 0.004

1, 13, 27, 4, 75.2125, 30.2471, 0.190, 1.380, 0.004

0, 13, 26, 0, 75.2125, 30.4971, 0.370, 1.394, 0.004

1, 13, 27, 0, 75.2125, 30.4971, 0.190, 1.375, 0.004

0, 13, 26, 1, 75.2125, 30.4971, 0.360, 1.391, 0.004

1, 13, 27, 1, 75.2125, 30.4971, 0.190, 1.371, 0.004

0, 13, 26, 2, 75.2125, 30.4971, 0.350, 1.397, 0.004

1, 13, 27, 2, 75.2125, 30.4971, 0.190, 1.380, 0.004

0, 13, 26, 3, 75.2125, 30.4971, 0.360, 1.363, 0.004

1, 13, 27, 3, 75.2125, 30.4971, 0.190, 1.382, 0.004

0, 13, 26, 4, 75.2125, 30.4971, 0.350, 1.391, 0.004

1, 13, 27, 4, 75.2125, 30.4971, 0.190, 1.371, 0.004

0, 13, 26, 0, 75.2125, 30.7471, 0.360, 1.397, 0.004

1, 13, 27, 0, 75.2125, 30.7471, 0.190, 1.378, 0.004

0, 13, 26, 1, 75.2125, 30.7471, 0.350, 1.390, 0.004

1, 13, 27, 1, 75.2125, 30.7471, 0.190, 1.380, 0.004

0, 13, 26, 2, 75.2125, 30.7471, 0.360, 1.394, 0.004

1, 13, 27, 2, 75.2125, 30.7471, 0.190, 1.372, 0.004

0, 13, 26, 3, 75.2125, 30.7471, 0.360, 1.399, 0.004

1, 13, 27, 3, 75.2125, 30.7471, 0.190, 1.374, 0.004

0, 13, 26, 4, 75.2125, 30.7471, 0.360, 1.396, 0.004

1, 13, 27, 4, 75.2125, 30.7471, 0.190, 1.376, 0.004

0, 13, 26, 0, 75.2125, 30.9971, 0.360, 1.414, 0.004

1, 13, 27, 0, 75.2125, 30.9971, 0.190, 1.367, 0.004

0, 13, 26, 1, 75.2125, 30.9971, 0.370, 1.398, 0.004

1, 13, 27, 1, 75.2125, 30.9971, 0.190, 1.370, 0.004

0, 13, 26, 2, 75.2125, 30.9971, 0.350, 1.395, 0.004

1, 13, 27, 2, 75.2125, 30.9971, 0.190, 1.372, 0.004

0, 13, 26, 3, 75.2125, 30.9971, 0.370, 1.398, 0.004

1, 13, 27, 3, 75.2125, 30.9971, 0.190, 1.377, 0.004

0, 13, 26, 4, 75.2125, 30.9971, 0.360, 1.394, 0.004

1, 13, 27, 4, 75.2125, 30.9971, 0.190, 1.377, 0.004

0, 13, 26, 0, 75.2125, 31.2471, 0.370, 1.392, 0.004

1, 13, 27, 0, 75.2125, 31.2471, 0.190, 1.366, 0.004

0, 13, 26, 1, 75.2125, 31.2471, 0.350, 1.384, 0.004

1, 13, 27, 1, 75.2125, 31.2471, 0.190, 1.364, 0.004

0, 13, 26, 2, 75.2125, 31.2471, 0.360, 1.390, 0.004

1, 13, 27, 2, 75.2125, 31.2471, 0.190, 1.375, 0.004

0, 13, 26, 3, 75.2125, 31.2471, 0.360, 1.392, 0.004

1, 13, 27, 3, 75.2125, 31.2471, 0.190, 1.378, 0.004

0, 13, 26, 4, 75.2125, 31.2471, 0.370, 1.397, 0.004

1, 13, 27, 4, 75.2125, 31.2471, 0.190, 1.374, 0.004

0, 13, 26, 0, 75.2125, 31.4971, 0.360, 1.394, 0.004

1, 13, 27, 0, 75.2125, 31.4971, 0.190, 1.378, 0.004

0, 13, 26, 1, 75.2125, 31.4971, 0.360, 1.386, 0.004

1, 13, 27, 1, 75.2125, 31.4971, 0.190, 1.377, 0.004

0, 13, 26, 2, 75.2125, 31.4971, 0.360, 1.406, 0.004

1, 13, 27, 2, 75.2125, 31.4971, 0.190, 1.375, 0.004

0, 13, 26, 3, 75.2125, 31.4971, 0.370, 1.393, 0.004

1, 13, 27, 3, 75.2125, 31.4971, 0.190, 1.377, 0.004

0, 13, 26, 4, 75.2125, 31.4971, 0.360, 1.401, 0.004

1, 13, 27, 4, 75.2125, 31.4971, 0.190, 1.375, 0.004

0, 13, 26, 0, 75.2125, 31.7471, 0.360, 1.390, 0.004

1, 13, 27, 0, 75.2125, 31.7471, 0.190, 1.376, 0.004

0, 13, 26, 1, 75.2125, 31.7471, 0.360, 1.394, 0.004

1, 13, 27, 1, 75.2125, 31.7471, 0.190, 1.380, 0.004

0, 13, 26, 2, 75.2125, 31.7471, 0.350, 1.393, 0.004

1, 13, 27, 2, 75.2125, 31.7471, 0.190, 1.375, 0.004

0, 13, 26, 3, 75.2125, 31.7471, 0.360, 1.383, 0.004

1, 13, 27, 3, 75.2125, 31.7471, 0.190, 1.377, 0.004

0, 13, 26, 4, 75.2125, 31.7471, 0.370, 1.395, 0.004

1, 13, 27, 4, 75.2125, 31.7471, 0.190, 1.372, 0.004

0, 13, 26, 0, 75.2125, 31.9971, 0.360, 1.394, 0.004

1, 13, 27, 0, 75.2125, 31.9971, 0.190, 1.369, 0.004

0, 13, 26, 1, 75.2125, 31.9971, 0.370, 1.388, 0.004

1, 13, 27, 1, 75.2125, 31.9971, 0.190, 1.381, 0.004

0, 13, 26, 2, 75.2125, 31.9971, 0.360, 1.363, 0.004

1, 13, 27, 2, 75.2125, 31.9971, 0.190, 1.385, 0.004

0, 13, 26, 3, 75.2125, 31.9971, 0.360, 1.397, 0.004

1, 13, 27, 3, 75.2125, 31.9971, 0.190, 1.373, 0.004

0, 13, 26, 4, 75.2125, 31.9971, 0.350, 1.403, 0.004

1, 13, 27, 4, 75.2125, 31.9971, 0.190, 1.380, 0.004

0, 13, 26, 0, 75.2125, 32.2471, 0.360, 1.385, 0.004

1, 13, 27, 0, 75.2125, 32.2471, 0.190, 1.380, 0.004

0, 13, 26, 1, 75.2125, 32.2471, 0.370, 1.399, 0.004

1, 13, 27, 1, 75.2125, 32.2471, 0.190, 1.383, 0.004

0, 13, 26, 2, 75.2125, 32.2471, 0.350, 1.384, 0.004

1, 13, 27, 2, 75.2125, 32.2471, 0.190, 1.379, 0.004

0, 13, 26, 3, 75.2125, 32.2471, 0.370, 1.392, 0.004

1, 13, 27, 3, 75.2125, 32.2471, 0.190, 1.368, 0.004

0, 13, 26, 4, 75.2125, 32.2471, 0.360, 1.393, 0.004

1, 13, 27, 4, 75.2125, 32.2471, 0.190, 1.377, 0.004

0, 13, 26, 0, 75.2125, 32.4971, 0.360, 1.392, 0.004

1, 13, 27, 0, 75.2125, 32.4971, 0.190, 1.376, 0.004

0, 13, 26, 1, 75.2125, 32.4971, 0.360, 1.396, 0.004

1, 13, 27, 1, 75.2125, 32.4971, 0.190, 1.381, 0.004

0, 13, 26, 2, 75.2125, 32.4971, 0.360, 1.397, 0.004

1, 13, 27, 2, 75.2125, 32.4971, 0.190, 1.377, 0.004

0, 13, 26, 3, 75.2125, 32.4971, 0.360, 1.395, 0.004

1, 13, 27, 3, 75.2125, 32.4971, 0.190, 1.368, 0.004

0, 13, 26, 4, 75.2125, 32.4971, 0.350, 1.386, 0.004

1, 13, 27, 4, 75.2125, 32.4971, 0.190, 1.379, 0.004

0, 13, 26, 0, 75.2125, 32.7471, 0.350, 1.395, 0.004

1, 13, 27, 0, 75.2125, 32.7471, 0.190, 1.376, 0.004

0, 13, 26, 1, 75.2125, 32.7471, 0.360, 1.393, 0.004

1, 13, 27, 1, 75.2125, 32.7471, 0.190, 1.386, 0.004

0, 13, 26, 2, 75.2125, 32.7471, 0.370, 1.396, 0.004

1, 13, 27, 2, 75.2125, 32.7471, 0.190, 1.376, 0.004

0, 13, 26, 3, 75.2125, 32.7471, 0.360, 1.388, 0.004

1, 13, 27, 3, 75.2125, 32.7471, 0.190, 1.379, 0.004

0, 13, 26, 4, 75.2125, 32.7471, 0.360, 1.378, 0.004

1, 13, 27, 4, 75.2125, 32.7471, 0.180, 1.372, 0.004

0, 13, 26, 0, 75.2125, 32.9971, 0.360, 1.391, 0.004

1, 13, 27, 0, 75.2125, 32.9971, 0.190, 1.373, 0.004

0, 13, 26, 1, 75.2125, 32.9971, 0.360, 1.393, 0.004

1, 13, 27, 1, 75.2125, 32.9971, 0.190, 1.370, 0.004

0, 13, 26, 2, 75.2125, 32.9971, 0.360, 1.395, 0.004

1, 13, 27, 2, 75.2125, 32.9971, 0.190, 1.376, 0.004

0, 13, 26, 3, 75.2125, 32.9971, 0.350, 1.400, 0.004

1, 13, 27, 3, 75.2125, 32.9971, 0.190, 1.376, 0.004

0, 13, 26, 4, 75.2125, 32.9971, 0.360, 1.398, 0.004

1, 13, 27, 4, 75.2125, 32.9971, 0.190, 1.373, 0.004

0, 13, 26, 0, 75.2125, 33.2471, 0.360, 1.388, 0.004

1, 13, 27, 0, 75.2125, 33.2471, 0.190, 1.379, 0.004

0, 13, 26, 1, 75.2125, 33.2471, 0.350, 1.388, 0.004

1, 13, 27, 1, 75.2125, 33.2471, 0.190, 1.377, 0.004

0, 13, 26, 2, 75.2125, 33.2471, 0.360, 1.394, 0.004

1, 13, 27, 2, 75.2125, 33.2471, 0.190, 1.386, 0.004

0, 13, 26, 3, 75.2125, 33.2471, 0.360, 1.387, 0.004

1, 13, 27, 3, 75.2125, 33.2471, 0.190, 1.378, 0.004

0, 13, 26, 4, 75.2125, 33.2471, 0.360, 1.396, 0.004

1, 13, 27, 4, 75.2125, 33.2471, 0.190, 1.370, 0.004

0, 13, 26, 0, 75.2125, 33.4971, 0.360, 1.392, 0.004

1, 13, 27, 0, 75.2125, 33.4971, 0.190, 1.376, 0.004

0, 13, 26, 1, 75.2125, 33.4971, 0.360, 1.403, 0.004

1, 13, 27, 1, 75.2125, 33.4971, 0.190, 1.378, 0.004

0, 13, 26, 2, 75.2125, 33.4971, 0.360, 1.380, 0.004

1, 13, 27, 2, 75.2125, 33.4971, 0.190, 1.370, 0.004

0, 13, 26, 3, 75.2125, 33.4971, 0.360, 1.395, 0.004

1, 13, 27, 3, 75.2125, 33.4971, 0.190, 1.378, 0.004

0, 13, 26, 4, 75.2125, 33.4971, 0.350, 1.394, 0.004

1, 13, 27, 4, 75.2125, 33.4971, 0.190, 1.378, 0.004

0, 13, 26, 0, 75.2125, 33.7471, 0.350, 1.386, 0.004

1, 13, 27, 0, 75.2125, 33.7471, 0.190, 1.375, 0.004

0, 13, 26, 1, 75.2125, 33.7471, 0.360, 1.397, 0.004

1, 13, 27, 1, 75.2125, 33.7471, 0.190, 1.376, 0.004

0, 13, 26, 2, 75.2125, 33.7471, 0.350, 1.397, 0.004

1, 13, 27, 2, 75.2125, 33.7471, 0.190, 1.380, 0.004

0, 13, 26, 3, 75.2125, 33.7471, 0.360, 1.389, 0.004

1, 13, 27, 3, 75.2125, 33.7471, 0.190, 1.382, 0.004

0, 13, 26, 4, 75.2125, 33.7471, 0.360, 1.381, 0.004

1, 13, 27, 4, 75.2125, 33.7471, 0.190, 1.370, 0.004

0, 13, 26, 0, 75.2125, 33.9971, 0.360, 1.367, 0.004

1, 13, 27, 0, 75.2125, 33.9971, 0.190, 1.375, 0.004

0, 13, 26, 1, 75.2125, 33.9971, 0.360, 1.384, 0.004

1, 13, 27, 1, 75.2125, 33.9971, 0.190, 1.376, 0.004

0, 13, 26, 2, 75.2125, 33.9971, 0.370, 1.398, 0.004

1, 13, 27, 2, 75.2125, 33.9971, 0.190, 1.379, 0.004

0, 13, 26, 3, 75.2125, 33.9971, 0.360, 1.396, 0.004

1, 13, 27, 3, 75.2125, 33.9971, 0.190, 1.378, 0.004

0, 13, 26, 4, 75.2125, 33.9971, 0.350, 1.375, 0.004

1, 13, 27, 4, 75.2125, 33.9971, 0.190, 1.377, 0.004

0, 13, 26, 0, 75.2125, 34.2471, 0.370, 1.389, 0.004

1, 13, 27, 0, 75.2125, 34.2471, 0.190, 1.374, 0.004

0, 13, 26, 1, 75.2125, 34.2471, 0.360, 1.390, 0.004

1, 13, 27, 1, 75.2125, 34.2471, 0.190, 1.377, 0.004

0, 13, 26, 2, 75.2125, 34.2471, 0.360, 1.396, 0.004

1, 13, 27, 2, 75.2125, 34.2471, 0.190, 1.373, 0.004

0, 13, 26, 3, 75.2125, 34.2471, 0.360, 1.391, 0.004

1, 13, 27, 3, 75.2125, 34.2471, 0.190, 1.379, 0.004

0, 13, 26, 4, 75.2125, 34.2471, 0.360, 1.388, 0.004

1, 13, 27, 4, 75.2125, 34.2471, 0.190, 1.370, 0.004

0, 13, 26, 0, 75.2125, 34.4971, 0.360, 1.392, 0.004

1, 13, 27, 0, 75.2125, 34.4971, 0.190, 1.366, 0.004

0, 13, 26, 1, 75.2125, 34.4971, 0.360, 1.390, 0.004

1, 13, 27, 1, 75.2125, 34.4971, 0.190, 1.376, 0.004

0, 13, 26, 2, 75.2125, 34.4971, 0.370, 1.389, 0.004

1, 13, 27, 2, 75.2125, 34.4971, 0.190, 1.381, 0.004

0, 13, 26, 3, 75.2125, 34.4971, 0.370, 1.384, 0.004

1, 13, 27, 3, 75.2125, 34.4971, 0.190, 1.374, 0.004

0, 13, 26, 4, 75.2125, 34.4971, 0.360, 1.397, 0.004

1, 13, 27, 4, 75.2125, 34.4971, 0.200, 1.378, 0.004

0, 13, 26, 0, 75.2125, 34.7471, 0.360, 1.393, 0.004

1, 13, 27, 0, 75.2125, 34.7471, 0.190, 1.373, 0.004

0, 13, 26, 1, 75.2125, 34.7471, 0.370, 1.395, 0.004

1, 13, 27, 1, 75.2125, 34.7471, 0.190, 1.381, 0.004

0, 13, 26, 2, 75.2125, 34.7471, 0.360, 1.393, 0.004

1, 13, 27, 2, 75.2125, 34.7471, 0.190, 1.372, 0.004

0, 13, 26, 3, 75.2125, 34.7471, 0.360, 1.398, 0.004

1, 13, 27, 3, 75.2125, 34.7471, 0.190, 1.376, 0.004

0, 13, 26, 4, 75.2125, 34.7471, 0.360, 1.391, 0.004

1, 13, 27, 4, 75.2125, 34.7471, 0.190, 1.375, 0.004

0, 13, 26, 0, 75.2125, 34.9971, 0.360, 1.396, 0.004

1, 13, 27, 0, 75.2125, 34.9971, 0.190, 1.377, 0.004

0, 13, 26, 1, 75.2125, 34.9971, 0.350, 1.396, 0.004

1, 13, 27, 1, 75.2125, 34.9971, 0.190, 1.380, 0.004

0, 13, 26, 2, 75.2125, 34.9971, 0.350, 1.394, 0.004

1, 13, 27, 2, 75.2125, 34.9971, 0.190, 1.382, 0.004

0, 13, 26, 3, 75.2125, 34.9971, 0.360, 1.390, 0.004

1, 13, 27, 3, 75.2125, 34.9971, 0.190, 1.372, 0.004

0, 13, 26, 4, 75.2125, 34.9971, 0.360, 1.399, 0.004

1, 13, 27, 4, 75.2125, 34.9971, 0.190, 1.380, 0.004

0, 13, 26, 0, 75.2125, 35.2471, 0.360, 1.393, 0.004

1, 13, 27, 0, 75.2125, 35.2471, 0.190, 1.377, 0.004

0, 13, 26, 1, 75.2125, 35.2471, 0.370, 1.393, 0.004

1, 13, 27, 1, 75.2125, 35.2471, 0.190, 1.382, 0.004

0, 13, 26, 2, 75.2125, 35.2471, 0.350, 1.387, 0.004

1, 13, 27, 2, 75.2125, 35.2471, 0.190, 1.377, 0.004

0, 13, 26, 3, 75.2125, 35.2471, 0.360, 1.386, 0.004

1, 13, 27, 3, 75.2125, 35.2471, 0.190, 1.376, 0.004

0, 13, 26, 4, 75.2125, 35.2471, 0.360, 1.384, 0.004

1, 13, 27, 4, 75.2125, 35.2471, 0.190, 1.377, 0.004

0, 13, 26, 0, 75.2125, 35.4971, 0.350, 1.397, 0.004

1, 13, 27, 0, 75.2125, 35.4971, 0.190, 1.370, 0.004

0, 13, 26, 1, 75.2125, 35.4971, 0.350, 1.395, 0.004

1, 13, 27, 1, 75.2125, 35.4971, 0.190, 1.384, 0.004

0, 13, 26, 2, 75.2125, 35.4971, 0.350, 1.386, 0.004

1, 13, 27, 2, 75.2125, 35.4971, 0.190, 1.371, 0.004

0, 13, 26, 3, 75.2125, 35.4971, 0.360, 1.389, 0.004

1, 13, 27, 3, 75.2125, 35.4971, 0.190, 1.379, 0.004

0, 13, 26, 4, 75.2125, 35.4971, 0.360, 1.392, 0.004

1, 13, 27, 4, 75.2125, 35.4971, 0.190, 1.380, 0.004

0, 13, 26, 0, 75.2125, 35.7471, 0.360, 1.399, 0.004

1, 13, 27, 0, 75.2125, 35.7471, 0.190, 1.378, 0.004

0, 13, 26, 1, 75.2125, 35.7471, 0.360, 1.391, 0.004

1, 13, 27, 1, 75.2125, 35.7471, 0.190, 1.377, 0.004

0, 13, 26, 2, 75.2125, 35.7471, 0.350, 1.398, 0.004

1, 13, 27, 2, 75.2125, 35.7471, 0.190, 1.372, 0.004

0, 13, 26, 3, 75.2125, 35.7471, 0.360, 1.391, 0.004

1, 13, 27, 3, 75.2125, 35.7471, 0.190, 1.379, 0.004

0, 13, 26, 4, 75.2125, 35.7471, 0.370, 1.391, 0.004

1, 13, 27, 4, 75.2125, 35.7471, 0.190, 1.385, 0.004

0, 13, 26, 0, 75.2125, 35.9971, 0.360, 1.396, 0.004

1, 13, 27, 0, 75.2125, 35.9971, 0.190, 1.374, 0.004

0, 13, 26, 1, 75.2125, 35.9971, 0.350, 1.397, 0.004

1, 13, 27, 1, 75.2125, 35.9971, 0.190, 1.381, 0.004

0, 13, 26, 2, 75.2125, 35.9971, 0.360, 1.392, 0.004

1, 13, 27, 2, 75.2125, 35.9971, 0.190, 1.378, 0.004

0, 13, 26, 3, 75.2125, 35.9971, 0.360, 1.393, 0.004

1, 13, 27, 3, 75.2125, 35.9971, 0.190, 1.378, 0.004

0, 13, 26, 4, 75.2125, 35.9971, 0.360, 1.401, 0.004

1, 13, 27, 4, 75.2125, 35.9971, 0.190, 1.369, 0.004

0, 13, 26, 0, 75.2125, 36.2471, 0.360, 1.397, 0.004

1, 13, 27, 0, 75.2125, 36.2471, 0.190, 1.378, 0.004

0, 13, 26, 1, 75.2125, 36.2471, 0.340, 1.400, 0.004

1, 13, 27, 1, 75.2125, 36.2471, 0.190, 1.375, 0.004

0, 13, 26, 2, 75.2125, 36.2471, 0.370, 1.383, 0.004

1, 13, 27, 2, 75.2125, 36.2471, 0.200, 1.371, 0.004

0, 13, 26, 3, 75.2125, 36.2471, 0.370, 1.390, 0.004

1, 13, 27, 3, 75.2125, 36.2471, 0.200, 1.376, 0.004

0, 13, 26, 4, 75.2125, 36.2471, 0.370, 1.392, 0.004

1, 13, 27, 4, 75.2125, 36.2471, 0.190, 1.374, 0.004

0, 13, 26, 0, 75.2125, 36.4971, 0.350, 1.402, 0.004

1, 13, 27, 0, 75.2125, 36.4971, 0.190, 1.379, 0.004

0, 13, 26, 1, 75.2125, 36.4971, 0.350, 1.392, 0.004

1, 13, 27, 1, 75.2125, 36.4971, 0.190, 1.384, 0.004

0, 13, 26, 2, 75.2125, 36.4971, 0.370, 1.381, 0.004

1, 13, 27, 2, 75.2125, 36.4971, 0.190, 1.380, 0.004

0, 13, 26, 3, 75.2125, 36.4971, 0.360, 1.397, 0.004

1, 13, 27, 3, 75.2125, 36.4971, 0.190, 1.374, 0.004

0, 13, 26, 4, 75.2125, 36.4971, 0.360, 1.398, 0.004

1, 13, 27, 4, 75.2125, 36.4971, 0.190, 1.381, 0.004

0, 13, 26, 0, 75.2125, 36.7471, 0.360, 1.400, 0.004

1, 13, 27, 0, 75.2125, 36.7471, 0.190, 1.376, 0.004

0, 13, 26, 1, 75.2125, 36.7471, 0.360, 1.390, 0.004

1, 13, 27, 1, 75.2125, 36.7471, 0.190, 1.376, 0.004

0, 13, 26, 2, 75.2125, 36.7471, 0.360, 1.397, 0.004

1, 13, 27, 2, 75.2125, 36.7471, 0.190, 1.375, 0.004

0, 13, 26, 3, 75.2125, 36.7471, 0.350, 1.391, 0.004

1, 13, 27, 3, 75.2125, 36.7471, 0.190, 1.377, 0.004

0, 13, 26, 4, 75.2125, 36.7471, 0.360, 1.394, 0.004

1, 13, 27, 4, 75.2125, 36.7471, 0.190, 1.377, 0.004

0, 13, 26, 0, 75.2125, 36.9971, 0.360, 1.390, 0.004

1, 13, 27, 0, 75.2125, 36.9971, 0.190, 1.382, 0.004

0, 13, 26, 1, 75.2125, 36.9971, 0.360, 1.390, 0.004

1, 13, 27, 1, 75.2125, 36.9971, 0.190, 1.378, 0.004

0, 13, 26, 2, 75.2125, 36.9971, 0.360, 1.397, 0.004

1, 13, 27, 2, 75.2125, 36.9971, 0.190, 1.378, 0.004

0, 13, 26, 3, 75.2125, 36.9971, 0.360, 1.384, 0.004

1, 13, 27, 3, 75.2125, 36.9971, 0.190, 1.379, 0.004

0, 13, 26, 4, 75.2125, 36.9971, 0.350, 1.384, 0.004

1, 13, 27, 4, 75.2125, 36.9971, 0.190, 1.383, 0.004

0, 13, 26, 0, 75.2125, 37.2471, 0.350, 1.401, 0.004

1, 13, 27, 0, 75.2125, 37.2471, 0.190, 1.374, 0.004

0, 13, 26, 1, 75.2125, 37.2471, 0.360, 1.393, 0.004

1, 13, 27, 1, 75.2125, 37.2471, 0.190, 1.380, 0.004

0, 13, 26, 2, 75.2125, 37.2471, 0.370, 1.402, 0.004

1, 13, 27, 2, 75.2125, 37.2471, 0.190, 1.377, 0.004

0, 13, 26, 3, 75.2125, 37.2471, 0.350, 1.395, 0.004

1, 13, 27, 3, 75.2125, 37.2471, 0.190, 1.381, 0.004

0, 13, 26, 4, 75.2125, 37.2471, 0.360, 1.395, 0.004

1, 13, 27, 4, 75.2125, 37.2471, 0.190, 1.373, 0.004

0, 13, 26, 0, 75.2125, 37.4971, 0.370, 1.404, 0.004

1, 13, 27, 0, 75.2125, 37.4971, 0.190, 1.375, 0.004

0, 13, 26, 1, 75.2125, 37.4971, 0.350, 1.403, 0.004

1, 13, 27, 1, 75.2125, 37.4971, 0.190, 1.366, 0.004

0, 13, 26, 2, 75.2125, 37.4971, 0.370, 1.394, 0.004

1, 13, 27, 2, 75.2125, 37.4971, 0.190, 1.383, 0.004

0, 13, 26, 3, 75.2125, 37.4971, 0.360, 1.386, 0.004

1, 13, 27, 3, 75.2125, 37.4971, 0.190, 1.378, 0.004

0, 13, 26, 4, 75.2125, 37.4971, 0.360, 1.394, 0.004

1, 13, 27, 4, 75.2125, 37.4971, 0.190, 1.380, 0.004

0, 13, 26, 0, 75.2125, 37.7471, 0.350, 1.393, 0.004

1, 13, 27, 0, 75.2125, 37.7471, 0.190, 1.379, 0.004

0, 13, 26, 1, 75.2125, 37.7471, 0.350, 1.401, 0.004

1, 13, 27, 1, 75.2125, 37.7471, 0.190, 1.373, 0.004

0, 13, 26, 2, 75.2125, 37.7471, 0.370, 1.394, 0.004

1, 13, 27, 2, 75.2125, 37.7471, 0.190, 1.381, 0.004

0, 13, 26, 3, 75.2125, 37.7471, 0.360, 1.390, 0.004

1, 13, 27, 3, 75.2125, 37.7471, 0.190, 1.386, 0.004

0, 13, 26, 4, 75.2125, 37.7471, 0.370, 1.391, 0.004

1, 13, 27, 4, 75.2125, 37.7471, 0.190, 1.375, 0.004

0, 13, 26, 0, 75.2125, 37.9971, 0.370, 1.377, 0.004

1, 13, 27, 0, 75.2125, 37.9971, 0.190, 1.367, 0.004

0, 13, 26, 1, 75.2125, 37.9971, 0.360, 1.391, 0.004

1, 13, 27, 1, 75.2125, 37.9971, 0.190, 1.374, 0.004

0, 13, 26, 2, 75.2125, 37.9971, 0.360, 1.392, 0.004

1, 13, 27, 2, 75.2125, 37.9971, 0.190, 1.384, 0.004

0, 13, 26, 3, 75.2125, 37.9971, 0.350, 1.394, 0.004

1, 13, 27, 3, 75.2125, 37.9971, 0.190, 1.382, 0.004

0, 13, 26, 4, 75.2125, 37.9971, 0.360, 1.397, 0.004

1, 13, 27, 4, 75.2125, 37.9971, 0.190, 1.374, 0.004

0, 13, 26, 0, 75.2125, 38.2471, 0.360, 1.394, 0.004

1, 13, 27, 0, 75.2125, 38.2471, 0.190, 1.381, 0.004

0, 13, 26, 1, 75.2125, 38.2471, 0.360, 1.389, 0.004

1, 13, 27, 1, 75.2125, 38.2471, 0.190, 1.387, 0.004

0, 13, 26, 2, 75.2125, 38.2471, 0.360, 1.390, 0.004

1, 13, 27, 2, 75.2125, 38.2471, 0.190, 1.381, 0.004

0, 13, 26, 3, 75.2125, 38.2471, 0.360, 1.376, 0.004

1, 13, 27, 3, 75.2125, 38.2471, 0.190, 1.363, 0.004

0, 13, 26, 4, 75.2125, 38.2471, 0.360, 1.393, 0.004

1, 13, 27, 4, 75.2125, 38.2471, 0.190, 1.375, 0.004

0, 13, 26, 0, 75.2125, 38.4971, 0.370, 1.390, 0.004

1, 13, 27, 0, 75.2125, 38.4971, 0.190, 1.374, 0.004

0, 13, 26, 1, 75.2125, 38.4971, 0.360, 1.398, 0.004

1, 13, 27, 1, 75.2125, 38.4971, 0.190, 1.377, 0.004

0, 13, 26, 2, 75.2125, 38.4971, 0.360, 1.393, 0.004

1, 13, 27, 2, 75.2125, 38.4971, 0.190, 1.379, 0.004

0, 13, 26, 3, 75.2125, 38.4971, 0.360, 1.399, 0.004

1, 13, 27, 3, 75.2125, 38.4971, 0.190, 1.368, 0.004

0, 13, 26, 4, 75.2125, 38.4971, 0.350, 1.397, 0.004

1, 13, 27, 4, 75.2125, 38.4971, 0.190, 1.381, 0.004

0, 13, 26, 0, 75.2125, 38.7471, 0.360, 1.396, 0.004

1, 13, 27, 0, 75.2125, 38.7471, 0.190, 1.377, 0.004

0, 13, 26, 1, 75.2125, 38.7471, 0.360, 1.396, 0.004

1, 13, 27, 1, 75.2125, 38.7471, 0.190, 1.381, 0.004

0, 13, 26, 2, 75.2125, 38.7471, 0.360, 1.402, 0.004

1, 13, 27, 2, 75.2125, 38.7471, 0.190, 1.380, 0.004

0, 13, 26, 3, 75.2125, 38.7471, 0.360, 1.395, 0.004

1, 13, 27, 3, 75.2125, 38.7471, 0.190, 1.373, 0.004

0, 13, 26, 4, 75.2125, 38.7471, 0.350, 1.395, 0.004

1, 13, 27, 4, 75.2125, 38.7471, 0.190, 1.372, 0.004

0, 13, 26, 0, 75.2125, 38.9971, 0.360, 1.393, 0.004

1, 13, 27, 0, 75.2125, 38.9971, 0.190, 1.380, 0.004

0, 13, 26, 1, 75.2125, 38.9971, 0.360, 1.398, 0.004

1, 13, 27, 1, 75.2125, 38.9971, 0.190, 1.377, 0.004

0, 13, 26, 2, 75.2125, 38.9971, 0.360, 1.402, 0.004

1, 13, 27, 2, 75.2125, 38.9971, 0.190, 1.377, 0.004

0, 13, 26, 3, 75.2125, 38.9971, 0.360, 1.385, 0.004

1, 13, 27, 3, 75.2125, 38.9971, 0.190, 1.383, 0.004

0, 13, 26, 4, 75.2125, 38.9971, 0.360, 1.395, 0.004

1, 13, 27, 4, 75.2125, 38.9971, 0.190, 1.381, 0.004

0, 13, 26, 0, 75.2125, 39.2471, 0.360, 1.399, 0.004

1, 13, 27, 0, 75.2125, 39.2471, 0.190, 1.379, 0.004

0, 13, 26, 1, 75.2125, 39.2471, 0.360, 1.398, 0.004

1, 13, 27, 1, 75.2125, 39.2471, 0.190, 1.375, 0.004

0, 13, 26, 2, 75.2125, 39.2471, 0.360, 1.392, 0.004

1, 13, 27, 2, 75.2125, 39.2471, 0.190, 1.382, 0.004

0, 13, 26, 3, 75.2125, 39.2471, 0.360, 1.372, 0.004

1, 13, 27, 3, 75.2125, 39.2471, 0.190, 1.377, 0.004

0, 13, 26, 4, 75.2125, 39.2471, 0.370, 1.399, 0.004

1, 13, 27, 4, 75.2125, 39.2471, 0.190, 1.373, 0.004

0, 13, 26, 0, 75.2125, 39.4971, 0.360, 1.390, 0.004

1, 13, 27, 0, 75.2125, 39.4971, 0.190, 1.381, 0.004

0, 13, 26, 1, 75.2125, 39.4971, 0.360, 1.394, 0.004

1, 13, 27, 1, 75.2125, 39.4971, 0.190, 1.383, 0.004

0, 13, 26, 2, 75.2125, 39.4971, 0.360, 1.395, 0.004

1, 13, 27, 2, 75.2125, 39.4971, 0.190, 1.377, 0.004

0, 13, 26, 3, 75.2125, 39.4971, 0.350, 1.399, 0.004

1, 13, 27, 3, 75.2125, 39.4971, 0.190, 1.371, 0.004

0, 13, 26, 4, 75.2125, 39.4971, 0.360, 1.390, 0.004

1, 13, 27, 4, 75.2125, 39.4971, 0.190, 1.372, 0.004

0, 13, 26, 0, 75.2125, 39.7471, 0.360, 1.391, 0.004

1, 13, 27, 0, 75.2125, 39.7471, 0.190, 1.385, 0.004

0, 13, 26, 1, 75.2125, 39.7471, 0.360, 1.395, 0.004

1, 13, 27, 1, 75.2125, 39.7471, 0.190, 1.365, 0.004

0, 13, 26, 2, 75.2125, 39.7471, 0.360, 1.388, 0.004

1, 13, 27, 2, 75.2125, 39.7471, 0.190, 1.375, 0.004

0, 13, 26, 3, 75.2125, 39.7471, 0.360, 1.387, 0.004

1, 13, 27, 3, 75.2125, 39.7471, 0.190, 1.370, 0.004

0, 13, 26, 4, 75.2125, 39.7471, 0.350, 1.395, 0.004

1, 13, 27, 4, 75.2125, 39.7471, 0.190, 1.374, 0.004

0, 13, 26, 0, 75.2125, 39.9971, 0.370, 1.388, 0.004

1, 13, 27, 0, 75.2125, 39.9971, 0.190, 1.378, 0.004

0, 13, 26, 1, 75.2125, 39.9971, 0.360, 1.396, 0.004

1, 13, 27, 1, 75.2125, 39.9971, 0.190, 1.377, 0.004

0, 13, 26, 2, 75.2125, 39.9971, 0.360, 1.394, 0.004

1, 13, 27, 2, 75.2125, 39.9971, 0.190, 1.379, 0.004

0, 13, 26, 3, 75.2125, 39.9971, 0.360, 1.400, 0.004

1, 13, 27, 3, 75.2125, 39.9971, 0.190, 1.377, 0.004

0, 13, 26, 4, 75.2125, 39.9971, 0.360, 1.400, 0.004

1, 13, 27, 4, 75.2125, 39.9971, 0.190, 1.371, 0.004

0, 13, 26, 0, 75.2125, 40.2471, 0.350, 1.390, 0.004

1, 13, 27, 0, 75.2125, 40.2471, 0.190, 1.376, 0.004

0, 13, 26, 1, 75.2125, 40.2471, 0.360, 1.389, 0.004

1, 13, 27, 1, 75.2125, 40.2471, 0.180, 1.375, 0.004

0, 13, 26, 2, 75.2125, 40.2471, 0.360, 1.386, 0.004

1, 13, 27, 2, 75.2125, 40.2471, 0.190, 1.378, 0.004

0, 13, 26, 3, 75.2125, 40.2471, 0.360, 1.392, 0.004

1, 13, 27, 3, 75.2125, 40.2471, 0.190, 1.385, 0.004

0, 13, 26, 4, 75.2125, 40.2471, 0.350, 1.400, 0.004

1, 13, 27, 4, 75.2125, 40.2471, 0.190, 1.378, 0.004

0, 13, 26, 0, 75.2125, 40.4971, 0.350, 1.397, 0.004

1, 13, 27, 0, 75.2125, 40.4971, 0.190, 1.369, 0.004

0, 13, 26, 1, 75.2125, 40.4971, 0.360, 1.400, 0.004

1, 13, 27, 1, 75.2125, 40.4971, 0.190, 1.381, 0.004

0, 13, 26, 2, 75.2125, 40.4971, 0.360, 1.379, 0.004

1, 13, 27, 2, 75.2125, 40.4971, 0.180, 1.372, 0.004

0, 13, 26, 3, 75.2125, 40.4971, 0.360, 1.394, 0.004

1, 13, 27, 3, 75.2125, 40.4971, 0.190, 1.378, 0.004

0, 13, 26, 4, 75.2125, 40.4971, 0.350, 1.394, 0.004

1, 13, 27, 4, 75.2125, 40.4971, 0.190, 1.373, 0.004

0, 13, 26, 0, 75.2125, 40.7471, 0.360, 1.395, 0.004

1, 13, 27, 0, 75.2125, 40.7471, 0.190, 1.375, 0.004

0, 13, 26, 1, 75.2125, 40.7471, 0.350, 1.386, 0.004

1, 13, 27, 1, 75.2125, 40.7471, 0.190, 1.378, 0.004

0, 13, 26, 2, 75.2125, 40.7471, 0.360, 1.387, 0.004

1, 13, 27, 2, 75.2125, 40.7471, 0.190, 1.377, 0.004

0, 13, 26, 3, 75.2125, 40.7471, 0.360, 1.391, 0.004

1, 13, 27, 3, 75.2125, 40.7471, 0.190, 1.368, 0.004

0, 13, 26, 4, 75.2125, 40.7471, 0.350, 1.366, 0.004

1, 13, 27, 4, 75.2125, 40.7471, 0.190, 1.383, 0.004

0, 13, 26, 0, 75.2125, 40.9971, 0.350, 1.395, 0.004

1, 13, 27, 0, 75.2125, 40.9971, 0.190, 1.375, 0.004

0, 13, 26, 1, 75.2125, 40.9971, 0.350, 1.391, 0.004

1, 13, 27, 1, 75.2125, 40.9971, 0.190, 1.380, 0.004

0, 13, 26, 2, 75.2125, 40.9971, 0.360, 1.387, 0.004

1, 13, 27, 2, 75.2125, 40.9971, 0.190, 1.369, 0.004

0, 13, 26, 3, 75.2125, 40.9971, 0.350, 1.388, 0.004

1, 13, 27, 3, 75.2125, 40.9971, 0.190, 1.381, 0.004

0, 13, 26, 4, 75.2125, 40.9971, 0.350, 1.395, 0.004

1, 13, 27, 4, 75.2125, 40.9971, 0.190, 1.381, 0.004

0, 13, 26, 0, 75.2125, 41.2471, 0.350, 1.391, 0.004

1, 13, 27, 0, 75.2125, 41.2471, 0.190, 1.374, 0.004

0, 13, 26, 1, 75.2125, 41.2471, 0.360, 1.389, 0.004

1, 13, 27, 1, 75.2125, 41.2471, 0.190, 1.376, 0.004

0, 13, 26, 2, 75.2125, 41.2471, 0.360, 1.390, 0.004

1, 13, 27, 2, 75.2125, 41.2471, 0.190, 1.374, 0.004

0, 13, 26, 3, 75.2125, 41.2471, 0.360, 1.395, 0.004

1, 13, 27, 3, 75.2125, 41.2471, 0.190, 1.382, 0.004

0, 13, 26, 4, 75.2125, 41.2471, 0.350, 1.394, 0.004

1, 13, 27, 4, 75.2125, 41.2471, 0.190, 1.368, 0.004

0, 13, 26, 0, 75.2125, 41.4971, 0.360, 1.391, 0.004

1, 13, 27, 0, 75.2125, 41.4971, 0.190, 1.376, 0.004

0, 13, 26, 1, 75.2125, 41.4971, 0.360, 1.391, 0.004

1, 13, 27, 1, 75.2125, 41.4971, 0.190, 1.386, 0.004

0, 13, 26, 2, 75.2125, 41.4971, 0.350, 1.393, 0.004

1, 13, 27, 2, 75.2125, 41.4971, 0.190, 1.379, 0.004

0, 13, 26, 3, 75.2125, 41.4971, 0.370, 1.395, 0.004

1, 13, 27, 3, 75.2125, 41.4971, 0.190, 1.378, 0.004

0, 13, 26, 4, 75.2125, 41.4971, 0.350, 1.389, 0.004

1, 13, 27, 4, 75.2125, 41.4971, 0.190, 1.374, 0.004

0, 13, 26, 0, 75.2125, 41.7471, 0.340, 1.397, 0.004

1, 13, 27, 0, 75.2125, 41.7471, 0.190, 1.377, 0.004

0, 13, 26, 1, 75.2125, 41.7471, 0.370, 1.395, 0.004

1, 13, 27, 1, 75.2125, 41.7471, 0.190, 1.368, 0.004

0, 13, 26, 2, 75.2125, 41.7471, 0.350, 1.388, 0.004

1, 13, 27, 2, 75.2125, 41.7471, 0.190, 1.376, 0.004

0, 13, 26, 3, 75.2125, 41.7471, 0.360, 1.397, 0.004

1, 13, 27, 3, 75.2125, 41.7471, 0.190, 1.379, 0.004

0, 13, 26, 4, 75.2125, 41.7471, 0.360, 1.403, 0.004

1, 13, 27, 4, 75.2125, 41.7471, 0.190, 1.381, 0.004

0, 13, 26, 0, 75.2125, 41.9971, 0.360, 1.393, 0.004

1, 13, 27, 0, 75.2125, 41.9971, 0.190, 1.377, 0.004

0, 13, 26, 1, 75.2125, 41.9971, 0.360, 1.394, 0.004

1, 13, 27, 1, 75.2125, 41.9971, 0.190, 1.376, 0.004

0, 13, 26, 2, 75.2125, 41.9971, 0.360, 1.400, 0.004

1, 13, 27, 2, 75.2125, 41.9971, 0.190, 1.377, 0.004

0, 13, 26, 3, 75.2125, 41.9971, 0.360, 1.385, 0.004

1, 13, 27, 3, 75.2125, 41.9971, 0.190, 1.383, 0.004

0, 13, 26, 4, 75.2125, 41.9971, 0.360, 1.392, 0.004

1, 13, 27, 4, 75.2125, 41.9971, 0.190, 1.369, 0.004

0, 13, 26, 0, 75.2125, 42.2471, 0.360, 1.390, 0.004

1, 13, 27, 0, 75.2125, 42.2471, 0.190, 1.368, 0.004

0, 13, 26, 1, 75.2125, 42.2471, 0.360, 1.391, 0.004

1, 13, 27, 1, 75.2125, 42.2471, 0.190, 1.376, 0.004

0, 13, 26, 2, 75.2125, 42.2471, 0.360, 1.391, 0.004

1, 13, 27, 2, 75.2125, 42.2471, 0.190, 1.382, 0.004

0, 13, 26, 3, 75.2125, 42.2471, 0.360, 1.391, 0.004

1, 13, 27, 3, 75.2125, 42.2471, 0.190, 1.375, 0.004

0, 13, 26, 4, 75.2125, 42.2471, 0.360, 1.388, 0.004

1, 13, 27, 4, 75.2125, 42.2471, 0.190, 1.377, 0.004

0, 13, 26, 0, 75.2125, 42.4971, 0.360, 1.393, 0.004

1, 13, 27, 0, 75.2125, 42.4971, 0.190, 1.377, 0.004

0, 13, 26, 1, 75.2125, 42.4971, 0.360, 1.382, 0.004

1, 13, 27, 1, 75.2125, 42.4971, 0.180, 1.386, 0.004

0, 13, 26, 2, 75.2125, 42.4971, 0.370, 1.397, 0.004

1, 13, 27, 2, 75.2125, 42.4971, 0.190, 1.376, 0.004

0, 13, 26, 3, 75.2125, 42.4971, 0.360, 1.396, 0.004

1, 13, 27, 3, 75.2125, 42.4971, 0.190, 1.379, 0.004

0, 13, 26, 4, 75.2125, 42.4971, 0.360, 1.387, 0.004

1, 13, 27, 4, 75.2125, 42.4971, 0.190, 1.383, 0.004

0, 13, 26, 0, 75.2125, 42.7471, 0.370, 1.395, 0.004

1, 13, 27, 0, 75.2125, 42.7471, 0.190, 1.370, 0.004

0, 13, 26, 1, 75.2125, 42.7471, 0.370, 1.395, 0.004

1, 13, 27, 1, 75.2125, 42.7471, 0.190, 1.368, 0.004

0, 13, 26, 2, 75.2125, 42.7471, 0.360, 1.391, 0.004

1, 13, 27, 2, 75.2125, 42.7471, 0.190, 1.377, 0.004

0, 13, 26, 3, 75.2125, 42.7471, 0.360, 1.391, 0.004

1, 13, 27, 3, 75.2125, 42.7471, 0.190, 1.378, 0.004

0, 13, 26, 4, 75.2125, 42.7471, 0.360, 1.393, 0.004

1, 13, 27, 4, 75.2125, 42.7471, 0.190, 1.375, 0.004

0, 13, 26, 0, 75.2125, 42.9971, 0.340, 1.388, 0.004

1, 13, 27, 0, 75.2125, 42.9971, 0.180, 1.374, 0.004

0, 13, 26, 1, 75.2125, 42.9971, 0.350, 1.399, 0.004

1, 13, 27, 1, 75.2125, 42.9971, 0.190, 1.380, 0.004

0, 13, 26, 2, 75.2125, 42.9971, 0.350, 1.399, 0.004

1, 13, 27, 2, 75.2125, 42.9971, 0.190, 1.377, 0.004

0, 13, 26, 3, 75.2125, 42.9971, 0.350, 1.369, 0.004

1, 13, 27, 3, 75.2125, 42.9971, 0.190, 1.377, 0.004

0, 13, 26, 4, 75.2125, 42.9971, 0.350, 1.395, 0.004

1, 13, 27, 4, 75.2125, 42.9971, 0.190, 1.386, 0.004

0, 13, 26, 0, 75.2125, 43.2471, 0.340, 1.393, 0.004

1, 13, 27, 0, 75.2125, 43.2471, 0.190, 1.377, 0.004

0, 13, 26, 1, 75.2125, 43.2471, 0.350, 1.394, 0.004

1, 13, 27, 1, 75.2125, 43.2471, 0.190, 1.372, 0.004

0, 13, 26, 2, 75.2125, 43.2471, 0.340, 1.388, 0.004

1, 13, 27, 2, 75.2125, 43.2471, 0.190, 1.378, 0.004

0, 13, 26, 3, 75.2125, 43.2471, 0.350, 1.390, 0.004

1, 13, 27, 3, 75.2125, 43.2471, 0.190, 1.377, 0.004

0, 13, 26, 4, 75.2125, 43.2471, 0.340, 1.397, 0.004

1, 13, 27, 4, 75.2125, 43.2471, 0.190, 1.376, 0.004

0, 13, 26, 0, 75.2125, 43.4971, 0.350, 1.398, 0.004

1, 13, 27, 0, 75.2125, 43.4971, 0.190, 1.370, 0.004

0, 13, 26, 1, 75.2125, 43.4971, 0.350, 1.403, 0.004

1, 13, 27, 1, 75.2125, 43.4971, 0.190, 1.370, 0.004

0, 13, 26, 2, 75.2125, 43.4971, 0.350, 1.397, 0.004

1, 13, 27, 2, 75.2125, 43.4971, 0.190, 1.377, 0.004

0, 13, 26, 3, 75.2125, 43.4971, 0.360, 1.392, 0.004

1, 13, 27, 3, 75.2125, 43.4971, 0.190, 1.387, 0.004

0, 13, 26, 4, 75.2125, 43.4971, 0.340, 1.397, 0.004

1, 13, 27, 4, 75.2125, 43.4971, 0.190, 1.370, 0.004

0, 13, 26, 0, 75.2125, 43.7471, 0.340, 1.388, 0.004

1, 13, 27, 0, 75.2125, 43.7471, 0.190, 1.375, 0.004

0, 13, 26, 1, 75.2125, 43.7471, 0.350, 1.393, 0.004

1, 13, 27, 1, 75.2125, 43.7471, 0.190, 1.379, 0.004

0, 13, 26, 2, 75.2125, 43.7471, 0.360, 1.372, 0.004

1, 13, 27, 2, 75.2125, 43.7471, 0.190, 1.385, 0.004

0, 13, 26, 3, 75.2125, 43.7471, 0.350, 1.399, 0.004

1, 13, 27, 3, 75.2125, 43.7471, 0.190, 1.377, 0.004

0, 13, 26, 4, 75.2125, 43.7471, 0.360, 1.388, 0.004

1, 13, 27, 4, 75.2125, 43.7471, 0.190, 1.385, 0.004

0, 13, 26, 0, 75.2125, 43.9971, 0.330, 1.397, 0.004

1, 13, 27, 0, 75.2125, 43.9971, 0.190, 1.368, 0.004

0, 13, 26, 1, 75.2125, 43.9971, 0.330, 1.398, 0.004

1, 13, 27, 1, 75.2125, 43.9971, 0.190, 1.382, 0.004

0, 13, 26, 2, 75.2125, 43.9971, 0.340, 1.399, 0.004

1, 13, 27, 2, 75.2125, 43.9971, 0.190, 1.371, 0.004

0, 13, 26, 3, 75.2125, 43.9971, 0.330, 1.390, 0.004

1, 13, 27, 3, 75.2125, 43.9971, 0.190, 1.383, 0.004

0, 13, 26, 4, 75.2125, 43.9971, 0.330, 1.391, 0.004

1, 13, 27, 4, 75.2125, 43.9971, 0.190, 1.389, 0.004

0, 13, 26, 0, 75.2125, 44.2471, 0.290, 1.395, 0.004

1, 13, 27, 0, 75.2125, 44.2471, 0.190, 1.375, 0.004

0, 13, 26, 1, 75.2125, 44.2471, 0.290, 1.396, 0.004

1, 13, 27, 1, 75.2125, 44.2471, 0.190, 1.380, 0.004

0, 13, 26, 2, 75.2125, 44.2471, 0.290, 1.395, 0.004

1, 13, 27, 2, 75.2125, 44.2471, 0.190, 1.374, 0.004

0, 13, 26, 3, 75.2125, 44.2471, 0.290, 1.399, 0.004

1, 13, 27, 3, 75.2125, 44.2471, 0.190, 1.374, 0.004

0, 13, 26, 4, 75.2125, 44.2471, 0.290, 1.396, 0.004

1, 13, 27, 4, 75.2125, 44.2471, 0.190, 1.369, 0.004

0, 13, 26, 0, 75.2125, 44.4971, 0.260, 1.381, 0.004

1, 13, 27, 0, 75.2125, 44.4971, 0.190, 1.373, 0.004

0, 13, 26, 1, 75.2125, 44.4971, 0.260, 1.388, 0.004

1, 13, 27, 1, 75.2125, 44.4971, 0.190, 1.377, 0.004

0, 13, 26, 2, 75.2125, 44.4971, 0.260, 1.406, 0.004

1, 13, 27, 2, 75.2125, 44.4971, 0.190, 1.383, 0.004

0, 13, 26, 3, 75.2125, 44.4971, 0.260, 1.393, 0.004

1, 13, 27, 3, 75.2125, 44.4971, 0.190, 1.377, 0.004

0, 13, 26, 4, 75.2125, 44.4971, 0.260, 1.393, 0.004

1, 13, 27, 4, 75.2125, 44.4971, 0.190, 1.381, 0.004

0, 13, 26, 0, 75.2125, 44.7471, 0.250, 1.380, 0.004

1, 13, 27, 0, 75.2125, 44.7471, 0.190, 1.377, 0.004

0, 13, 26, 1, 75.2125, 44.7471, 0.250, 1.395, 0.004

1, 13, 27, 1, 75.2125, 44.7471, 0.190, 1.375, 0.004

0, 13, 26, 2, 75.2125, 44.7471, 0.250, 1.397, 0.004

1, 13, 27, 2, 75.2125, 44.7471, 0.190, 1.378, 0.004

0, 13, 26, 3, 75.2125, 44.7471, 0.240, 1.395, 0.004

1, 13, 27, 3, 75.2125, 44.7471, 0.180, 1.376, 0.004

0, 13, 26, 4, 75.2125, 44.7471, 0.250, 1.389, 0.004

1, 13, 27, 4, 75.2125, 44.7471, 0.190, 1.375, 0.004

0, 13, 26, 0, 75.2125, 44.9971, 0.240, 1.393, 0.004

1, 13, 27, 0, 75.2125, 44.9971, 0.190, 1.364, 0.004

0, 13, 26, 1, 75.2125, 44.9971, 0.240, 1.401, 0.004

1, 13, 27, 1, 75.2125, 44.9971, 0.190, 1.386, 0.004

0, 13, 26, 2, 75.2125, 44.9971, 0.240, 1.395, 0.004

1, 13, 27, 2, 75.2125, 44.9971, 0.190, 1.383, 0.004

0, 13, 26, 3, 75.2125, 44.9971, 0.240, 1.393, 0.004

1, 13, 27, 3, 75.2125, 44.9971, 0.190, 1.373, 0.004

0, 13, 26, 4, 75.2125, 44.9971, 0.240, 1.394, 0.004

1, 13, 27, 4, 75.2125, 44.9971, 0.190, 1.376, 0.004

0, 13, 26, 0, 75.2125, 45.2471, 0.240, 1.390, 0.004

1, 13, 27, 0, 75.2125, 45.2471, 0.190, 1.383, 0.004

0, 13, 26, 1, 75.2125, 45.2471, 0.240, 1.397, 0.004

1, 13, 27, 1, 75.2125, 45.2471, 0.180, 1.374, 0.004

0, 13, 26, 2, 75.2125, 45.2471, 0.240, 1.394, 0.004

1, 13, 27, 2, 75.2125, 45.2471, 0.190, 1.379, 0.004

0, 13, 26, 3, 75.2125, 45.2471, 0.240, 1.396, 0.004

1, 13, 27, 3, 75.2125, 45.2471, 0.190, 1.374, 0.004

0, 13, 26, 4, 75.2125, 45.2471, 0.240, 1.398, 0.004

1, 13, 27, 4, 75.2125, 45.2471, 0.190, 1.381, 0.004

0, 13, 26, 0, 75.2125, 45.4971, 0.240, 1.395, 0.004

1, 13, 27, 0, 75.2125, 45.4971, 0.190, 1.383, 0.004

0, 13, 26, 1, 75.2125, 45.4971, 0.240, 1.386, 0.004

1, 13, 27, 1, 75.2125, 45.4971, 0.190, 1.378, 0.004

0, 13, 26, 2, 75.2125, 45.4971, 0.240, 1.395, 0.004

1, 13, 27, 2, 75.2125, 45.4971, 0.190, 1.368, 0.004

0, 13, 26, 3, 75.2125, 45.4971, 0.240, 1.387, 0.004

1, 13, 27, 3, 75.2125, 45.4971, 0.190, 1.379, 0.004

0, 13, 26, 4, 75.2125, 45.4971, 0.240, 1.393, 0.004

1, 13, 27, 4, 75.2125, 45.4971, 0.190, 1.382, 0.004

0, 13, 26, 0, 75.2125, 45.7471, 0.240, 1.393, 0.004

1, 13, 27, 0, 75.2125, 45.7471, 0.190, 1.382, 0.004

0, 13, 26, 1, 75.2125, 45.7471, 0.240, 1.398, 0.004

1, 13, 27, 1, 75.2125, 45.7471, 0.190, 1.373, 0.004

0, 13, 26, 2, 75.2125, 45.7471, 0.240, 1.396, 0.004

1, 13, 27, 2, 75.2125, 45.7471, 0.180, 1.371, 0.004

0, 13, 26, 3, 75.2125, 45.7471, 0.240, 1.388, 0.004

1, 13, 27, 3, 75.2125, 45.7471, 0.190, 1.371, 0.004

0, 13, 26, 4, 75.2125, 45.7471, 0.240, 1.397, 0.004

1, 13, 27, 4, 75.2125, 45.7471, 0.190, 1.376, 0.004

