Test Sector:
Device ID, Channel, Tile ID, trial, x, y, IMON, RMON, VCOMP
xorigincm, xfinalcm, xsteplengthcm, xsteps = 30.5573, 30.5573, 0, 64
yorigincm, yfinalcm, ysteplengthcm, nRepeat = 15.9316, 32.0684, 0.25, 5
0, 5, 10, 0, 0, 0, 0.250, 1.391, 0.004

1, 5, 11, 0, 0, 0, 0.260, 1.376, 0.004

0, 5, 10, 1, 0, 0, 0.250, 1.390, 0.004

1, 5, 11, 1, 0, 0, 0.250, 1.393, 0.004

0, 5, 10, 2, 0, 0, 0.240, 1.386, 0.004

1, 5, 11, 2, 0, 0, 0.250, 1.384, 0.004

0, 5, 10, 3, 0, 0, 0.240, 1.382, 0.004

1, 5, 11, 3, 0, 0, 0.250, 1.380, 0.004

0, 5, 10, 4, 0, 0, 0.240, 1.387, 0.004

1, 5, 11, 4, 0, 0, 0.250, 1.381, 0.004

0, 5, 10, 0, 30.5573, 15.9316, 0.240, 1.394, 0.004

1, 5, 11, 0, 30.5573, 15.9316, 0.340, 1.385, 0.004

0, 5, 10, 1, 30.5573, 15.9316, 0.240, 1.387, 0.004

1, 5, 11, 1, 30.5573, 15.9316, 0.330, 1.391, 0.004

0, 5, 10, 2, 30.5573, 15.9316, 0.250, 1.389, 0.004

1, 5, 11, 2, 30.5573, 15.9316, 0.340, 1.382, 0.004

0, 5, 10, 3, 30.5573, 15.9316, 0.240, 1.389, 0.004

1, 5, 11, 3, 30.5573, 15.9316, 0.340, 1.381, 0.004

0, 5, 10, 4, 30.5573, 15.9316, 0.240, 1.385, 0.004

1, 5, 11, 4, 30.5573, 15.9316, 0.340, 1.382, 0.004

0, 5, 10, 0, 30.5573, 16.1816, 0.250, 1.395, 0.004

1, 5, 11, 0, 30.5573, 16.1816, 0.390, 1.380, 0.004

0, 5, 10, 1, 30.5573, 16.1816, 0.240, 1.389, 0.004

1, 5, 11, 1, 30.5573, 16.1816, 0.390, 1.381, 0.004

0, 5, 10, 2, 30.5573, 16.1816, 0.250, 1.391, 0.004

1, 5, 11, 2, 30.5573, 16.1816, 0.380, 1.389, 0.004

0, 5, 10, 3, 30.5573, 16.1816, 0.250, 1.389, 0.004

1, 5, 11, 3, 30.5573, 16.1816, 0.380, 1.380, 0.004

0, 5, 10, 4, 30.5573, 16.1816, 0.240, 1.388, 0.004

1, 5, 11, 4, 30.5573, 16.1816, 0.380, 1.369, 0.004

0, 5, 10, 0, 30.5573, 16.4316, 0.240, 1.391, 0.004

1, 5, 11, 0, 30.5573, 16.4316, 0.410, 1.388, 0.004

0, 5, 10, 1, 30.5573, 16.4316, 0.240, 1.385, 0.004

1, 5, 11, 1, 30.5573, 16.4316, 0.410, 1.347, 0.004

0, 5, 10, 2, 30.5573, 16.4316, 0.250, 1.378, 0.004

1, 5, 11, 2, 30.5573, 16.4316, 0.400, 1.379, 0.004

0, 5, 10, 3, 30.5573, 16.4316, 0.250, 1.392, 0.004

1, 5, 11, 3, 30.5573, 16.4316, 0.400, 1.389, 0.004

0, 5, 10, 4, 30.5573, 16.4316, 0.250, 1.385, 0.004

1, 5, 11, 4, 30.5573, 16.4316, 0.400, 1.374, 0.004

0, 5, 10, 0, 30.5573, 16.6816, 0.240, 1.390, 0.004

1, 5, 11, 0, 30.5573, 16.6816, 0.400, 1.374, 0.004

0, 5, 10, 1, 30.5573, 16.6816, 0.250, 1.389, 0.004

1, 5, 11, 1, 30.5573, 16.6816, 0.390, 1.377, 0.004

0, 5, 10, 2, 30.5573, 16.6816, 0.240, 1.392, 0.004

1, 5, 11, 2, 30.5573, 16.6816, 0.390, 1.377, 0.004

0, 5, 10, 3, 30.5573, 16.6816, 0.250, 1.390, 0.004

1, 5, 11, 3, 30.5573, 16.6816, 0.390, 1.391, 0.004

0, 5, 10, 4, 30.5573, 16.6816, 0.250, 1.392, 0.004

1, 5, 11, 4, 30.5573, 16.6816, 0.400, 1.396, 0.004

0, 5, 10, 0, 30.5573, 16.9316, 0.250, 1.393, 0.004

1, 5, 11, 0, 30.5573, 16.9316, 0.390, 1.377, 0.004

0, 5, 10, 1, 30.5573, 16.9316, 0.250, 1.392, 0.004

1, 5, 11, 1, 30.5573, 16.9316, 0.400, 1.388, 0.004

0, 5, 10, 2, 30.5573, 16.9316, 0.240, 1.388, 0.004

1, 5, 11, 2, 30.5573, 16.9316, 0.400, 1.379, 0.004

0, 5, 10, 3, 30.5573, 16.9316, 0.250, 1.387, 0.004

1, 5, 11, 3, 30.5573, 16.9316, 0.410, 1.375, 0.004

0, 5, 10, 4, 30.5573, 16.9316, 0.250, 1.391, 0.004

1, 5, 11, 4, 30.5573, 16.9316, 0.410, 1.370, 0.004

0, 5, 10, 0, 30.5573, 17.1816, 0.240, 1.385, 0.004

1, 5, 11, 0, 30.5573, 17.1816, 0.410, 1.383, 0.004

0, 5, 10, 1, 30.5573, 17.1816, 0.250, 1.384, 0.004

1, 5, 11, 1, 30.5573, 17.1816, 0.420, 1.375, 0.004

0, 5, 10, 2, 30.5573, 17.1816, 0.240, 1.389, 0.004

1, 5, 11, 2, 30.5573, 17.1816, 0.410, 1.370, 0.004

0, 5, 10, 3, 30.5573, 17.1816, 0.240, 1.392, 0.004

1, 5, 11, 3, 30.5573, 17.1816, 0.410, 1.377, 0.004

0, 5, 10, 4, 30.5573, 17.1816, 0.250, 1.390, 0.004

1, 5, 11, 4, 30.5573, 17.1816, 0.420, 1.386, 0.004

0, 5, 10, 0, 30.5573, 17.4316, 0.250, 1.387, 0.004

1, 5, 11, 0, 30.5573, 17.4316, 0.410, 1.385, 0.004

0, 5, 10, 1, 30.5573, 17.4316, 0.240, 1.390, 0.004

1, 5, 11, 1, 30.5573, 17.4316, 0.410, 1.380, 0.004

0, 5, 10, 2, 30.5573, 17.4316, 0.240, 1.387, 0.004

1, 5, 11, 2, 30.5573, 17.4316, 0.410, 1.382, 0.004

0, 5, 10, 3, 30.5573, 17.4316, 0.240, 1.390, 0.004

1, 5, 11, 3, 30.5573, 17.4316, 0.430, 1.375, 0.004

0, 5, 10, 4, 30.5573, 17.4316, 0.250, 1.393, 0.004

1, 5, 11, 4, 30.5573, 17.4316, 0.410, 1.364, 0.004

0, 5, 10, 0, 30.5573, 17.6816, 0.240, 1.393, 0.004

1, 5, 11, 0, 30.5573, 17.6816, 0.420, 1.382, 0.004

0, 5, 10, 1, 30.5573, 17.6816, 0.240, 1.386, 0.004

1, 5, 11, 1, 30.5573, 17.6816, 0.410, 1.386, 0.004

0, 5, 10, 2, 30.5573, 17.6816, 0.250, 1.398, 0.004

1, 5, 11, 2, 30.5573, 17.6816, 0.410, 1.385, 0.004

0, 5, 10, 3, 30.5573, 17.6816, 0.240, 1.393, 0.004

1, 5, 11, 3, 30.5573, 17.6816, 0.400, 1.381, 0.004

0, 5, 10, 4, 30.5573, 17.6816, 0.240, 1.383, 0.004

1, 5, 11, 4, 30.5573, 17.6816, 0.420, 1.376, 0.004

0, 5, 10, 0, 30.5573, 17.9316, 0.250, 1.379, 0.004

1, 5, 11, 0, 30.5573, 17.9316, 0.410, 1.368, 0.004

0, 5, 10, 1, 30.5573, 17.9316, 0.250, 1.391, 0.004

1, 5, 11, 1, 30.5573, 17.9316, 0.420, 1.387, 0.004

0, 5, 10, 2, 30.5573, 17.9316, 0.240, 1.387, 0.004

1, 5, 11, 2, 30.5573, 17.9316, 0.410, 1.385, 0.004

0, 5, 10, 3, 30.5573, 17.9316, 0.240, 1.392, 0.004

1, 5, 11, 3, 30.5573, 17.9316, 0.410, 1.392, 0.004

0, 5, 10, 4, 30.5573, 17.9316, 0.240, 1.391, 0.004

1, 5, 11, 4, 30.5573, 17.9316, 0.410, 1.373, 0.004

0, 5, 10, 0, 30.5573, 18.1816, 0.240, 1.386, 0.004

1, 5, 11, 0, 30.5573, 18.1816, 0.420, 1.386, 0.004

0, 5, 10, 1, 30.5573, 18.1816, 0.240, 1.380, 0.004

1, 5, 11, 1, 30.5573, 18.1816, 0.400, 1.389, 0.004

0, 5, 10, 2, 30.5573, 18.1816, 0.240, 1.380, 0.004

1, 5, 11, 2, 30.5573, 18.1816, 0.420, 1.388, 0.004

0, 5, 10, 3, 30.5573, 18.1816, 0.240, 1.386, 0.004

1, 5, 11, 3, 30.5573, 18.1816, 0.410, 1.392, 0.004

0, 5, 10, 4, 30.5573, 18.1816, 0.240, 1.396, 0.004

1, 5, 11, 4, 30.5573, 18.1816, 0.410, 1.392, 0.004

0, 5, 10, 0, 30.5573, 18.4316, 0.240, 1.383, 0.004

1, 5, 11, 0, 30.5573, 18.4316, 0.410, 1.326, 0.004

0, 5, 10, 1, 30.5573, 18.4316, 0.240, 1.388, 0.004

1, 5, 11, 1, 30.5573, 18.4316, 0.410, 1.391, 0.004

0, 5, 10, 2, 30.5573, 18.4316, 0.240, 1.384, 0.004

1, 5, 11, 2, 30.5573, 18.4316, 0.420, 1.388, 0.004

0, 5, 10, 3, 30.5573, 18.4316, 0.240, 1.389, 0.004

1, 5, 11, 3, 30.5573, 18.4316, 0.400, 1.379, 0.004

0, 5, 10, 4, 30.5573, 18.4316, 0.240, 1.384, 0.004

1, 5, 11, 4, 30.5573, 18.4316, 0.410, 1.379, 0.004

0, 5, 10, 0, 30.5573, 18.6816, 0.240, 1.383, 0.004

1, 5, 11, 0, 30.5573, 18.6816, 0.410, 1.392, 0.004

0, 5, 10, 1, 30.5573, 18.6816, 0.240, 1.389, 0.004

1, 5, 11, 1, 30.5573, 18.6816, 0.420, 1.375, 0.004

0, 5, 10, 2, 30.5573, 18.6816, 0.240, 1.393, 0.004

1, 5, 11, 2, 30.5573, 18.6816, 0.410, 1.388, 0.004

0, 5, 10, 3, 30.5573, 18.6816, 0.240, 1.392, 0.004

1, 5, 11, 3, 30.5573, 18.6816, 0.400, 1.380, 0.004

0, 5, 10, 4, 30.5573, 18.6816, 0.240, 1.393, 0.004

1, 5, 11, 4, 30.5573, 18.6816, 0.420, 1.382, 0.004

0, 5, 10, 0, 30.5573, 18.9316, 0.250, 1.390, 0.004

1, 5, 11, 0, 30.5573, 18.9316, 0.410, 1.366, 0.004

0, 5, 10, 1, 30.5573, 18.9316, 0.240, 1.382, 0.004

1, 5, 11, 1, 30.5573, 18.9316, 0.410, 1.390, 0.004

0, 5, 10, 2, 30.5573, 18.9316, 0.240, 1.383, 0.004

1, 5, 11, 2, 30.5573, 18.9316, 0.410, 1.387, 0.004

0, 5, 10, 3, 30.5573, 18.9316, 0.250, 1.382, 0.004

1, 5, 11, 3, 30.5573, 18.9316, 0.410, 1.380, 0.004

0, 5, 10, 4, 30.5573, 18.9316, 0.250, 1.375, 0.004

1, 5, 11, 4, 30.5573, 18.9316, 0.420, 1.390, 0.004

0, 5, 10, 0, 30.5573, 19.1816, 0.240, 1.381, 0.004

1, 5, 11, 0, 30.5573, 19.1816, 0.410, 1.377, 0.004

0, 5, 10, 1, 30.5573, 19.1816, 0.250, 1.391, 0.004

1, 5, 11, 1, 30.5573, 19.1816, 0.400, 1.384, 0.004

0, 5, 10, 2, 30.5573, 19.1816, 0.240, 1.395, 0.004

1, 5, 11, 2, 30.5573, 19.1816, 0.420, 1.381, 0.004

0, 5, 10, 3, 30.5573, 19.1816, 0.240, 1.398, 0.004

1, 5, 11, 3, 30.5573, 19.1816, 0.400, 1.382, 0.004

0, 5, 10, 4, 30.5573, 19.1816, 0.250, 1.391, 0.004

1, 5, 11, 4, 30.5573, 19.1816, 0.410, 1.377, 0.004

0, 5, 10, 0, 30.5573, 19.4316, 0.240, 1.393, 0.004

1, 5, 11, 0, 30.5573, 19.4316, 0.410, 1.375, 0.004

0, 5, 10, 1, 30.5573, 19.4316, 0.240, 1.393, 0.004

1, 5, 11, 1, 30.5573, 19.4316, 0.430, 1.377, 0.004

0, 5, 10, 2, 30.5573, 19.4316, 0.250, 1.395, 0.004

1, 5, 11, 2, 30.5573, 19.4316, 0.410, 1.383, 0.004

0, 5, 10, 3, 30.5573, 19.4316, 0.240, 1.392, 0.004

1, 5, 11, 3, 30.5573, 19.4316, 0.410, 1.375, 0.004

0, 5, 10, 4, 30.5573, 19.4316, 0.250, 1.393, 0.004

1, 5, 11, 4, 30.5573, 19.4316, 0.420, 1.381, 0.004

0, 5, 10, 0, 30.5573, 19.6816, 0.240, 1.390, 0.004

1, 5, 11, 0, 30.5573, 19.6816, 0.400, 1.373, 0.004

0, 5, 10, 1, 30.5573, 19.6816, 0.250, 1.392, 0.004

1, 5, 11, 1, 30.5573, 19.6816, 0.420, 1.376, 0.004

0, 5, 10, 2, 30.5573, 19.6816, 0.250, 1.384, 0.004

1, 5, 11, 2, 30.5573, 19.6816, 0.430, 1.375, 0.004

0, 5, 10, 3, 30.5573, 19.6816, 0.240, 1.389, 0.004

1, 5, 11, 3, 30.5573, 19.6816, 0.400, 1.379, 0.004

0, 5, 10, 4, 30.5573, 19.6816, 0.250, 1.392, 0.004

1, 5, 11, 4, 30.5573, 19.6816, 0.400, 1.360, 0.004

0, 5, 10, 0, 30.5573, 19.9316, 0.240, 1.384, 0.004

1, 5, 11, 0, 30.5573, 19.9316, 0.400, 1.381, 0.004

0, 5, 10, 1, 30.5573, 19.9316, 0.240, 1.388, 0.004

1, 5, 11, 1, 30.5573, 19.9316, 0.420, 1.372, 0.004

0, 5, 10, 2, 30.5573, 19.9316, 0.250, 1.386, 0.004

1, 5, 11, 2, 30.5573, 19.9316, 0.410, 1.383, 0.004

0, 5, 10, 3, 30.5573, 19.9316, 0.250, 1.389, 0.004

1, 5, 11, 3, 30.5573, 19.9316, 0.410, 1.369, 0.004

0, 5, 10, 4, 30.5573, 19.9316, 0.250, 1.384, 0.004

1, 5, 11, 4, 30.5573, 19.9316, 0.410, 1.363, 0.004

0, 5, 10, 0, 30.5573, 20.1816, 0.250, 1.387, 0.004

1, 5, 11, 0, 30.5573, 20.1816, 0.410, 1.377, 0.004

0, 5, 10, 1, 30.5573, 20.1816, 0.250, 1.388, 0.004

1, 5, 11, 1, 30.5573, 20.1816, 0.410, 1.365, 0.004

0, 5, 10, 2, 30.5573, 20.1816, 0.240, 1.374, 0.004

1, 5, 11, 2, 30.5573, 20.1816, 0.400, 1.373, 0.004

0, 5, 10, 3, 30.5573, 20.1816, 0.250, 1.381, 0.004

1, 5, 11, 3, 30.5573, 20.1816, 0.410, 1.389, 0.004

0, 5, 10, 4, 30.5573, 20.1816, 0.240, 1.386, 0.004

1, 5, 11, 4, 30.5573, 20.1816, 0.410, 1.355, 0.004

0, 5, 10, 0, 30.5573, 20.4316, 0.250, 1.387, 0.004

1, 5, 11, 0, 30.5573, 20.4316, 0.420, 1.381, 0.004

0, 5, 10, 1, 30.5573, 20.4316, 0.240, 1.393, 0.004

1, 5, 11, 1, 30.5573, 20.4316, 0.410, 1.378, 0.004

0, 5, 10, 2, 30.5573, 20.4316, 0.240, 1.386, 0.004

1, 5, 11, 2, 30.5573, 20.4316, 0.410, 1.389, 0.004

0, 5, 10, 3, 30.5573, 20.4316, 0.240, 1.394, 0.004

1, 5, 11, 3, 30.5573, 20.4316, 0.400, 1.385, 0.004

0, 5, 10, 4, 30.5573, 20.4316, 0.240, 1.384, 0.004

1, 5, 11, 4, 30.5573, 20.4316, 0.400, 1.379, 0.004

0, 5, 10, 0, 30.5573, 20.6816, 0.240, 1.388, 0.004

1, 5, 11, 0, 30.5573, 20.6816, 0.400, 1.383, 0.004

0, 5, 10, 1, 30.5573, 20.6816, 0.240, 1.390, 0.004

1, 5, 11, 1, 30.5573, 20.6816, 0.410, 1.388, 0.004

0, 5, 10, 2, 30.5573, 20.6816, 0.250, 1.389, 0.004

1, 5, 11, 2, 30.5573, 20.6816, 0.410, 1.370, 0.004

0, 5, 10, 3, 30.5573, 20.6816, 0.240, 1.388, 0.004

1, 5, 11, 3, 30.5573, 20.6816, 0.410, 1.382, 0.004

0, 5, 10, 4, 30.5573, 20.6816, 0.250, 1.384, 0.004

1, 5, 11, 4, 30.5573, 20.6816, 0.420, 1.382, 0.004

0, 5, 10, 0, 30.5573, 20.9316, 0.240, 1.389, 0.004

1, 5, 11, 0, 30.5573, 20.9316, 0.410, 1.379, 0.004

0, 5, 10, 1, 30.5573, 20.9316, 0.250, 1.388, 0.004

1, 5, 11, 1, 30.5573, 20.9316, 0.410, 1.380, 0.004

0, 5, 10, 2, 30.5573, 20.9316, 0.250, 1.382, 0.004

1, 5, 11, 2, 30.5573, 20.9316, 0.400, 1.386, 0.004

0, 5, 10, 3, 30.5573, 20.9316, 0.240, 1.396, 0.004

1, 5, 11, 3, 30.5573, 20.9316, 0.420, 1.377, 0.004

0, 5, 10, 4, 30.5573, 20.9316, 0.250, 1.392, 0.004

1, 5, 11, 4, 30.5573, 20.9316, 0.430, 1.383, 0.004

0, 5, 10, 0, 30.5573, 21.1816, 0.250, 1.384, 0.004

1, 5, 11, 0, 30.5573, 21.1816, 0.400, 1.383, 0.004

0, 5, 10, 1, 30.5573, 21.1816, 0.240, 1.386, 0.004

1, 5, 11, 1, 30.5573, 21.1816, 0.400, 1.397, 0.004

0, 5, 10, 2, 30.5573, 21.1816, 0.250, 1.383, 0.004

1, 5, 11, 2, 30.5573, 21.1816, 0.400, 1.381, 0.004

0, 5, 10, 3, 30.5573, 21.1816, 0.240, 1.390, 0.004

1, 5, 11, 3, 30.5573, 21.1816, 0.420, 1.384, 0.004

0, 5, 10, 4, 30.5573, 21.1816, 0.240, 1.389, 0.004

1, 5, 11, 4, 30.5573, 21.1816, 0.410, 1.389, 0.004

0, 5, 10, 0, 30.5573, 21.4316, 0.240, 1.384, 0.004

1, 5, 11, 0, 30.5573, 21.4316, 0.420, 1.378, 0.004

0, 5, 10, 1, 30.5573, 21.4316, 0.240, 1.385, 0.004

1, 5, 11, 1, 30.5573, 21.4316, 0.400, 1.380, 0.004

0, 5, 10, 2, 30.5573, 21.4316, 0.250, 1.387, 0.004

1, 5, 11, 2, 30.5573, 21.4316, 0.410, 1.388, 0.004

0, 5, 10, 3, 30.5573, 21.4316, 0.240, 1.390, 0.004

1, 5, 11, 3, 30.5573, 21.4316, 0.410, 1.378, 0.004

0, 5, 10, 4, 30.5573, 21.4316, 0.240, 1.384, 0.004

1, 5, 11, 4, 30.5573, 21.4316, 0.400, 1.378, 0.004

0, 5, 10, 0, 30.5573, 21.6816, 0.240, 1.384, 0.004

1, 5, 11, 0, 30.5573, 21.6816, 0.410, 1.377, 0.004

0, 5, 10, 1, 30.5573, 21.6816, 0.240, 1.390, 0.004

1, 5, 11, 1, 30.5573, 21.6816, 0.420, 1.388, 0.004

0, 5, 10, 2, 30.5573, 21.6816, 0.250, 1.391, 0.004

1, 5, 11, 2, 30.5573, 21.6816, 0.420, 1.387, 0.004

0, 5, 10, 3, 30.5573, 21.6816, 0.250, 1.395, 0.004

1, 5, 11, 3, 30.5573, 21.6816, 0.420, 1.378, 0.004

0, 5, 10, 4, 30.5573, 21.6816, 0.240, 1.388, 0.004

1, 5, 11, 4, 30.5573, 21.6816, 0.420, 1.384, 0.004

0, 5, 10, 0, 30.5573, 21.9316, 0.250, 1.379, 0.004

1, 5, 11, 0, 30.5573, 21.9316, 0.420, 1.375, 0.004

0, 5, 10, 1, 30.5573, 21.9316, 0.240, 1.392, 0.004

1, 5, 11, 1, 30.5573, 21.9316, 0.420, 1.383, 0.004

0, 5, 10, 2, 30.5573, 21.9316, 0.240, 1.370, 0.004

1, 5, 11, 2, 30.5573, 21.9316, 0.410, 1.376, 0.004

0, 5, 10, 3, 30.5573, 21.9316, 0.250, 1.383, 0.004

1, 5, 11, 3, 30.5573, 21.9316, 0.420, 1.371, 0.004

0, 5, 10, 4, 30.5573, 21.9316, 0.250, 1.381, 0.004

1, 5, 11, 4, 30.5573, 21.9316, 0.420, 1.390, 0.004

0, 5, 10, 0, 30.5573, 22.1816, 0.250, 1.396, 0.004

1, 5, 11, 0, 30.5573, 22.1816, 0.410, 1.363, 0.004

0, 5, 10, 1, 30.5573, 22.1816, 0.250, 1.391, 0.004

1, 5, 11, 1, 30.5573, 22.1816, 0.400, 1.362, 0.004

0, 5, 10, 2, 30.5573, 22.1816, 0.250, 1.391, 0.004

1, 5, 11, 2, 30.5573, 22.1816, 0.400, 1.359, 0.004

0, 5, 10, 3, 30.5573, 22.1816, 0.250, 1.376, 0.004

1, 5, 11, 3, 30.5573, 22.1816, 0.400, 1.351, 0.004

0, 5, 10, 4, 30.5573, 22.1816, 0.250, 1.388, 0.004

1, 5, 11, 4, 30.5573, 22.1816, 0.410, 1.380, 0.004

0, 5, 10, 0, 30.5573, 22.4316, 0.240, 1.384, 0.004

1, 5, 11, 0, 30.5573, 22.4316, 0.380, 1.382, 0.004

0, 5, 10, 1, 30.5573, 22.4316, 0.250, 1.397, 0.004

1, 5, 11, 1, 30.5573, 22.4316, 0.380, 1.393, 0.004

0, 5, 10, 2, 30.5573, 22.4316, 0.250, 1.389, 0.004

1, 5, 11, 2, 30.5573, 22.4316, 0.370, 1.377, 0.004

0, 5, 10, 3, 30.5573, 22.4316, 0.240, 1.382, 0.004

1, 5, 11, 3, 30.5573, 22.4316, 0.370, 1.378, 0.004

0, 5, 10, 4, 30.5573, 22.4316, 0.240, 1.394, 0.004

1, 5, 11, 4, 30.5573, 22.4316, 0.380, 1.394, 0.004

0, 5, 10, 0, 30.5573, 22.6816, 0.240, 1.392, 0.004

1, 5, 11, 0, 30.5573, 22.6816, 0.360, 1.383, 0.004

0, 5, 10, 1, 30.5573, 22.6816, 0.240, 1.392, 0.004

1, 5, 11, 1, 30.5573, 22.6816, 0.380, 1.375, 0.004

0, 5, 10, 2, 30.5573, 22.6816, 0.250, 1.391, 0.004

1, 5, 11, 2, 30.5573, 22.6816, 0.370, 1.391, 0.004

0, 5, 10, 3, 30.5573, 22.6816, 0.250, 1.384, 0.004

1, 5, 11, 3, 30.5573, 22.6816, 0.380, 1.383, 0.004

0, 5, 10, 4, 30.5573, 22.6816, 0.240, 1.385, 0.004

1, 5, 11, 4, 30.5573, 22.6816, 0.370, 1.380, 0.004

0, 5, 10, 0, 30.5573, 22.9316, 0.250, 1.393, 0.004

1, 5, 11, 0, 30.5573, 22.9316, 0.390, 1.383, 0.004

0, 5, 10, 1, 30.5573, 22.9316, 0.250, 1.387, 0.004

1, 5, 11, 1, 30.5573, 22.9316, 0.380, 1.365, 0.004

0, 5, 10, 2, 30.5573, 22.9316, 0.240, 1.389, 0.004

1, 5, 11, 2, 30.5573, 22.9316, 0.370, 1.386, 0.004

0, 5, 10, 3, 30.5573, 22.9316, 0.250, 1.391, 0.004

1, 5, 11, 3, 30.5573, 22.9316, 0.380, 1.387, 0.004

0, 5, 10, 4, 30.5573, 22.9316, 0.250, 1.399, 0.004

1, 5, 11, 4, 30.5573, 22.9316, 0.370, 1.345, 0.004

0, 5, 10, 0, 30.5573, 23.1816, 0.250, 1.382, 0.004

1, 5, 11, 0, 30.5573, 23.1816, 0.350, 1.380, 0.004

0, 5, 10, 1, 30.5573, 23.1816, 0.250, 1.392, 0.004

1, 5, 11, 1, 30.5573, 23.1816, 0.370, 1.377, 0.004

0, 5, 10, 2, 30.5573, 23.1816, 0.250, 1.391, 0.004

1, 5, 11, 2, 30.5573, 23.1816, 0.360, 1.387, 0.004

0, 5, 10, 3, 30.5573, 23.1816, 0.240, 1.392, 0.004

1, 5, 11, 3, 30.5573, 23.1816, 0.360, 1.375, 0.004

0, 5, 10, 4, 30.5573, 23.1816, 0.240, 1.378, 0.004

1, 5, 11, 4, 30.5573, 23.1816, 0.360, 1.378, 0.004

0, 5, 10, 0, 30.5573, 23.4316, 0.250, 1.384, 0.004

1, 5, 11, 0, 30.5573, 23.4316, 0.340, 1.381, 0.004

0, 5, 10, 1, 30.5573, 23.4316, 0.250, 1.394, 0.004

1, 5, 11, 1, 30.5573, 23.4316, 0.330, 1.391, 0.004

0, 5, 10, 2, 30.5573, 23.4316, 0.250, 1.386, 0.004

1, 5, 11, 2, 30.5573, 23.4316, 0.320, 1.380, 0.004

0, 5, 10, 3, 30.5573, 23.4316, 0.250, 1.388, 0.004

1, 5, 11, 3, 30.5573, 23.4316, 0.330, 1.377, 0.004

0, 5, 10, 4, 30.5573, 23.4316, 0.250, 1.394, 0.004

1, 5, 11, 4, 30.5573, 23.4316, 0.330, 1.380, 0.004

0, 5, 10, 0, 30.5573, 23.6816, 0.250, 1.393, 0.004

1, 5, 11, 0, 30.5573, 23.6816, 0.290, 1.381, 0.004

0, 5, 10, 1, 30.5573, 23.6816, 0.240, 1.388, 0.004

1, 5, 11, 1, 30.5573, 23.6816, 0.290, 1.386, 0.004

0, 5, 10, 2, 30.5573, 23.6816, 0.250, 1.377, 0.004

1, 5, 11, 2, 30.5573, 23.6816, 0.290, 1.380, 0.004

0, 5, 10, 3, 30.5573, 23.6816, 0.250, 1.385, 0.004

1, 5, 11, 3, 30.5573, 23.6816, 0.300, 1.378, 0.004

0, 5, 10, 4, 30.5573, 23.6816, 0.250, 1.383, 0.004

1, 5, 11, 4, 30.5573, 23.6816, 0.290, 1.386, 0.004

0, 5, 10, 0, 30.5573, 23.9316, 0.260, 1.384, 0.004

1, 5, 11, 0, 30.5573, 23.9316, 0.270, 1.382, 0.004

0, 5, 10, 1, 30.5573, 23.9316, 0.250, 1.392, 0.004

1, 5, 11, 1, 30.5573, 23.9316, 0.270, 1.386, 0.004

0, 5, 10, 2, 30.5573, 23.9316, 0.260, 1.393, 0.004

1, 5, 11, 2, 30.5573, 23.9316, 0.270, 1.392, 0.004

0, 5, 10, 3, 30.5573, 23.9316, 0.260, 1.390, 0.004

1, 5, 11, 3, 30.5573, 23.9316, 0.260, 1.384, 0.004

0, 5, 10, 4, 30.5573, 23.9316, 0.260, 1.385, 0.004

1, 5, 11, 4, 30.5573, 23.9316, 0.270, 1.384, 0.004

0, 5, 10, 0, 30.5573, 24.1816, 0.270, 1.383, 0.004

1, 5, 11, 0, 30.5573, 24.1816, 0.260, 1.384, 0.004

0, 5, 10, 1, 30.5573, 24.1816, 0.270, 1.389, 0.004

1, 5, 11, 1, 30.5573, 24.1816, 0.260, 1.389, 0.004

0, 5, 10, 2, 30.5573, 24.1816, 0.270, 1.382, 0.004

1, 5, 11, 2, 30.5573, 24.1816, 0.260, 1.384, 0.004

0, 5, 10, 3, 30.5573, 24.1816, 0.270, 1.393, 0.004

1, 5, 11, 3, 30.5573, 24.1816, 0.250, 1.381, 0.004

0, 5, 10, 4, 30.5573, 24.1816, 0.270, 1.380, 0.004

1, 5, 11, 4, 30.5573, 24.1816, 0.260, 1.385, 0.004

0, 5, 10, 0, 30.5573, 24.4316, 0.300, 1.379, 0.004

1, 5, 11, 0, 30.5573, 24.4316, 0.260, 1.379, 0.004

0, 5, 10, 1, 30.5573, 24.4316, 0.300, 1.383, 0.004

1, 5, 11, 1, 30.5573, 24.4316, 0.250, 1.384, 0.004

0, 5, 10, 2, 30.5573, 24.4316, 0.300, 1.383, 0.004

1, 5, 11, 2, 30.5573, 24.4316, 0.260, 1.383, 0.004

0, 5, 10, 3, 30.5573, 24.4316, 0.300, 1.394, 0.004

1, 5, 11, 3, 30.5573, 24.4316, 0.250, 1.380, 0.004

0, 5, 10, 4, 30.5573, 24.4316, 0.300, 1.380, 0.004

1, 5, 11, 4, 30.5573, 24.4316, 0.250, 1.379, 0.004

0, 5, 10, 0, 30.5573, 24.6816, 0.320, 1.387, 0.004

1, 5, 11, 0, 30.5573, 24.6816, 0.260, 1.382, 0.004

0, 5, 10, 1, 30.5573, 24.6816, 0.320, 1.397, 0.004

1, 5, 11, 1, 30.5573, 24.6816, 0.260, 1.373, 0.004

0, 5, 10, 2, 30.5573, 24.6816, 0.320, 1.391, 0.004

1, 5, 11, 2, 30.5573, 24.6816, 0.260, 1.378, 0.004

0, 5, 10, 3, 30.5573, 24.6816, 0.320, 1.385, 0.004

1, 5, 11, 3, 30.5573, 24.6816, 0.260, 1.387, 0.004

0, 5, 10, 4, 30.5573, 24.6816, 0.330, 1.379, 0.004

1, 5, 11, 4, 30.5573, 24.6816, 0.250, 1.385, 0.004

0, 5, 10, 0, 30.5573, 24.9316, 0.350, 1.389, 0.004

1, 5, 11, 0, 30.5573, 24.9316, 0.250, 1.388, 0.004

0, 5, 10, 1, 30.5573, 24.9316, 0.340, 1.381, 0.004

1, 5, 11, 1, 30.5573, 24.9316, 0.260, 1.389, 0.004

0, 5, 10, 2, 30.5573, 24.9316, 0.350, 1.391, 0.004

1, 5, 11, 2, 30.5573, 24.9316, 0.250, 1.378, 0.004

0, 5, 10, 3, 30.5573, 24.9316, 0.360, 1.378, 0.004

1, 5, 11, 3, 30.5573, 24.9316, 0.260, 1.382, 0.004

0, 5, 10, 4, 30.5573, 24.9316, 0.340, 1.392, 0.004

1, 5, 11, 4, 30.5573, 24.9316, 0.250, 1.394, 0.004

0, 5, 10, 0, 30.5573, 25.1816, 0.350, 1.398, 0.004

1, 5, 11, 0, 30.5573, 25.1816, 0.260, 1.379, 0.004

0, 5, 10, 1, 30.5573, 25.1816, 0.360, 1.382, 0.004

1, 5, 11, 1, 30.5573, 25.1816, 0.250, 1.385, 0.004

0, 5, 10, 2, 30.5573, 25.1816, 0.350, 1.393, 0.004

1, 5, 11, 2, 30.5573, 25.1816, 0.250, 1.379, 0.004

0, 5, 10, 3, 30.5573, 25.1816, 0.350, 1.369, 0.004

1, 5, 11, 3, 30.5573, 25.1816, 0.260, 1.383, 0.004

0, 5, 10, 4, 30.5573, 25.1816, 0.350, 1.388, 0.004

1, 5, 11, 4, 30.5573, 25.1816, 0.260, 1.383, 0.004

0, 5, 10, 0, 30.5573, 25.4316, 0.340, 1.391, 0.004

1, 5, 11, 0, 30.5573, 25.4316, 0.250, 1.379, 0.004

0, 5, 10, 1, 30.5573, 25.4316, 0.350, 1.373, 0.004

1, 5, 11, 1, 30.5573, 25.4316, 0.250, 1.378, 0.004

0, 5, 10, 2, 30.5573, 25.4316, 0.350, 1.392, 0.004

1, 5, 11, 2, 30.5573, 25.4316, 0.260, 1.391, 0.004

0, 5, 10, 3, 30.5573, 25.4316, 0.350, 1.387, 0.004

1, 5, 11, 3, 30.5573, 25.4316, 0.250, 1.385, 0.004

0, 5, 10, 4, 30.5573, 25.4316, 0.350, 1.387, 0.004

1, 5, 11, 4, 30.5573, 25.4316, 0.260, 1.377, 0.004

0, 5, 10, 0, 30.5573, 25.6816, 0.370, 1.375, 0.004

1, 5, 11, 0, 30.5573, 25.6816, 0.250, 1.373, 0.004

0, 5, 10, 1, 30.5573, 25.6816, 0.360, 1.399, 0.004

1, 5, 11, 1, 30.5573, 25.6816, 0.250, 1.380, 0.004

0, 5, 10, 2, 30.5573, 25.6816, 0.370, 1.384, 0.004

1, 5, 11, 2, 30.5573, 25.6816, 0.260, 1.373, 0.004

0, 5, 10, 3, 30.5573, 25.6816, 0.360, 1.385, 0.004

1, 5, 11, 3, 30.5573, 25.6816, 0.260, 1.370, 0.004

0, 5, 10, 4, 30.5573, 25.6816, 0.360, 1.392, 0.004

1, 5, 11, 4, 30.5573, 25.6816, 0.260, 1.384, 0.004

0, 5, 10, 0, 30.5573, 25.9316, 0.360, 1.394, 0.004

1, 5, 11, 0, 30.5573, 25.9316, 0.250, 1.392, 0.004

0, 5, 10, 1, 30.5573, 25.9316, 0.370, 1.381, 0.004

1, 5, 11, 1, 30.5573, 25.9316, 0.260, 1.387, 0.004

0, 5, 10, 2, 30.5573, 25.9316, 0.380, 1.386, 0.004

1, 5, 11, 2, 30.5573, 25.9316, 0.250, 1.389, 0.004

0, 5, 10, 3, 30.5573, 25.9316, 0.370, 1.395, 0.004

1, 5, 11, 3, 30.5573, 25.9316, 0.250, 1.391, 0.004

0, 5, 10, 4, 30.5573, 25.9316, 0.370, 1.369, 0.004

1, 5, 11, 4, 30.5573, 25.9316, 0.260, 1.387, 0.004

0, 5, 10, 0, 30.5573, 26.1816, 0.360, 1.388, 0.004

1, 5, 11, 0, 30.5573, 26.1816, 0.250, 1.384, 0.004

0, 5, 10, 1, 30.5573, 26.1816, 0.370, 1.394, 0.004

1, 5, 11, 1, 30.5573, 26.1816, 0.260, 1.377, 0.004

0, 5, 10, 2, 30.5573, 26.1816, 0.370, 1.390, 0.004

1, 5, 11, 2, 30.5573, 26.1816, 0.260, 1.381, 0.004

0, 5, 10, 3, 30.5573, 26.1816, 0.370, 1.370, 0.004

1, 5, 11, 3, 30.5573, 26.1816, 0.260, 1.381, 0.004

0, 5, 10, 4, 30.5573, 26.1816, 0.360, 1.387, 0.004

1, 5, 11, 4, 30.5573, 26.1816, 0.260, 1.384, 0.004

0, 5, 10, 0, 30.5573, 26.4316, 0.370, 1.391, 0.004

1, 5, 11, 0, 30.5573, 26.4316, 0.260, 1.389, 0.004

0, 5, 10, 1, 30.5573, 26.4316, 0.380, 1.398, 0.004

1, 5, 11, 1, 30.5573, 26.4316, 0.250, 1.377, 0.004

0, 5, 10, 2, 30.5573, 26.4316, 0.360, 1.385, 0.004

1, 5, 11, 2, 30.5573, 26.4316, 0.250, 1.375, 0.004

0, 5, 10, 3, 30.5573, 26.4316, 0.370, 1.382, 0.004

1, 5, 11, 3, 30.5573, 26.4316, 0.260, 1.380, 0.004

0, 5, 10, 4, 30.5573, 26.4316, 0.360, 1.382, 0.004

1, 5, 11, 4, 30.5573, 26.4316, 0.250, 1.377, 0.004

0, 5, 10, 0, 30.5573, 26.6816, 0.370, 1.382, 0.004

1, 5, 11, 0, 30.5573, 26.6816, 0.250, 1.376, 0.004

0, 5, 10, 1, 30.5573, 26.6816, 0.370, 1.384, 0.004

1, 5, 11, 1, 30.5573, 26.6816, 0.260, 1.384, 0.004

0, 5, 10, 2, 30.5573, 26.6816, 0.360, 1.385, 0.004

1, 5, 11, 2, 30.5573, 26.6816, 0.260, 1.380, 0.004

0, 5, 10, 3, 30.5573, 26.6816, 0.370, 1.382, 0.004

1, 5, 11, 3, 30.5573, 26.6816, 0.250, 1.386, 0.004

0, 5, 10, 4, 30.5573, 26.6816, 0.370, 1.391, 0.004

1, 5, 11, 4, 30.5573, 26.6816, 0.250, 1.378, 0.004

0, 5, 10, 0, 30.5573, 26.9316, 0.380, 1.382, 0.004

1, 5, 11, 0, 30.5573, 26.9316, 0.250, 1.391, 0.004

0, 5, 10, 1, 30.5573, 26.9316, 0.370, 1.383, 0.004

1, 5, 11, 1, 30.5573, 26.9316, 0.250, 1.377, 0.004

0, 5, 10, 2, 30.5573, 26.9316, 0.370, 1.388, 0.004

1, 5, 11, 2, 30.5573, 26.9316, 0.250, 1.390, 0.004

0, 5, 10, 3, 30.5573, 26.9316, 0.360, 1.390, 0.004

1, 5, 11, 3, 30.5573, 26.9316, 0.260, 1.390, 0.004

0, 5, 10, 4, 30.5573, 26.9316, 0.370, 1.379, 0.004

1, 5, 11, 4, 30.5573, 26.9316, 0.250, 1.381, 0.004

0, 5, 10, 0, 30.5573, 27.1816, 0.360, 1.387, 0.004

1, 5, 11, 0, 30.5573, 27.1816, 0.250, 1.383, 0.004

0, 5, 10, 1, 30.5573, 27.1816, 0.370, 1.392, 0.004

1, 5, 11, 1, 30.5573, 27.1816, 0.250, 1.380, 0.004

0, 5, 10, 2, 30.5573, 27.1816, 0.360, 1.364, 0.004

1, 5, 11, 2, 30.5573, 27.1816, 0.260, 1.381, 0.004

0, 5, 10, 3, 30.5573, 27.1816, 0.360, 1.375, 0.004

1, 5, 11, 3, 30.5573, 27.1816, 0.260, 1.382, 0.004

0, 5, 10, 4, 30.5573, 27.1816, 0.370, 1.384, 0.004

1, 5, 11, 4, 30.5573, 27.1816, 0.250, 1.384, 0.004

0, 5, 10, 0, 30.5573, 27.4316, 0.370, 1.390, 0.004

1, 5, 11, 0, 30.5573, 27.4316, 0.250, 1.377, 0.004

0, 5, 10, 1, 30.5573, 27.4316, 0.370, 1.386, 0.004

1, 5, 11, 1, 30.5573, 27.4316, 0.250, 1.382, 0.004

0, 5, 10, 2, 30.5573, 27.4316, 0.370, 1.394, 0.004

1, 5, 11, 2, 30.5573, 27.4316, 0.260, 1.387, 0.004

0, 5, 10, 3, 30.5573, 27.4316, 0.360, 1.382, 0.004

1, 5, 11, 3, 30.5573, 27.4316, 0.260, 1.381, 0.004

0, 5, 10, 4, 30.5573, 27.4316, 0.370, 1.380, 0.004

1, 5, 11, 4, 30.5573, 27.4316, 0.260, 1.379, 0.004

0, 5, 10, 0, 30.5573, 27.6816, 0.360, 1.386, 0.004

1, 5, 11, 0, 30.5573, 27.6816, 0.250, 1.373, 0.004

0, 5, 10, 1, 30.5573, 27.6816, 0.380, 1.384, 0.004

1, 5, 11, 1, 30.5573, 27.6816, 0.250, 1.390, 0.004

0, 5, 10, 2, 30.5573, 27.6816, 0.360, 1.384, 0.004

1, 5, 11, 2, 30.5573, 27.6816, 0.260, 1.386, 0.004

0, 5, 10, 3, 30.5573, 27.6816, 0.370, 1.387, 0.004

1, 5, 11, 3, 30.5573, 27.6816, 0.260, 1.393, 0.004

0, 5, 10, 4, 30.5573, 27.6816, 0.360, 1.395, 0.004

1, 5, 11, 4, 30.5573, 27.6816, 0.260, 1.395, 0.004

0, 5, 10, 0, 30.5573, 27.9316, 0.370, 1.387, 0.004

1, 5, 11, 0, 30.5573, 27.9316, 0.250, 1.382, 0.004

0, 5, 10, 1, 30.5573, 27.9316, 0.360, 1.394, 0.004

1, 5, 11, 1, 30.5573, 27.9316, 0.250, 1.376, 0.004

0, 5, 10, 2, 30.5573, 27.9316, 0.360, 1.384, 0.004

1, 5, 11, 2, 30.5573, 27.9316, 0.250, 1.386, 0.004

0, 5, 10, 3, 30.5573, 27.9316, 0.370, 1.390, 0.004

1, 5, 11, 3, 30.5573, 27.9316, 0.250, 1.383, 0.004

0, 5, 10, 4, 30.5573, 27.9316, 0.370, 1.383, 0.004

1, 5, 11, 4, 30.5573, 27.9316, 0.260, 1.386, 0.004

0, 5, 10, 0, 30.5573, 28.1816, 0.360, 1.388, 0.004

1, 5, 11, 0, 30.5573, 28.1816, 0.260, 1.386, 0.004

0, 5, 10, 1, 30.5573, 28.1816, 0.370, 1.372, 0.004

1, 5, 11, 1, 30.5573, 28.1816, 0.250, 1.383, 0.004

0, 5, 10, 2, 30.5573, 28.1816, 0.360, 1.386, 0.004

1, 5, 11, 2, 30.5573, 28.1816, 0.250, 1.377, 0.004

0, 5, 10, 3, 30.5573, 28.1816, 0.370, 1.374, 0.004

1, 5, 11, 3, 30.5573, 28.1816, 0.250, 1.384, 0.004

0, 5, 10, 4, 30.5573, 28.1816, 0.370, 1.382, 0.004

1, 5, 11, 4, 30.5573, 28.1816, 0.250, 1.380, 0.004

0, 5, 10, 0, 30.5573, 28.4316, 0.370, 1.383, 0.004

1, 5, 11, 0, 30.5573, 28.4316, 0.250, 1.384, 0.004

0, 5, 10, 1, 30.5573, 28.4316, 0.370, 1.393, 0.004

1, 5, 11, 1, 30.5573, 28.4316, 0.250, 1.379, 0.004

0, 5, 10, 2, 30.5573, 28.4316, 0.370, 1.387, 0.004

1, 5, 11, 2, 30.5573, 28.4316, 0.250, 1.388, 0.004

0, 5, 10, 3, 30.5573, 28.4316, 0.360, 1.398, 0.004

1, 5, 11, 3, 30.5573, 28.4316, 0.260, 1.388, 0.004

0, 5, 10, 4, 30.5573, 28.4316, 0.370, 1.388, 0.004

1, 5, 11, 4, 30.5573, 28.4316, 0.250, 1.381, 0.004

0, 5, 10, 0, 30.5573, 28.6816, 0.370, 1.393, 0.004

1, 5, 11, 0, 30.5573, 28.6816, 0.250, 1.389, 0.004

0, 5, 10, 1, 30.5573, 28.6816, 0.370, 1.385, 0.004

1, 5, 11, 1, 30.5573, 28.6816, 0.260, 1.382, 0.004

0, 5, 10, 2, 30.5573, 28.6816, 0.360, 1.387, 0.004

1, 5, 11, 2, 30.5573, 28.6816, 0.250, 1.388, 0.004

0, 5, 10, 3, 30.5573, 28.6816, 0.360, 1.390, 0.004

1, 5, 11, 3, 30.5573, 28.6816, 0.250, 1.390, 0.004

0, 5, 10, 4, 30.5573, 28.6816, 0.370, 1.393, 0.004

1, 5, 11, 4, 30.5573, 28.6816, 0.250, 1.384, 0.004

0, 5, 10, 0, 30.5573, 28.9316, 0.370, 1.394, 0.004

1, 5, 11, 0, 30.5573, 28.9316, 0.260, 1.378, 0.004

0, 5, 10, 1, 30.5573, 28.9316, 0.370, 1.399, 0.004

1, 5, 11, 1, 30.5573, 28.9316, 0.250, 1.378, 0.004

0, 5, 10, 2, 30.5573, 28.9316, 0.370, 1.372, 0.004

1, 5, 11, 2, 30.5573, 28.9316, 0.250, 1.381, 0.004

0, 5, 10, 3, 30.5573, 28.9316, 0.370, 1.384, 0.004

1, 5, 11, 3, 30.5573, 28.9316, 0.250, 1.378, 0.004

0, 5, 10, 4, 30.5573, 28.9316, 0.360, 1.394, 0.004

1, 5, 11, 4, 30.5573, 28.9316, 0.250, 1.382, 0.004

0, 5, 10, 0, 30.5573, 29.1816, 0.370, 1.394, 0.004

1, 5, 11, 0, 30.5573, 29.1816, 0.250, 1.381, 0.004

0, 5, 10, 1, 30.5573, 29.1816, 0.370, 1.388, 0.004

1, 5, 11, 1, 30.5573, 29.1816, 0.250, 1.382, 0.004

0, 5, 10, 2, 30.5573, 29.1816, 0.370, 1.380, 0.004

1, 5, 11, 2, 30.5573, 29.1816, 0.250, 1.385, 0.004

0, 5, 10, 3, 30.5573, 29.1816, 0.370, 1.384, 0.004

1, 5, 11, 3, 30.5573, 29.1816, 0.250, 1.390, 0.004

0, 5, 10, 4, 30.5573, 29.1816, 0.380, 1.395, 0.004

1, 5, 11, 4, 30.5573, 29.1816, 0.260, 1.381, 0.004

0, 5, 10, 0, 30.5573, 29.4316, 0.370, 1.389, 0.004

1, 5, 11, 0, 30.5573, 29.4316, 0.250, 1.384, 0.004

0, 5, 10, 1, 30.5573, 29.4316, 0.360, 1.386, 0.004

1, 5, 11, 1, 30.5573, 29.4316, 0.250, 1.381, 0.004

0, 5, 10, 2, 30.5573, 29.4316, 0.380, 1.377, 0.004

1, 5, 11, 2, 30.5573, 29.4316, 0.250, 1.384, 0.004

0, 5, 10, 3, 30.5573, 29.4316, 0.360, 1.389, 0.004

1, 5, 11, 3, 30.5573, 29.4316, 0.250, 1.381, 0.004

0, 5, 10, 4, 30.5573, 29.4316, 0.370, 1.384, 0.004

1, 5, 11, 4, 30.5573, 29.4316, 0.250, 1.381, 0.004

0, 5, 10, 0, 30.5573, 29.6816, 0.360, 1.349, 0.004

1, 5, 11, 0, 30.5573, 29.6816, 0.250, 1.379, 0.004

0, 5, 10, 1, 30.5573, 29.6816, 0.370, 1.389, 0.004

1, 5, 11, 1, 30.5573, 29.6816, 0.250, 1.383, 0.004

0, 5, 10, 2, 30.5573, 29.6816, 0.360, 1.381, 0.004

1, 5, 11, 2, 30.5573, 29.6816, 0.250, 1.384, 0.004

0, 5, 10, 3, 30.5573, 29.6816, 0.370, 1.361, 0.004

1, 5, 11, 3, 30.5573, 29.6816, 0.260, 1.381, 0.004

0, 5, 10, 4, 30.5573, 29.6816, 0.370, 1.375, 0.004

1, 5, 11, 4, 30.5573, 29.6816, 0.250, 1.382, 0.004

0, 5, 10, 0, 30.5573, 29.9316, 0.380, 1.392, 0.004

1, 5, 11, 0, 30.5573, 29.9316, 0.250, 1.375, 0.004

0, 5, 10, 1, 30.5573, 29.9316, 0.360, 1.382, 0.004

1, 5, 11, 1, 30.5573, 29.9316, 0.250, 1.381, 0.004

0, 5, 10, 2, 30.5573, 29.9316, 0.370, 1.358, 0.004

1, 5, 11, 2, 30.5573, 29.9316, 0.250, 1.387, 0.004

0, 5, 10, 3, 30.5573, 29.9316, 0.370, 1.386, 0.004

1, 5, 11, 3, 30.5573, 29.9316, 0.250, 1.387, 0.004

0, 5, 10, 4, 30.5573, 29.9316, 0.370, 1.398, 0.004

1, 5, 11, 4, 30.5573, 29.9316, 0.250, 1.385, 0.004

0, 5, 10, 0, 30.5573, 30.1816, 0.370, 1.388, 0.004

1, 5, 11, 0, 30.5573, 30.1816, 0.250, 1.384, 0.004

0, 5, 10, 1, 30.5573, 30.1816, 0.360, 1.394, 0.004

1, 5, 11, 1, 30.5573, 30.1816, 0.250, 1.387, 0.004

0, 5, 10, 2, 30.5573, 30.1816, 0.380, 1.384, 0.004

1, 5, 11, 2, 30.5573, 30.1816, 0.250, 1.386, 0.004

0, 5, 10, 3, 30.5573, 30.1816, 0.370, 1.391, 0.004

1, 5, 11, 3, 30.5573, 30.1816, 0.260, 1.378, 0.004

0, 5, 10, 4, 30.5573, 30.1816, 0.370, 1.384, 0.004

1, 5, 11, 4, 30.5573, 30.1816, 0.250, 1.381, 0.004

0, 5, 10, 0, 30.5573, 30.4316, 0.370, 1.393, 0.004

1, 5, 11, 0, 30.5573, 30.4316, 0.250, 1.382, 0.004

0, 5, 10, 1, 30.5573, 30.4316, 0.370, 1.391, 0.004

1, 5, 11, 1, 30.5573, 30.4316, 0.250, 1.380, 0.004

0, 5, 10, 2, 30.5573, 30.4316, 0.370, 1.391, 0.004

1, 5, 11, 2, 30.5573, 30.4316, 0.250, 1.383, 0.004

0, 5, 10, 3, 30.5573, 30.4316, 0.370, 1.403, 0.004

1, 5, 11, 3, 30.5573, 30.4316, 0.250, 1.383, 0.004

0, 5, 10, 4, 30.5573, 30.4316, 0.370, 1.382, 0.004

1, 5, 11, 4, 30.5573, 30.4316, 0.250, 1.376, 0.004

0, 5, 10, 0, 30.5573, 30.6816, 0.370, 1.375, 0.004

1, 5, 11, 0, 30.5573, 30.6816, 0.250, 1.377, 0.004

0, 5, 10, 1, 30.5573, 30.6816, 0.370, 1.390, 0.004

1, 5, 11, 1, 30.5573, 30.6816, 0.260, 1.371, 0.004

0, 5, 10, 2, 30.5573, 30.6816, 0.380, 1.386, 0.004

1, 5, 11, 2, 30.5573, 30.6816, 0.250, 1.383, 0.004

0, 5, 10, 3, 30.5573, 30.6816, 0.380, 1.383, 0.004

1, 5, 11, 3, 30.5573, 30.6816, 0.250, 1.387, 0.004

0, 5, 10, 4, 30.5573, 30.6816, 0.370, 1.387, 0.004

1, 5, 11, 4, 30.5573, 30.6816, 0.250, 1.381, 0.004

0, 5, 10, 0, 30.5573, 30.9316, 0.350, 1.383, 0.004

1, 5, 11, 0, 30.5573, 30.9316, 0.250, 1.387, 0.004

0, 5, 10, 1, 30.5573, 30.9316, 0.360, 1.393, 0.004

1, 5, 11, 1, 30.5573, 30.9316, 0.260, 1.371, 0.004

0, 5, 10, 2, 30.5573, 30.9316, 0.350, 1.387, 0.004

1, 5, 11, 2, 30.5573, 30.9316, 0.250, 1.369, 0.004

0, 5, 10, 3, 30.5573, 30.9316, 0.360, 1.395, 0.004

1, 5, 11, 3, 30.5573, 30.9316, 0.250, 1.383, 0.004

0, 5, 10, 4, 30.5573, 30.9316, 0.350, 1.388, 0.004

1, 5, 11, 4, 30.5573, 30.9316, 0.250, 1.381, 0.004

0, 5, 10, 0, 30.5573, 31.1816, 0.340, 1.387, 0.004

1, 5, 11, 0, 30.5573, 31.1816, 0.250, 1.379, 0.004

0, 5, 10, 1, 30.5573, 31.1816, 0.330, 1.391, 0.004

1, 5, 11, 1, 30.5573, 31.1816, 0.250, 1.378, 0.004

0, 5, 10, 2, 30.5573, 31.1816, 0.340, 1.397, 0.004

1, 5, 11, 2, 30.5573, 31.1816, 0.250, 1.384, 0.004

0, 5, 10, 3, 30.5573, 31.1816, 0.340, 1.366, 0.004

1, 5, 11, 3, 30.5573, 31.1816, 0.260, 1.386, 0.004

0, 5, 10, 4, 30.5573, 31.1816, 0.360, 1.394, 0.004

1, 5, 11, 4, 30.5573, 31.1816, 0.250, 1.387, 0.004

0, 5, 10, 0, 30.5573, 31.4316, 0.350, 1.396, 0.004

1, 5, 11, 0, 30.5573, 31.4316, 0.260, 1.383, 0.004

0, 5, 10, 1, 30.5573, 31.4316, 0.360, 1.390, 0.004

1, 5, 11, 1, 30.5573, 31.4316, 0.250, 1.383, 0.004

0, 5, 10, 2, 30.5573, 31.4316, 0.360, 1.386, 0.004

1, 5, 11, 2, 30.5573, 31.4316, 0.260, 1.383, 0.004

0, 5, 10, 3, 30.5573, 31.4316, 0.350, 1.381, 0.004

1, 5, 11, 3, 30.5573, 31.4316, 0.250, 1.378, 0.004

0, 5, 10, 4, 30.5573, 31.4316, 0.360, 1.389, 0.004

1, 5, 11, 4, 30.5573, 31.4316, 0.250, 1.380, 0.004

0, 5, 10, 0, 30.5573, 31.6816, 0.350, 1.386, 0.004

1, 5, 11, 0, 30.5573, 31.6816, 0.250, 1.375, 0.004

0, 5, 10, 1, 30.5573, 31.6816, 0.350, 1.399, 0.004

1, 5, 11, 1, 30.5573, 31.6816, 0.250, 1.381, 0.004

0, 5, 10, 2, 30.5573, 31.6816, 0.360, 1.398, 0.004

1, 5, 11, 2, 30.5573, 31.6816, 0.260, 1.386, 0.004

0, 5, 10, 3, 30.5573, 31.6816, 0.360, 1.387, 0.004

1, 5, 11, 3, 30.5573, 31.6816, 0.250, 1.387, 0.004

0, 5, 10, 4, 30.5573, 31.6816, 0.360, 1.384, 0.004

1, 5, 11, 4, 30.5573, 31.6816, 0.260, 1.376, 0.004

