Test Sector:
Device ID, Channel, Tile ID, trial, x, y, IMON, RMON, VCOMP
xorigincm, xfinalcm, xsteplengthcm, xsteps = 19.521, 19.521, 0, 42
yorigincm, yfinalcm, ysteplengthcm, nRepeat = 18.655, 29.345, 0.25, 5
0, 3, 6, 0, 0, 0, 0.280, 1.385, 0.004

1, 3, 7, 0, 0, 0, 0.240, 1.363, 0.004

0, 3, 6, 1, 0, 0, 0.280, 1.385, 0.004

1, 3, 7, 1, 0, 0, 0.240, 1.374, 0.004

0, 3, 6, 2, 0, 0, 0.280, 1.388, 0.004

1, 3, 7, 2, 0, 0, 0.240, 1.358, 0.004

0, 3, 6, 3, 0, 0, 0.280, 1.387, 0.004

1, 3, 7, 3, 0, 0, 0.240, 1.365, 0.004

0, 3, 6, 4, 0, 0, 0.280, 1.391, 0.004

1, 3, 7, 4, 0, 0, 0.240, 1.364, 0.004

0, 3, 6, 0, 19.521, 18.655, 0.280, 1.393, 0.004

1, 3, 7, 0, 19.521, 18.655, 0.270, 1.366, 0.004

0, 3, 6, 1, 19.521, 18.655, 0.280, 1.386, 0.004

1, 3, 7, 1, 19.521, 18.655, 0.280, 1.371, 0.004

0, 3, 6, 2, 19.521, 18.655, 0.280, 1.391, 0.004

1, 3, 7, 2, 19.521, 18.655, 0.280, 1.362, 0.004

0, 3, 6, 3, 19.521, 18.655, 0.280, 1.383, 0.004

1, 3, 7, 3, 19.521, 18.655, 0.290, 1.359, 0.004

0, 3, 6, 4, 19.521, 18.655, 0.270, 1.390, 0.004

1, 3, 7, 4, 19.521, 18.655, 0.290, 1.367, 0.004

0, 3, 6, 0, 19.521, 18.905, 0.280, 1.392, 0.004

1, 3, 7, 0, 19.521, 18.905, 0.320, 1.354, 0.004

0, 3, 6, 1, 19.521, 18.905, 0.280, 1.389, 0.004

1, 3, 7, 1, 19.521, 18.905, 0.330, 1.366, 0.004

0, 3, 6, 2, 19.521, 18.905, 0.280, 1.393, 0.004

1, 3, 7, 2, 19.521, 18.905, 0.320, 1.367, 0.004

0, 3, 6, 3, 19.521, 18.905, 0.280, 1.390, 0.004

1, 3, 7, 3, 19.521, 18.905, 0.330, 1.363, 0.004

0, 3, 6, 4, 19.521, 18.905, 0.280, 1.389, 0.004

1, 3, 7, 4, 19.521, 18.905, 0.320, 1.362, 0.004

0, 3, 6, 0, 19.521, 19.155, 0.280, 1.385, 0.004

1, 3, 7, 0, 19.521, 19.155, 0.360, 1.376, 0.004

0, 3, 6, 1, 19.521, 19.155, 0.280, 1.382, 0.004

1, 3, 7, 1, 19.521, 19.155, 0.350, 1.364, 0.004

0, 3, 6, 2, 19.521, 19.155, 0.280, 1.388, 0.004

1, 3, 7, 2, 19.521, 19.155, 0.360, 1.361, 0.004

0, 3, 6, 3, 19.521, 19.155, 0.280, 1.393, 0.004

1, 3, 7, 3, 19.521, 19.155, 0.340, 1.373, 0.004

0, 3, 6, 4, 19.521, 19.155, 0.280, 1.385, 0.004

1, 3, 7, 4, 19.521, 19.155, 0.350, 1.367, 0.004

0, 3, 6, 0, 19.521, 19.405, 0.280, 1.392, 0.004

1, 3, 7, 0, 19.521, 19.405, 0.370, 1.365, 0.004

0, 3, 6, 1, 19.521, 19.405, 0.280, 1.388, 0.004

1, 3, 7, 1, 19.521, 19.405, 0.380, 1.371, 0.004

0, 3, 6, 2, 19.521, 19.405, 0.280, 1.382, 0.004

1, 3, 7, 2, 19.521, 19.405, 0.370, 1.366, 0.004

0, 3, 6, 3, 19.521, 19.405, 0.280, 1.387, 0.004

1, 3, 7, 3, 19.521, 19.405, 0.380, 1.362, 0.004

0, 3, 6, 4, 19.521, 19.405, 0.280, 1.390, 0.004

1, 3, 7, 4, 19.521, 19.405, 0.370, 1.363, 0.004

0, 3, 6, 0, 19.521, 19.655, 0.280, 1.391, 0.004

1, 3, 7, 0, 19.521, 19.655, 0.390, 1.384, 0.004

0, 3, 6, 1, 19.521, 19.655, 0.280, 1.385, 0.004

1, 3, 7, 1, 19.521, 19.655, 0.370, 1.364, 0.004

0, 3, 6, 2, 19.521, 19.655, 0.280, 1.389, 0.004

1, 3, 7, 2, 19.521, 19.655, 0.400, 1.370, 0.004

0, 3, 6, 3, 19.521, 19.655, 0.280, 1.386, 0.004

1, 3, 7, 3, 19.521, 19.655, 0.400, 1.355, 0.004

0, 3, 6, 4, 19.521, 19.655, 0.280, 1.393, 0.004

1, 3, 7, 4, 19.521, 19.655, 0.390, 1.370, 0.004

0, 3, 6, 0, 19.521, 19.905, 0.280, 1.388, 0.004

1, 3, 7, 0, 19.521, 19.905, 0.390, 1.370, 0.004

0, 3, 6, 1, 19.521, 19.905, 0.280, 1.388, 0.004

1, 3, 7, 1, 19.521, 19.905, 0.390, 1.370, 0.004

0, 3, 6, 2, 19.521, 19.905, 0.280, 1.396, 0.004

1, 3, 7, 2, 19.521, 19.905, 0.380, 1.362, 0.004

0, 3, 6, 3, 19.521, 19.905, 0.280, 1.389, 0.004

1, 3, 7, 3, 19.521, 19.905, 0.400, 1.365, 0.004

0, 3, 6, 4, 19.521, 19.905, 0.280, 1.387, 0.004

1, 3, 7, 4, 19.521, 19.905, 0.380, 1.368, 0.004

0, 3, 6, 0, 19.521, 20.155, 0.280, 1.390, 0.004

1, 3, 7, 0, 19.521, 20.155, 0.390, 1.364, 0.004

0, 3, 6, 1, 19.521, 20.155, 0.280, 1.384, 0.004

1, 3, 7, 1, 19.521, 20.155, 0.380, 1.357, 0.004

0, 3, 6, 2, 19.521, 20.155, 0.280, 1.391, 0.004

1, 3, 7, 2, 19.521, 20.155, 0.390, 1.368, 0.004

0, 3, 6, 3, 19.521, 20.155, 0.280, 1.382, 0.004

1, 3, 7, 3, 19.521, 20.155, 0.390, 1.351, 0.004

0, 3, 6, 4, 19.521, 20.155, 0.280, 1.390, 0.004

1, 3, 7, 4, 19.521, 20.155, 0.390, 1.361, 0.004

0, 3, 6, 0, 19.521, 20.405, 0.280, 1.386, 0.004

1, 3, 7, 0, 19.521, 20.405, 0.390, 1.364, 0.004

0, 3, 6, 1, 19.521, 20.405, 0.280, 1.387, 0.004

1, 3, 7, 1, 19.521, 20.405, 0.390, 1.377, 0.004

0, 3, 6, 2, 19.521, 20.405, 0.280, 1.375, 0.004

1, 3, 7, 2, 19.521, 20.405, 0.380, 1.364, 0.004

0, 3, 6, 3, 19.521, 20.405, 0.280, 1.389, 0.004

1, 3, 7, 3, 19.521, 20.405, 0.390, 1.367, 0.004

0, 3, 6, 4, 19.521, 20.405, 0.280, 1.392, 0.004

1, 3, 7, 4, 19.521, 20.405, 0.390, 1.365, 0.004

0, 3, 6, 0, 19.521, 20.655, 0.280, 1.392, 0.004

1, 3, 7, 0, 19.521, 20.655, 0.390, 1.367, 0.004

0, 3, 6, 1, 19.521, 20.655, 0.280, 1.389, 0.004

1, 3, 7, 1, 19.521, 20.655, 0.390, 1.367, 0.004

0, 3, 6, 2, 19.521, 20.655, 0.280, 1.392, 0.004

1, 3, 7, 2, 19.521, 20.655, 0.380, 1.356, 0.004

0, 3, 6, 3, 19.521, 20.655, 0.280, 1.393, 0.004

1, 3, 7, 3, 19.521, 20.655, 0.380, 1.355, 0.004

0, 3, 6, 4, 19.521, 20.655, 0.280, 1.385, 0.004

1, 3, 7, 4, 19.521, 20.655, 0.390, 1.365, 0.004

0, 3, 6, 0, 19.521, 20.905, 0.280, 1.382, 0.004

1, 3, 7, 0, 19.521, 20.905, 0.390, 1.371, 0.004

0, 3, 6, 1, 19.521, 20.905, 0.280, 1.385, 0.004

1, 3, 7, 1, 19.521, 20.905, 0.380, 1.364, 0.004

0, 3, 6, 2, 19.521, 20.905, 0.290, 1.392, 0.004

1, 3, 7, 2, 19.521, 20.905, 0.380, 1.369, 0.004

0, 3, 6, 3, 19.521, 20.905, 0.280, 1.394, 0.004

1, 3, 7, 3, 19.521, 20.905, 0.390, 1.367, 0.004

0, 3, 6, 4, 19.521, 20.905, 0.280, 1.382, 0.004

1, 3, 7, 4, 19.521, 20.905, 0.390, 1.363, 0.004

0, 3, 6, 0, 19.521, 21.155, 0.280, 1.387, 0.004

1, 3, 7, 0, 19.521, 21.155, 0.380, 1.364, 0.004

0, 3, 6, 1, 19.521, 21.155, 0.290, 1.382, 0.004

1, 3, 7, 1, 19.521, 21.155, 0.400, 1.365, 0.004

0, 3, 6, 2, 19.521, 21.155, 0.280, 1.385, 0.004

1, 3, 7, 2, 19.521, 21.155, 0.380, 1.373, 0.004

0, 3, 6, 3, 19.521, 21.155, 0.280, 1.395, 0.004

1, 3, 7, 3, 19.521, 21.155, 0.390, 1.362, 0.004

0, 3, 6, 4, 19.521, 21.155, 0.270, 1.384, 0.004

1, 3, 7, 4, 19.521, 21.155, 0.400, 1.357, 0.004

0, 3, 6, 0, 19.521, 21.405, 0.280, 1.382, 0.004

1, 3, 7, 0, 19.521, 21.405, 0.380, 1.367, 0.004

0, 3, 6, 1, 19.521, 21.405, 0.280, 1.390, 0.004

1, 3, 7, 1, 19.521, 21.405, 0.390, 1.345, 0.004

0, 3, 6, 2, 19.521, 21.405, 0.290, 1.390, 0.004

1, 3, 7, 2, 19.521, 21.405, 0.380, 1.369, 0.004

0, 3, 6, 3, 19.521, 21.405, 0.280, 1.376, 0.004

1, 3, 7, 3, 19.521, 21.405, 0.400, 1.371, 0.004

0, 3, 6, 4, 19.521, 21.405, 0.280, 1.387, 0.004

1, 3, 7, 4, 19.521, 21.405, 0.390, 1.364, 0.004

0, 3, 6, 0, 19.521, 21.655, 0.280, 1.384, 0.004

1, 3, 7, 0, 19.521, 21.655, 0.390, 1.365, 0.004

0, 3, 6, 1, 19.521, 21.655, 0.280, 1.386, 0.004

1, 3, 7, 1, 19.521, 21.655, 0.400, 1.368, 0.004

0, 3, 6, 2, 19.521, 21.655, 0.280, 1.391, 0.004

1, 3, 7, 2, 19.521, 21.655, 0.390, 1.372, 0.004

0, 3, 6, 3, 19.521, 21.655, 0.280, 1.387, 0.004

1, 3, 7, 3, 19.521, 21.655, 0.380, 1.359, 0.004

0, 3, 6, 4, 19.521, 21.655, 0.280, 1.387, 0.004

1, 3, 7, 4, 19.521, 21.655, 0.380, 1.366, 0.004

0, 3, 6, 0, 19.521, 21.905, 0.280, 1.389, 0.004

1, 3, 7, 0, 19.521, 21.905, 0.380, 1.360, 0.004

0, 3, 6, 1, 19.521, 21.905, 0.280, 1.395, 0.004

1, 3, 7, 1, 19.521, 21.905, 0.380, 1.366, 0.004

0, 3, 6, 2, 19.521, 21.905, 0.280, 1.387, 0.004

1, 3, 7, 2, 19.521, 21.905, 0.390, 1.372, 0.004

0, 3, 6, 3, 19.521, 21.905, 0.280, 1.383, 0.004

1, 3, 7, 3, 19.521, 21.905, 0.410, 1.362, 0.004

0, 3, 6, 4, 19.521, 21.905, 0.280, 1.384, 0.004

1, 3, 7, 4, 19.521, 21.905, 0.390, 1.363, 0.004

0, 3, 6, 0, 19.521, 22.155, 0.280, 1.389, 0.004

1, 3, 7, 0, 19.521, 22.155, 0.390, 1.366, 0.004

0, 3, 6, 1, 19.521, 22.155, 0.280, 1.385, 0.004

1, 3, 7, 1, 19.521, 22.155, 0.400, 1.364, 0.004

0, 3, 6, 2, 19.521, 22.155, 0.280, 1.396, 0.004

1, 3, 7, 2, 19.521, 22.155, 0.380, 1.352, 0.004

0, 3, 6, 3, 19.521, 22.155, 0.280, 1.385, 0.004

1, 3, 7, 3, 19.521, 22.155, 0.390, 1.363, 0.004

0, 3, 6, 4, 19.521, 22.155, 0.280, 1.389, 0.004

1, 3, 7, 4, 19.521, 22.155, 0.390, 1.370, 0.004

0, 3, 6, 0, 19.521, 22.405, 0.280, 1.385, 0.004

1, 3, 7, 0, 19.521, 22.405, 0.390, 1.371, 0.004

0, 3, 6, 1, 19.521, 22.405, 0.280, 1.390, 0.004

1, 3, 7, 1, 19.521, 22.405, 0.390, 1.367, 0.004

0, 3, 6, 2, 19.521, 22.405, 0.280, 1.395, 0.004

1, 3, 7, 2, 19.521, 22.405, 0.400, 1.362, 0.004

0, 3, 6, 3, 19.521, 22.405, 0.280, 1.391, 0.004

1, 3, 7, 3, 19.521, 22.405, 0.380, 1.374, 0.004

0, 3, 6, 4, 19.521, 22.405, 0.280, 1.393, 0.004

1, 3, 7, 4, 19.521, 22.405, 0.400, 1.369, 0.004

0, 3, 6, 0, 19.521, 22.655, 0.290, 1.383, 0.004

1, 3, 7, 0, 19.521, 22.655, 0.390, 1.368, 0.004

0, 3, 6, 1, 19.521, 22.655, 0.280, 1.383, 0.004

1, 3, 7, 1, 19.521, 22.655, 0.390, 1.365, 0.004

0, 3, 6, 2, 19.521, 22.655, 0.280, 1.387, 0.004

1, 3, 7, 2, 19.521, 22.655, 0.390, 1.359, 0.004

0, 3, 6, 3, 19.521, 22.655, 0.280, 1.393, 0.004

1, 3, 7, 3, 19.521, 22.655, 0.390, 1.372, 0.004

0, 3, 6, 4, 19.521, 22.655, 0.280, 1.384, 0.004

1, 3, 7, 4, 19.521, 22.655, 0.390, 1.360, 0.004

0, 3, 6, 0, 19.521, 22.905, 0.280, 1.389, 0.004

1, 3, 7, 0, 19.521, 22.905, 0.370, 1.368, 0.004

0, 3, 6, 1, 19.521, 22.905, 0.280, 1.387, 0.004

1, 3, 7, 1, 19.521, 22.905, 0.380, 1.369, 0.004

0, 3, 6, 2, 19.521, 22.905, 0.290, 1.384, 0.004

1, 3, 7, 2, 19.521, 22.905, 0.380, 1.367, 0.004

0, 3, 6, 3, 19.521, 22.905, 0.280, 1.393, 0.004

1, 3, 7, 3, 19.521, 22.905, 0.380, 1.371, 0.004

0, 3, 6, 4, 19.521, 22.905, 0.280, 1.390, 0.004

1, 3, 7, 4, 19.521, 22.905, 0.380, 1.351, 0.004

0, 3, 6, 0, 19.521, 23.155, 0.280, 1.379, 0.004

1, 3, 7, 0, 19.521, 23.155, 0.350, 1.369, 0.004

0, 3, 6, 1, 19.521, 23.155, 0.280, 1.391, 0.004

1, 3, 7, 1, 19.521, 23.155, 0.370, 1.361, 0.004

0, 3, 6, 2, 19.521, 23.155, 0.280, 1.385, 0.004

1, 3, 7, 2, 19.521, 23.155, 0.350, 1.347, 0.004

0, 3, 6, 3, 19.521, 23.155, 0.280, 1.375, 0.004

1, 3, 7, 3, 19.521, 23.155, 0.360, 1.360, 0.004

0, 3, 6, 4, 19.521, 23.155, 0.280, 1.390, 0.004

1, 3, 7, 4, 19.521, 23.155, 0.350, 1.362, 0.004

0, 3, 6, 0, 19.521, 23.405, 0.280, 1.393, 0.004

1, 3, 7, 0, 19.521, 23.405, 0.350, 1.361, 0.004

0, 3, 6, 1, 19.521, 23.405, 0.280, 1.398, 0.004

1, 3, 7, 1, 19.521, 23.405, 0.350, 1.358, 0.004

0, 3, 6, 2, 19.521, 23.405, 0.280, 1.385, 0.004

1, 3, 7, 2, 19.521, 23.405, 0.350, 1.368, 0.004

0, 3, 6, 3, 19.521, 23.405, 0.280, 1.388, 0.004

1, 3, 7, 3, 19.521, 23.405, 0.350, 1.371, 0.004

0, 3, 6, 4, 19.521, 23.405, 0.280, 1.383, 0.004

1, 3, 7, 4, 19.521, 23.405, 0.350, 1.364, 0.004

0, 3, 6, 0, 19.521, 23.655, 0.280, 1.385, 0.004

1, 3, 7, 0, 19.521, 23.655, 0.310, 1.364, 0.004

0, 3, 6, 1, 19.521, 23.655, 0.280, 1.389, 0.004

1, 3, 7, 1, 19.521, 23.655, 0.310, 1.363, 0.004

0, 3, 6, 2, 19.521, 23.655, 0.290, 1.387, 0.004

1, 3, 7, 2, 19.521, 23.655, 0.310, 1.364, 0.004

0, 3, 6, 3, 19.521, 23.655, 0.290, 1.391, 0.004

1, 3, 7, 3, 19.521, 23.655, 0.300, 1.365, 0.004

0, 3, 6, 4, 19.521, 23.655, 0.280, 1.397, 0.004

1, 3, 7, 4, 19.521, 23.655, 0.310, 1.360, 0.004

0, 3, 6, 0, 19.521, 23.905, 0.290, 1.378, 0.004

1, 3, 7, 0, 19.521, 23.905, 0.260, 1.360, 0.004

0, 3, 6, 1, 19.521, 23.905, 0.290, 1.395, 0.004

1, 3, 7, 1, 19.521, 23.905, 0.260, 1.373, 0.004

0, 3, 6, 2, 19.521, 23.905, 0.290, 1.387, 0.004

1, 3, 7, 2, 19.521, 23.905, 0.260, 1.377, 0.004

0, 3, 6, 3, 19.521, 23.905, 0.290, 1.386, 0.004

1, 3, 7, 3, 19.521, 23.905, 0.260, 1.368, 0.004

0, 3, 6, 4, 19.521, 23.905, 0.290, 1.387, 0.004

1, 3, 7, 4, 19.521, 23.905, 0.260, 1.370, 0.004

0, 3, 6, 0, 19.521, 24.155, 0.320, 1.390, 0.004

1, 3, 7, 0, 19.521, 24.155, 0.250, 1.364, 0.004

0, 3, 6, 1, 19.521, 24.155, 0.320, 1.394, 0.004

1, 3, 7, 1, 19.521, 24.155, 0.240, 1.361, 0.004

0, 3, 6, 2, 19.521, 24.155, 0.320, 1.381, 0.004

1, 3, 7, 2, 19.521, 24.155, 0.240, 1.370, 0.004

0, 3, 6, 3, 19.521, 24.155, 0.320, 1.383, 0.004

1, 3, 7, 3, 19.521, 24.155, 0.240, 1.359, 0.004

0, 3, 6, 4, 19.521, 24.155, 0.320, 1.383, 0.004

1, 3, 7, 4, 19.521, 24.155, 0.250, 1.363, 0.004

0, 3, 6, 0, 19.521, 24.405, 0.360, 1.383, 0.004

1, 3, 7, 0, 19.521, 24.405, 0.240, 1.367, 0.004

0, 3, 6, 1, 19.521, 24.405, 0.360, 1.391, 0.004

1, 3, 7, 1, 19.521, 24.405, 0.240, 1.363, 0.004

0, 3, 6, 2, 19.521, 24.405, 0.370, 1.393, 0.004

1, 3, 7, 2, 19.521, 24.405, 0.240, 1.375, 0.004

0, 3, 6, 3, 19.521, 24.405, 0.360, 1.394, 0.004

1, 3, 7, 3, 19.521, 24.405, 0.240, 1.364, 0.004

0, 3, 6, 4, 19.521, 24.405, 0.350, 1.388, 0.004

1, 3, 7, 4, 19.521, 24.405, 0.240, 1.364, 0.004

0, 3, 6, 0, 19.521, 24.655, 0.360, 1.353, 0.004

1, 3, 7, 0, 19.521, 24.655, 0.240, 1.368, 0.004

0, 3, 6, 1, 19.521, 24.655, 0.360, 1.380, 0.004

1, 3, 7, 1, 19.521, 24.655, 0.240, 1.373, 0.004

0, 3, 6, 2, 19.521, 24.655, 0.370, 1.384, 0.004

1, 3, 7, 2, 19.521, 24.655, 0.240, 1.368, 0.004

0, 3, 6, 3, 19.521, 24.655, 0.370, 1.371, 0.004

1, 3, 7, 3, 19.521, 24.655, 0.240, 1.366, 0.004

0, 3, 6, 4, 19.521, 24.655, 0.370, 1.384, 0.004

1, 3, 7, 4, 19.521, 24.655, 0.240, 1.365, 0.004

0, 3, 6, 0, 19.521, 24.905, 0.390, 1.390, 0.004

1, 3, 7, 0, 19.521, 24.905, 0.240, 1.358, 0.004

0, 3, 6, 1, 19.521, 24.905, 0.380, 1.389, 0.004

1, 3, 7, 1, 19.521, 24.905, 0.240, 1.366, 0.004

0, 3, 6, 2, 19.521, 24.905, 0.380, 1.390, 0.004

1, 3, 7, 2, 19.521, 24.905, 0.240, 1.364, 0.004

0, 3, 6, 3, 19.521, 24.905, 0.380, 1.389, 0.004

1, 3, 7, 3, 19.521, 24.905, 0.240, 1.373, 0.004

0, 3, 6, 4, 19.521, 24.905, 0.380, 1.392, 0.004

1, 3, 7, 4, 19.521, 24.905, 0.240, 1.361, 0.004

0, 3, 6, 0, 19.521, 25.155, 0.380, 1.378, 0.004

1, 3, 7, 0, 19.521, 25.155, 0.240, 1.366, 0.004

0, 3, 6, 1, 19.521, 25.155, 0.400, 1.388, 0.004

1, 3, 7, 1, 19.521, 25.155, 0.240, 1.361, 0.004

0, 3, 6, 2, 19.521, 25.155, 0.390, 1.385, 0.004

1, 3, 7, 2, 19.521, 25.155, 0.240, 1.369, 0.004

0, 3, 6, 3, 19.521, 25.155, 0.400, 1.389, 0.004

1, 3, 7, 3, 19.521, 25.155, 0.240, 1.363, 0.004

0, 3, 6, 4, 19.521, 25.155, 0.390, 1.377, 0.004

1, 3, 7, 4, 19.521, 25.155, 0.240, 1.371, 0.004

0, 3, 6, 0, 19.521, 25.405, 0.410, 1.390, 0.004

1, 3, 7, 0, 19.521, 25.405, 0.240, 1.364, 0.004

0, 3, 6, 1, 19.521, 25.405, 0.400, 1.381, 0.004

1, 3, 7, 1, 19.521, 25.405, 0.240, 1.367, 0.004

0, 3, 6, 2, 19.521, 25.405, 0.400, 1.390, 0.004

1, 3, 7, 2, 19.521, 25.405, 0.240, 1.367, 0.004

0, 3, 6, 3, 19.521, 25.405, 0.400, 1.386, 0.004

1, 3, 7, 3, 19.521, 25.405, 0.240, 1.361, 0.004

0, 3, 6, 4, 19.521, 25.405, 0.400, 1.386, 0.004

1, 3, 7, 4, 19.521, 25.405, 0.240, 1.365, 0.004

0, 3, 6, 0, 19.521, 25.655, 0.410, 1.392, 0.004

1, 3, 7, 0, 19.521, 25.655, 0.240, 1.372, 0.004

0, 3, 6, 1, 19.521, 25.655, 0.400, 1.390, 0.004

1, 3, 7, 1, 19.521, 25.655, 0.240, 1.365, 0.004

0, 3, 6, 2, 19.521, 25.655, 0.400, 1.388, 0.004

1, 3, 7, 2, 19.521, 25.655, 0.240, 1.370, 0.004

0, 3, 6, 3, 19.521, 25.655, 0.400, 1.384, 0.004

1, 3, 7, 3, 19.521, 25.655, 0.230, 1.361, 0.004

0, 3, 6, 4, 19.521, 25.655, 0.410, 1.377, 0.004

1, 3, 7, 4, 19.521, 25.655, 0.240, 1.363, 0.004

0, 3, 6, 0, 19.521, 25.905, 0.400, 1.380, 0.004

1, 3, 7, 0, 19.521, 25.905, 0.240, 1.366, 0.004

0, 3, 6, 1, 19.521, 25.905, 0.390, 1.395, 0.004

1, 3, 7, 1, 19.521, 25.905, 0.240, 1.367, 0.004

0, 3, 6, 2, 19.521, 25.905, 0.400, 1.397, 0.004

1, 3, 7, 2, 19.521, 25.905, 0.240, 1.363, 0.004

0, 3, 6, 3, 19.521, 25.905, 0.400, 1.390, 0.004

1, 3, 7, 3, 19.521, 25.905, 0.240, 1.361, 0.004

0, 3, 6, 4, 19.521, 25.905, 0.400, 1.392, 0.004

1, 3, 7, 4, 19.521, 25.905, 0.240, 1.366, 0.004

0, 3, 6, 0, 19.521, 26.155, 0.400, 1.386, 0.004

1, 3, 7, 0, 19.521, 26.155, 0.240, 1.367, 0.004

0, 3, 6, 1, 19.521, 26.155, 0.400, 1.390, 0.004

1, 3, 7, 1, 19.521, 26.155, 0.240, 1.375, 0.004

0, 3, 6, 2, 19.521, 26.155, 0.410, 1.386, 0.004

1, 3, 7, 2, 19.521, 26.155, 0.230, 1.365, 0.004

0, 3, 6, 3, 19.521, 26.155, 0.390, 1.386, 0.004

1, 3, 7, 3, 19.521, 26.155, 0.230, 1.367, 0.004

0, 3, 6, 4, 19.521, 26.155, 0.410, 1.386, 0.004

1, 3, 7, 4, 19.521, 26.155, 0.240, 1.357, 0.004

0, 3, 6, 0, 19.521, 26.405, 0.400, 1.391, 0.004

1, 3, 7, 0, 19.521, 26.405, 0.240, 1.364, 0.004

0, 3, 6, 1, 19.521, 26.405, 0.410, 1.384, 0.004

1, 3, 7, 1, 19.521, 26.405, 0.230, 1.362, 0.004

0, 3, 6, 2, 19.521, 26.405, 0.400, 1.390, 0.004

1, 3, 7, 2, 19.521, 26.405, 0.240, 1.363, 0.004

0, 3, 6, 3, 19.521, 26.405, 0.400, 1.391, 0.004

1, 3, 7, 3, 19.521, 26.405, 0.230, 1.368, 0.004

0, 3, 6, 4, 19.521, 26.405, 0.410, 1.387, 0.004

1, 3, 7, 4, 19.521, 26.405, 0.230, 1.366, 0.004

0, 3, 6, 0, 19.521, 26.655, 0.400, 1.383, 0.004

1, 3, 7, 0, 19.521, 26.655, 0.240, 1.375, 0.004

0, 3, 6, 1, 19.521, 26.655, 0.400, 1.395, 0.004

1, 3, 7, 1, 19.521, 26.655, 0.240, 1.368, 0.004

0, 3, 6, 2, 19.521, 26.655, 0.400, 1.393, 0.004

1, 3, 7, 2, 19.521, 26.655, 0.240, 1.369, 0.004

0, 3, 6, 3, 19.521, 26.655, 0.400, 1.339, 0.004

1, 3, 7, 3, 19.521, 26.655, 0.240, 1.364, 0.004

0, 3, 6, 4, 19.521, 26.655, 0.400, 1.388, 0.004

1, 3, 7, 4, 19.521, 26.655, 0.240, 1.365, 0.004

0, 3, 6, 0, 19.521, 26.905, 0.400, 1.383, 0.004

1, 3, 7, 0, 19.521, 26.905, 0.240, 1.364, 0.004

0, 3, 6, 1, 19.521, 26.905, 0.400, 1.386, 0.004

1, 3, 7, 1, 19.521, 26.905, 0.230, 1.362, 0.004

0, 3, 6, 2, 19.521, 26.905, 0.400, 1.350, 0.004

1, 3, 7, 2, 19.521, 26.905, 0.240, 1.358, 0.004

0, 3, 6, 3, 19.521, 26.905, 0.410, 1.395, 0.004

1, 3, 7, 3, 19.521, 26.905, 0.230, 1.366, 0.004

0, 3, 6, 4, 19.521, 26.905, 0.410, 1.377, 0.004

1, 3, 7, 4, 19.521, 26.905, 0.240, 1.367, 0.004

0, 3, 6, 0, 19.521, 27.155, 0.410, 1.385, 0.004

1, 3, 7, 0, 19.521, 27.155, 0.240, 1.364, 0.004

0, 3, 6, 1, 19.521, 27.155, 0.410, 1.382, 0.004

1, 3, 7, 1, 19.521, 27.155, 0.240, 1.368, 0.004

0, 3, 6, 2, 19.521, 27.155, 0.410, 1.387, 0.004

1, 3, 7, 2, 19.521, 27.155, 0.240, 1.364, 0.004

0, 3, 6, 3, 19.521, 27.155, 0.410, 1.392, 0.004

1, 3, 7, 3, 19.521, 27.155, 0.240, 1.365, 0.004

0, 3, 6, 4, 19.521, 27.155, 0.400, 1.388, 0.004

1, 3, 7, 4, 19.521, 27.155, 0.240, 1.365, 0.004

0, 3, 6, 0, 19.521, 27.405, 0.410, 1.388, 0.004

1, 3, 7, 0, 19.521, 27.405, 0.240, 1.362, 0.004

0, 3, 6, 1, 19.521, 27.405, 0.400, 1.397, 0.004

1, 3, 7, 1, 19.521, 27.405, 0.230, 1.365, 0.004

0, 3, 6, 2, 19.521, 27.405, 0.400, 1.375, 0.004

1, 3, 7, 2, 19.521, 27.405, 0.240, 1.359, 0.004

0, 3, 6, 3, 19.521, 27.405, 0.400, 1.393, 0.004

1, 3, 7, 3, 19.521, 27.405, 0.230, 1.368, 0.004

0, 3, 6, 4, 19.521, 27.405, 0.400, 1.383, 0.004

1, 3, 7, 4, 19.521, 27.405, 0.240, 1.366, 0.004

0, 3, 6, 0, 19.521, 27.655, 0.430, 1.382, 0.004

1, 3, 7, 0, 19.521, 27.655, 0.240, 1.365, 0.004

0, 3, 6, 1, 19.521, 27.655, 0.400, 1.385, 0.004

1, 3, 7, 1, 19.521, 27.655, 0.240, 1.364, 0.004

0, 3, 6, 2, 19.521, 27.655, 0.400, 1.387, 0.004

1, 3, 7, 2, 19.521, 27.655, 0.240, 1.370, 0.004

0, 3, 6, 3, 19.521, 27.655, 0.420, 1.394, 0.004

1, 3, 7, 3, 19.521, 27.655, 0.240, 1.369, 0.004

0, 3, 6, 4, 19.521, 27.655, 0.400, 1.390, 0.004

1, 3, 7, 4, 19.521, 27.655, 0.240, 1.362, 0.004

0, 3, 6, 0, 19.521, 27.905, 0.410, 1.397, 0.004

1, 3, 7, 0, 19.521, 27.905, 0.240, 1.363, 0.004

0, 3, 6, 1, 19.521, 27.905, 0.410, 1.380, 0.004

1, 3, 7, 1, 19.521, 27.905, 0.240, 1.368, 0.004

0, 3, 6, 2, 19.521, 27.905, 0.410, 1.390, 0.004

1, 3, 7, 2, 19.521, 27.905, 0.240, 1.369, 0.004

0, 3, 6, 3, 19.521, 27.905, 0.410, 1.381, 0.004

1, 3, 7, 3, 19.521, 27.905, 0.240, 1.370, 0.004

0, 3, 6, 4, 19.521, 27.905, 0.410, 1.388, 0.004

1, 3, 7, 4, 19.521, 27.905, 0.230, 1.362, 0.004

0, 3, 6, 0, 19.521, 28.155, 0.410, 1.382, 0.004

1, 3, 7, 0, 19.521, 28.155, 0.240, 1.365, 0.004

0, 3, 6, 1, 19.521, 28.155, 0.400, 1.391, 0.004

1, 3, 7, 1, 19.521, 28.155, 0.230, 1.377, 0.004

0, 3, 6, 2, 19.521, 28.155, 0.390, 1.394, 0.004

1, 3, 7, 2, 19.521, 28.155, 0.240, 1.367, 0.004

0, 3, 6, 3, 19.521, 28.155, 0.410, 1.391, 0.004

1, 3, 7, 3, 19.521, 28.155, 0.240, 1.358, 0.004

0, 3, 6, 4, 19.521, 28.155, 0.400, 1.389, 0.004

1, 3, 7, 4, 19.521, 28.155, 0.240, 1.369, 0.004

0, 3, 6, 0, 19.521, 28.405, 0.390, 1.389, 0.004

1, 3, 7, 0, 19.521, 28.405, 0.230, 1.367, 0.004

0, 3, 6, 1, 19.521, 28.405, 0.400, 1.381, 0.004

1, 3, 7, 1, 19.521, 28.405, 0.240, 1.370, 0.004

0, 3, 6, 2, 19.521, 28.405, 0.390, 1.393, 0.004

1, 3, 7, 2, 19.521, 28.405, 0.240, 1.366, 0.004

0, 3, 6, 3, 19.521, 28.405, 0.400, 1.378, 0.004

1, 3, 7, 3, 19.521, 28.405, 0.230, 1.357, 0.004

0, 3, 6, 4, 19.521, 28.405, 0.400, 1.384, 0.004

1, 3, 7, 4, 19.521, 28.405, 0.240, 1.370, 0.004

0, 3, 6, 0, 19.521, 28.655, 0.380, 1.383, 0.004

1, 3, 7, 0, 19.521, 28.655, 0.240, 1.367, 0.004

0, 3, 6, 1, 19.521, 28.655, 0.380, 1.382, 0.004

1, 3, 7, 1, 19.521, 28.655, 0.240, 1.371, 0.004

0, 3, 6, 2, 19.521, 28.655, 0.380, 1.389, 0.004

1, 3, 7, 2, 19.521, 28.655, 0.230, 1.377, 0.004

0, 3, 6, 3, 19.521, 28.655, 0.370, 1.393, 0.004

1, 3, 7, 3, 19.521, 28.655, 0.240, 1.363, 0.004

0, 3, 6, 4, 19.521, 28.655, 0.370, 1.383, 0.004

1, 3, 7, 4, 19.521, 28.655, 0.240, 1.355, 0.004

0, 3, 6, 0, 19.521, 28.905, 0.360, 1.395, 0.004

1, 3, 7, 0, 19.521, 28.905, 0.240, 1.365, 0.004

0, 3, 6, 1, 19.521, 28.905, 0.350, 1.387, 0.004

1, 3, 7, 1, 19.521, 28.905, 0.230, 1.363, 0.004

0, 3, 6, 2, 19.521, 28.905, 0.360, 1.386, 0.004

1, 3, 7, 2, 19.521, 28.905, 0.240, 1.370, 0.004

0, 3, 6, 3, 19.521, 28.905, 0.360, 1.388, 0.004

1, 3, 7, 3, 19.521, 28.905, 0.240, 1.359, 0.004

0, 3, 6, 4, 19.521, 28.905, 0.360, 1.387, 0.004

1, 3, 7, 4, 19.521, 28.905, 0.240, 1.366, 0.004

