Test Sector:
Device ID, Channel, Tile ID, trial, x, y, IMON, RMON, VCOMP
xorigincm, xfinalcm, xsteplengthcm, xsteps = 69.1944, 69.1944, 0, 116
yorigincm, yfinalcm, ysteplengthcm, nRepeat = 9.39922, 38.6008, 0.25, 5
0, 12, 24, 0, 0, 0, 0.290, 1.381, 0.004

1, 12, 25, 0, 0, 0, 0.230, 1.383, 0.004

0, 12, 24, 1, 0, 0, 0.300, 1.374, 0.004

1, 12, 25, 1, 0, 0, 0.220, 1.378, 0.004

0, 12, 24, 2, 0, 0, 0.300, 1.378, 0.004

1, 12, 25, 2, 0, 0, 0.220, 1.375, 0.004

0, 12, 24, 3, 0, 0, 0.300, 1.379, 0.004

1, 12, 25, 3, 0, 0, 0.220, 1.384, 0.004

0, 12, 24, 4, 0, 0, 0.300, 1.385, 0.004

1, 12, 25, 4, 0, 0, 0.230, 1.378, 0.004

0, 12, 24, 0, 69.1944, 9.39922, 0.290, 1.387, 0.004

1, 12, 25, 0, 69.1944, 9.39922, 0.410, 1.371, 0.004

0, 12, 24, 1, 69.1944, 9.39922, 0.290, 1.381, 0.004

1, 12, 25, 1, 69.1944, 9.39922, 0.390, 1.378, 0.004

0, 12, 24, 2, 69.1944, 9.39922, 0.290, 1.387, 0.004

1, 12, 25, 2, 69.1944, 9.39922, 0.410, 1.365, 0.004

0, 12, 24, 3, 69.1944, 9.39922, 0.300, 1.389, 0.004

1, 12, 25, 3, 69.1944, 9.39922, 0.410, 1.346, 0.004

0, 12, 24, 4, 69.1944, 9.39922, 0.290, 1.385, 0.004

1, 12, 25, 4, 69.1944, 9.39922, 0.410, 1.370, 0.004

0, 12, 24, 0, 69.1944, 9.64922, 0.290, 1.391, 0.004

1, 12, 25, 0, 69.1944, 9.64922, 0.420, 1.380, 0.004

0, 12, 24, 1, 69.1944, 9.64922, 0.290, 1.379, 0.004

1, 12, 25, 1, 69.1944, 9.64922, 0.400, 1.371, 0.004

0, 12, 24, 2, 69.1944, 9.64922, 0.290, 1.391, 0.004

1, 12, 25, 2, 69.1944, 9.64922, 0.400, 1.379, 0.004

0, 12, 24, 3, 69.1944, 9.64922, 0.300, 1.378, 0.004

1, 12, 25, 3, 69.1944, 9.64922, 0.420, 1.375, 0.004

0, 12, 24, 4, 69.1944, 9.64922, 0.290, 1.380, 0.004

1, 12, 25, 4, 69.1944, 9.64922, 0.400, 1.375, 0.004

0, 12, 24, 0, 69.1944, 9.89922, 0.300, 1.390, 0.004

1, 12, 25, 0, 69.1944, 9.89922, 0.400, 1.388, 0.004

0, 12, 24, 1, 69.1944, 9.89922, 0.300, 1.384, 0.004

1, 12, 25, 1, 69.1944, 9.89922, 0.410, 1.368, 0.004

0, 12, 24, 2, 69.1944, 9.89922, 0.300, 1.380, 0.004

1, 12, 25, 2, 69.1944, 9.89922, 0.410, 1.381, 0.004

0, 12, 24, 3, 69.1944, 9.89922, 0.300, 1.387, 0.004

1, 12, 25, 3, 69.1944, 9.89922, 0.410, 1.382, 0.004

0, 12, 24, 4, 69.1944, 9.89922, 0.300, 1.381, 0.004

1, 12, 25, 4, 69.1944, 9.89922, 0.400, 1.383, 0.004

0, 12, 24, 0, 69.1944, 10.1492, 0.290, 1.388, 0.004

1, 12, 25, 0, 69.1944, 10.1492, 0.420, 1.373, 0.004

0, 12, 24, 1, 69.1944, 10.1492, 0.300, 1.388, 0.004

1, 12, 25, 1, 69.1944, 10.1492, 0.400, 1.387, 0.004

0, 12, 24, 2, 69.1944, 10.1492, 0.290, 1.382, 0.004

1, 12, 25, 2, 69.1944, 10.1492, 0.410, 1.382, 0.004

0, 12, 24, 3, 69.1944, 10.1492, 0.300, 1.382, 0.004

1, 12, 25, 3, 69.1944, 10.1492, 0.410, 1.360, 0.004

0, 12, 24, 4, 69.1944, 10.1492, 0.300, 1.384, 0.004

1, 12, 25, 4, 69.1944, 10.1492, 0.400, 1.382, 0.004

0, 12, 24, 0, 69.1944, 10.3992, 0.300, 1.381, 0.004

1, 12, 25, 0, 69.1944, 10.3992, 0.400, 1.381, 0.004

0, 12, 24, 1, 69.1944, 10.3992, 0.300, 1.376, 0.004

1, 12, 25, 1, 69.1944, 10.3992, 0.410, 1.380, 0.004

0, 12, 24, 2, 69.1944, 10.3992, 0.300, 1.379, 0.004

1, 12, 25, 2, 69.1944, 10.3992, 0.390, 1.384, 0.004

0, 12, 24, 3, 69.1944, 10.3992, 0.300, 1.379, 0.004

1, 12, 25, 3, 69.1944, 10.3992, 0.410, 1.376, 0.004

0, 12, 24, 4, 69.1944, 10.3992, 0.300, 1.383, 0.004

1, 12, 25, 4, 69.1944, 10.3992, 0.390, 1.365, 0.004

0, 12, 24, 0, 69.1944, 10.6492, 0.300, 1.383, 0.004

1, 12, 25, 0, 69.1944, 10.6492, 0.400, 1.377, 0.004

0, 12, 24, 1, 69.1944, 10.6492, 0.300, 1.380, 0.004

1, 12, 25, 1, 69.1944, 10.6492, 0.390, 1.380, 0.004

0, 12, 24, 2, 69.1944, 10.6492, 0.300, 1.378, 0.004

1, 12, 25, 2, 69.1944, 10.6492, 0.400, 1.378, 0.004

0, 12, 24, 3, 69.1944, 10.6492, 0.300, 1.381, 0.004

1, 12, 25, 3, 69.1944, 10.6492, 0.410, 1.377, 0.004

0, 12, 24, 4, 69.1944, 10.6492, 0.300, 1.387, 0.004

1, 12, 25, 4, 69.1944, 10.6492, 0.400, 1.379, 0.004

0, 12, 24, 0, 69.1944, 10.8992, 0.300, 1.387, 0.004

1, 12, 25, 0, 69.1944, 10.8992, 0.410, 1.381, 0.004

0, 12, 24, 1, 69.1944, 10.8992, 0.300, 1.378, 0.004

1, 12, 25, 1, 69.1944, 10.8992, 0.400, 1.390, 0.004

0, 12, 24, 2, 69.1944, 10.8992, 0.310, 1.382, 0.004

1, 12, 25, 2, 69.1944, 10.8992, 0.400, 1.385, 0.004

0, 12, 24, 3, 69.1944, 10.8992, 0.300, 1.384, 0.004

1, 12, 25, 3, 69.1944, 10.8992, 0.390, 1.380, 0.004

0, 12, 24, 4, 69.1944, 10.8992, 0.300, 1.386, 0.004

1, 12, 25, 4, 69.1944, 10.8992, 0.410, 1.389, 0.004

0, 12, 24, 0, 69.1944, 11.1492, 0.310, 1.386, 0.004

1, 12, 25, 0, 69.1944, 11.1492, 0.420, 1.377, 0.004

0, 12, 24, 1, 69.1944, 11.1492, 0.300, 1.385, 0.004

1, 12, 25, 1, 69.1944, 11.1492, 0.400, 1.385, 0.004

0, 12, 24, 2, 69.1944, 11.1492, 0.300, 1.393, 0.004

1, 12, 25, 2, 69.1944, 11.1492, 0.390, 1.376, 0.004

0, 12, 24, 3, 69.1944, 11.1492, 0.300, 1.386, 0.004

1, 12, 25, 3, 69.1944, 11.1492, 0.400, 1.382, 0.004

0, 12, 24, 4, 69.1944, 11.1492, 0.310, 1.379, 0.004

1, 12, 25, 4, 69.1944, 11.1492, 0.400, 1.378, 0.004

0, 12, 24, 0, 69.1944, 11.3992, 0.300, 1.384, 0.004

1, 12, 25, 0, 69.1944, 11.3992, 0.400, 1.384, 0.004

0, 12, 24, 1, 69.1944, 11.3992, 0.300, 1.384, 0.004

1, 12, 25, 1, 69.1944, 11.3992, 0.410, 1.382, 0.004

0, 12, 24, 2, 69.1944, 11.3992, 0.300, 1.392, 0.004

1, 12, 25, 2, 69.1944, 11.3992, 0.390, 1.385, 0.004

0, 12, 24, 3, 69.1944, 11.3992, 0.300, 1.384, 0.004

1, 12, 25, 3, 69.1944, 11.3992, 0.400, 1.385, 0.004

0, 12, 24, 4, 69.1944, 11.3992, 0.300, 1.379, 0.004

1, 12, 25, 4, 69.1944, 11.3992, 0.410, 1.370, 0.004

0, 12, 24, 0, 69.1944, 11.6492, 0.300, 1.387, 0.004

1, 12, 25, 0, 69.1944, 11.6492, 0.390, 1.370, 0.004

0, 12, 24, 1, 69.1944, 11.6492, 0.300, 1.385, 0.004

1, 12, 25, 1, 69.1944, 11.6492, 0.390, 1.380, 0.004

0, 12, 24, 2, 69.1944, 11.6492, 0.300, 1.392, 0.004

1, 12, 25, 2, 69.1944, 11.6492, 0.410, 1.375, 0.004

0, 12, 24, 3, 69.1944, 11.6492, 0.290, 1.385, 0.004

1, 12, 25, 3, 69.1944, 11.6492, 0.390, 1.379, 0.004

0, 12, 24, 4, 69.1944, 11.6492, 0.300, 1.373, 0.004

1, 12, 25, 4, 69.1944, 11.6492, 0.390, 1.382, 0.004

0, 12, 24, 0, 69.1944, 11.8992, 0.290, 1.380, 0.004

1, 12, 25, 0, 69.1944, 11.8992, 0.400, 1.373, 0.004

0, 12, 24, 1, 69.1944, 11.8992, 0.290, 1.381, 0.004

1, 12, 25, 1, 69.1944, 11.8992, 0.400, 1.391, 0.004

0, 12, 24, 2, 69.1944, 11.8992, 0.290, 1.381, 0.004

1, 12, 25, 2, 69.1944, 11.8992, 0.410, 1.375, 0.004

0, 12, 24, 3, 69.1944, 11.8992, 0.290, 1.386, 0.004

1, 12, 25, 3, 69.1944, 11.8992, 0.400, 1.386, 0.004

0, 12, 24, 4, 69.1944, 11.8992, 0.300, 1.390, 0.004

1, 12, 25, 4, 69.1944, 11.8992, 0.400, 1.378, 0.004

0, 12, 24, 0, 69.1944, 12.1492, 0.290, 1.379, 0.004

1, 12, 25, 0, 69.1944, 12.1492, 0.400, 1.387, 0.004

0, 12, 24, 1, 69.1944, 12.1492, 0.300, 1.385, 0.004

1, 12, 25, 1, 69.1944, 12.1492, 0.400, 1.361, 0.004

0, 12, 24, 2, 69.1944, 12.1492, 0.290, 1.380, 0.004

1, 12, 25, 2, 69.1944, 12.1492, 0.390, 1.353, 0.004

0, 12, 24, 3, 69.1944, 12.1492, 0.300, 1.384, 0.004

1, 12, 25, 3, 69.1944, 12.1492, 0.420, 1.378, 0.004

0, 12, 24, 4, 69.1944, 12.1492, 0.290, 1.384, 0.004

1, 12, 25, 4, 69.1944, 12.1492, 0.390, 1.385, 0.004

0, 12, 24, 0, 69.1944, 12.3992, 0.290, 1.383, 0.004

1, 12, 25, 0, 69.1944, 12.3992, 0.400, 1.376, 0.004

0, 12, 24, 1, 69.1944, 12.3992, 0.290, 1.377, 0.004

1, 12, 25, 1, 69.1944, 12.3992, 0.420, 1.381, 0.004

0, 12, 24, 2, 69.1944, 12.3992, 0.290, 1.385, 0.004

1, 12, 25, 2, 69.1944, 12.3992, 0.400, 1.372, 0.004

0, 12, 24, 3, 69.1944, 12.3992, 0.290, 1.378, 0.004

1, 12, 25, 3, 69.1944, 12.3992, 0.390, 1.389, 0.004

0, 12, 24, 4, 69.1944, 12.3992, 0.290, 1.382, 0.004

1, 12, 25, 4, 69.1944, 12.3992, 0.400, 1.378, 0.004

0, 12, 24, 0, 69.1944, 12.6492, 0.290, 1.387, 0.004

1, 12, 25, 0, 69.1944, 12.6492, 0.410, 1.381, 0.004

0, 12, 24, 1, 69.1944, 12.6492, 0.290, 1.378, 0.004

1, 12, 25, 1, 69.1944, 12.6492, 0.400, 1.388, 0.004

0, 12, 24, 2, 69.1944, 12.6492, 0.290, 1.390, 0.004

1, 12, 25, 2, 69.1944, 12.6492, 0.400, 1.383, 0.004

0, 12, 24, 3, 69.1944, 12.6492, 0.300, 1.379, 0.004

1, 12, 25, 3, 69.1944, 12.6492, 0.400, 1.380, 0.004

0, 12, 24, 4, 69.1944, 12.6492, 0.300, 1.379, 0.004

1, 12, 25, 4, 69.1944, 12.6492, 0.390, 1.384, 0.004

0, 12, 24, 0, 69.1944, 12.8992, 0.300, 1.384, 0.004

1, 12, 25, 0, 69.1944, 12.8992, 0.390, 1.378, 0.004

0, 12, 24, 1, 69.1944, 12.8992, 0.300, 1.381, 0.004

1, 12, 25, 1, 69.1944, 12.8992, 0.390, 1.384, 0.004

0, 12, 24, 2, 69.1944, 12.8992, 0.300, 1.392, 0.004

1, 12, 25, 2, 69.1944, 12.8992, 0.410, 1.388, 0.004

0, 12, 24, 3, 69.1944, 12.8992, 0.300, 1.374, 0.004

1, 12, 25, 3, 69.1944, 12.8992, 0.410, 1.395, 0.004

0, 12, 24, 4, 69.1944, 12.8992, 0.300, 1.380, 0.004

1, 12, 25, 4, 69.1944, 12.8992, 0.400, 1.374, 0.004

0, 12, 24, 0, 69.1944, 13.1492, 0.300, 1.383, 0.004

1, 12, 25, 0, 69.1944, 13.1492, 0.390, 1.381, 0.004

0, 12, 24, 1, 69.1944, 13.1492, 0.300, 1.383, 0.004

1, 12, 25, 1, 69.1944, 13.1492, 0.410, 1.375, 0.004

0, 12, 24, 2, 69.1944, 13.1492, 0.300, 1.385, 0.004

1, 12, 25, 2, 69.1944, 13.1492, 0.400, 1.382, 0.004

0, 12, 24, 3, 69.1944, 13.1492, 0.300, 1.384, 0.004

1, 12, 25, 3, 69.1944, 13.1492, 0.400, 1.396, 0.004

0, 12, 24, 4, 69.1944, 13.1492, 0.300, 1.374, 0.004

1, 12, 25, 4, 69.1944, 13.1492, 0.410, 1.388, 0.004

0, 12, 24, 0, 69.1944, 13.3992, 0.300, 1.388, 0.004

1, 12, 25, 0, 69.1944, 13.3992, 0.400, 1.388, 0.004

0, 12, 24, 1, 69.1944, 13.3992, 0.300, 1.384, 0.004

1, 12, 25, 1, 69.1944, 13.3992, 0.400, 1.386, 0.004

0, 12, 24, 2, 69.1944, 13.3992, 0.300, 1.385, 0.004

1, 12, 25, 2, 69.1944, 13.3992, 0.410, 1.386, 0.004

0, 12, 24, 3, 69.1944, 13.3992, 0.300, 1.381, 0.004

1, 12, 25, 3, 69.1944, 13.3992, 0.410, 1.378, 0.004

0, 12, 24, 4, 69.1944, 13.3992, 0.300, 1.381, 0.004

1, 12, 25, 4, 69.1944, 13.3992, 0.400, 1.387, 0.004

0, 12, 24, 0, 69.1944, 13.6492, 0.300, 1.377, 0.004

1, 12, 25, 0, 69.1944, 13.6492, 0.400, 1.380, 0.004

0, 12, 24, 1, 69.1944, 13.6492, 0.300, 1.383, 0.004

1, 12, 25, 1, 69.1944, 13.6492, 0.410, 1.380, 0.004

0, 12, 24, 2, 69.1944, 13.6492, 0.300, 1.382, 0.004

1, 12, 25, 2, 69.1944, 13.6492, 0.400, 1.375, 0.004

0, 12, 24, 3, 69.1944, 13.6492, 0.300, 1.376, 0.004

1, 12, 25, 3, 69.1944, 13.6492, 0.400, 1.376, 0.004

0, 12, 24, 4, 69.1944, 13.6492, 0.300, 1.384, 0.004

1, 12, 25, 4, 69.1944, 13.6492, 0.400, 1.379, 0.004

0, 12, 24, 0, 69.1944, 13.8992, 0.300, 1.384, 0.004

1, 12, 25, 0, 69.1944, 13.8992, 0.400, 1.382, 0.004

0, 12, 24, 1, 69.1944, 13.8992, 0.300, 1.386, 0.004

1, 12, 25, 1, 69.1944, 13.8992, 0.410, 1.382, 0.004

0, 12, 24, 2, 69.1944, 13.8992, 0.300, 1.384, 0.004

1, 12, 25, 2, 69.1944, 13.8992, 0.400, 1.376, 0.004

0, 12, 24, 3, 69.1944, 13.8992, 0.300, 1.384, 0.004

1, 12, 25, 3, 69.1944, 13.8992, 0.410, 1.375, 0.004

0, 12, 24, 4, 69.1944, 13.8992, 0.300, 1.394, 0.004

1, 12, 25, 4, 69.1944, 13.8992, 0.390, 1.369, 0.004

0, 12, 24, 0, 69.1944, 14.1492, 0.310, 1.384, 0.004

1, 12, 25, 0, 69.1944, 14.1492, 0.400, 1.377, 0.004

0, 12, 24, 1, 69.1944, 14.1492, 0.300, 1.380, 0.004

1, 12, 25, 1, 69.1944, 14.1492, 0.410, 1.382, 0.004

0, 12, 24, 2, 69.1944, 14.1492, 0.300, 1.383, 0.004

1, 12, 25, 2, 69.1944, 14.1492, 0.400, 1.377, 0.004

0, 12, 24, 3, 69.1944, 14.1492, 0.300, 1.384, 0.004

1, 12, 25, 3, 69.1944, 14.1492, 0.410, 1.379, 0.004

0, 12, 24, 4, 69.1944, 14.1492, 0.300, 1.387, 0.004

1, 12, 25, 4, 69.1944, 14.1492, 0.390, 1.379, 0.004

0, 12, 24, 0, 69.1944, 14.3992, 0.300, 1.385, 0.004

1, 12, 25, 0, 69.1944, 14.3992, 0.400, 1.382, 0.004

0, 12, 24, 1, 69.1944, 14.3992, 0.300, 1.375, 0.004

1, 12, 25, 1, 69.1944, 14.3992, 0.400, 1.375, 0.004

0, 12, 24, 2, 69.1944, 14.3992, 0.300, 1.385, 0.004

1, 12, 25, 2, 69.1944, 14.3992, 0.400, 1.376, 0.004

0, 12, 24, 3, 69.1944, 14.3992, 0.300, 1.384, 0.004

1, 12, 25, 3, 69.1944, 14.3992, 0.400, 1.377, 0.004

0, 12, 24, 4, 69.1944, 14.3992, 0.300, 1.386, 0.004

1, 12, 25, 4, 69.1944, 14.3992, 0.400, 1.355, 0.004

0, 12, 24, 0, 69.1944, 14.6492, 0.300, 1.381, 0.004

1, 12, 25, 0, 69.1944, 14.6492, 0.410, 1.388, 0.004

0, 12, 24, 1, 69.1944, 14.6492, 0.300, 1.383, 0.004

1, 12, 25, 1, 69.1944, 14.6492, 0.400, 1.389, 0.004

0, 12, 24, 2, 69.1944, 14.6492, 0.300, 1.384, 0.004

1, 12, 25, 2, 69.1944, 14.6492, 0.390, 1.385, 0.004

0, 12, 24, 3, 69.1944, 14.6492, 0.300, 1.386, 0.004

1, 12, 25, 3, 69.1944, 14.6492, 0.390, 1.386, 0.004

0, 12, 24, 4, 69.1944, 14.6492, 0.300, 1.381, 0.004

1, 12, 25, 4, 69.1944, 14.6492, 0.400, 1.388, 0.004

0, 12, 24, 0, 69.1944, 14.8992, 0.300, 1.382, 0.004

1, 12, 25, 0, 69.1944, 14.8992, 0.400, 1.375, 0.004

0, 12, 24, 1, 69.1944, 14.8992, 0.300, 1.382, 0.004

1, 12, 25, 1, 69.1944, 14.8992, 0.400, 1.381, 0.004

0, 12, 24, 2, 69.1944, 14.8992, 0.300, 1.385, 0.004

1, 12, 25, 2, 69.1944, 14.8992, 0.410, 1.381, 0.004

0, 12, 24, 3, 69.1944, 14.8992, 0.300, 1.381, 0.004

1, 12, 25, 3, 69.1944, 14.8992, 0.410, 1.379, 0.004

0, 12, 24, 4, 69.1944, 14.8992, 0.300, 1.379, 0.004

1, 12, 25, 4, 69.1944, 14.8992, 0.400, 1.380, 0.004

0, 12, 24, 0, 69.1944, 15.1492, 0.300, 1.377, 0.004

1, 12, 25, 0, 69.1944, 15.1492, 0.400, 1.388, 0.004

0, 12, 24, 1, 69.1944, 15.1492, 0.310, 1.380, 0.004

1, 12, 25, 1, 69.1944, 15.1492, 0.390, 1.377, 0.004

0, 12, 24, 2, 69.1944, 15.1492, 0.300, 1.384, 0.004

1, 12, 25, 2, 69.1944, 15.1492, 0.400, 1.396, 0.004

0, 12, 24, 3, 69.1944, 15.1492, 0.300, 1.379, 0.004

1, 12, 25, 3, 69.1944, 15.1492, 0.390, 1.380, 0.004

0, 12, 24, 4, 69.1944, 15.1492, 0.300, 1.378, 0.004

1, 12, 25, 4, 69.1944, 15.1492, 0.400, 1.377, 0.004

0, 12, 24, 0, 69.1944, 15.3992, 0.300, 1.381, 0.004

1, 12, 25, 0, 69.1944, 15.3992, 0.400, 1.370, 0.004

0, 12, 24, 1, 69.1944, 15.3992, 0.300, 1.386, 0.004

1, 12, 25, 1, 69.1944, 15.3992, 0.410, 1.377, 0.004

0, 12, 24, 2, 69.1944, 15.3992, 0.300, 1.376, 0.004

1, 12, 25, 2, 69.1944, 15.3992, 0.410, 1.381, 0.004

0, 12, 24, 3, 69.1944, 15.3992, 0.300, 1.380, 0.004

1, 12, 25, 3, 69.1944, 15.3992, 0.400, 1.379, 0.004

0, 12, 24, 4, 69.1944, 15.3992, 0.300, 1.379, 0.004

1, 12, 25, 4, 69.1944, 15.3992, 0.390, 1.375, 0.004

0, 12, 24, 0, 69.1944, 15.6492, 0.300, 1.386, 0.004

1, 12, 25, 0, 69.1944, 15.6492, 0.400, 1.389, 0.004

0, 12, 24, 1, 69.1944, 15.6492, 0.300, 1.388, 0.004

1, 12, 25, 1, 69.1944, 15.6492, 0.410, 1.382, 0.004

0, 12, 24, 2, 69.1944, 15.6492, 0.300, 1.393, 0.004

1, 12, 25, 2, 69.1944, 15.6492, 0.390, 1.389, 0.004

0, 12, 24, 3, 69.1944, 15.6492, 0.300, 1.376, 0.004

1, 12, 25, 3, 69.1944, 15.6492, 0.400, 1.400, 0.004

0, 12, 24, 4, 69.1944, 15.6492, 0.300, 1.381, 0.004

1, 12, 25, 4, 69.1944, 15.6492, 0.390, 1.392, 0.004

0, 12, 24, 0, 69.1944, 15.8992, 0.300, 1.380, 0.004

1, 12, 25, 0, 69.1944, 15.8992, 0.390, 1.389, 0.004

0, 12, 24, 1, 69.1944, 15.8992, 0.300, 1.390, 0.004

1, 12, 25, 1, 69.1944, 15.8992, 0.410, 1.373, 0.004

0, 12, 24, 2, 69.1944, 15.8992, 0.300, 1.378, 0.004

1, 12, 25, 2, 69.1944, 15.8992, 0.410, 1.387, 0.004

0, 12, 24, 3, 69.1944, 15.8992, 0.300, 1.383, 0.004

1, 12, 25, 3, 69.1944, 15.8992, 0.410, 1.385, 0.004

0, 12, 24, 4, 69.1944, 15.8992, 0.300, 1.375, 0.004

1, 12, 25, 4, 69.1944, 15.8992, 0.390, 1.377, 0.004

0, 12, 24, 0, 69.1944, 16.1492, 0.300, 1.376, 0.004

1, 12, 25, 0, 69.1944, 16.1492, 0.400, 1.384, 0.004

0, 12, 24, 1, 69.1944, 16.1492, 0.300, 1.375, 0.004

1, 12, 25, 1, 69.1944, 16.1492, 0.400, 1.387, 0.004

0, 12, 24, 2, 69.1944, 16.1492, 0.300, 1.382, 0.004

1, 12, 25, 2, 69.1944, 16.1492, 0.400, 1.380, 0.004

0, 12, 24, 3, 69.1944, 16.1492, 0.300, 1.394, 0.004

1, 12, 25, 3, 69.1944, 16.1492, 0.400, 1.379, 0.004

0, 12, 24, 4, 69.1944, 16.1492, 0.300, 1.383, 0.004

1, 12, 25, 4, 69.1944, 16.1492, 0.400, 1.386, 0.004

0, 12, 24, 0, 69.1944, 16.3992, 0.300, 1.384, 0.004

1, 12, 25, 0, 69.1944, 16.3992, 0.400, 1.359, 0.004

0, 12, 24, 1, 69.1944, 16.3992, 0.300, 1.380, 0.004

1, 12, 25, 1, 69.1944, 16.3992, 0.400, 1.379, 0.004

0, 12, 24, 2, 69.1944, 16.3992, 0.300, 1.383, 0.004

1, 12, 25, 2, 69.1944, 16.3992, 0.400, 1.386, 0.004

0, 12, 24, 3, 69.1944, 16.3992, 0.300, 1.379, 0.004

1, 12, 25, 3, 69.1944, 16.3992, 0.400, 1.379, 0.004

0, 12, 24, 4, 69.1944, 16.3992, 0.300, 1.386, 0.004

1, 12, 25, 4, 69.1944, 16.3992, 0.400, 1.375, 0.004

0, 12, 24, 0, 69.1944, 16.6492, 0.300, 1.389, 0.004

1, 12, 25, 0, 69.1944, 16.6492, 0.400, 1.382, 0.004

0, 12, 24, 1, 69.1944, 16.6492, 0.300, 1.388, 0.004

1, 12, 25, 1, 69.1944, 16.6492, 0.410, 1.369, 0.004

0, 12, 24, 2, 69.1944, 16.6492, 0.300, 1.380, 0.004

1, 12, 25, 2, 69.1944, 16.6492, 0.410, 1.386, 0.004

0, 12, 24, 3, 69.1944, 16.6492, 0.300, 1.387, 0.004

1, 12, 25, 3, 69.1944, 16.6492, 0.400, 1.383, 0.004

0, 12, 24, 4, 69.1944, 16.6492, 0.300, 1.384, 0.004

1, 12, 25, 4, 69.1944, 16.6492, 0.410, 1.384, 0.004

0, 12, 24, 0, 69.1944, 16.8992, 0.300, 1.381, 0.004

1, 12, 25, 0, 69.1944, 16.8992, 0.400, 1.391, 0.004

0, 12, 24, 1, 69.1944, 16.8992, 0.300, 1.390, 0.004

1, 12, 25, 1, 69.1944, 16.8992, 0.390, 1.387, 0.004

0, 12, 24, 2, 69.1944, 16.8992, 0.300, 1.386, 0.004

1, 12, 25, 2, 69.1944, 16.8992, 0.390, 1.377, 0.004

0, 12, 24, 3, 69.1944, 16.8992, 0.300, 1.384, 0.004

1, 12, 25, 3, 69.1944, 16.8992, 0.400, 1.391, 0.004

0, 12, 24, 4, 69.1944, 16.8992, 0.300, 1.379, 0.004

1, 12, 25, 4, 69.1944, 16.8992, 0.400, 1.382, 0.004

0, 12, 24, 0, 69.1944, 17.1492, 0.300, 1.374, 0.004

1, 12, 25, 0, 69.1944, 17.1492, 0.400, 1.375, 0.004

0, 12, 24, 1, 69.1944, 17.1492, 0.300, 1.380, 0.004

1, 12, 25, 1, 69.1944, 17.1492, 0.410, 1.379, 0.004

0, 12, 24, 2, 69.1944, 17.1492, 0.310, 1.385, 0.004

1, 12, 25, 2, 69.1944, 17.1492, 0.410, 1.376, 0.004

0, 12, 24, 3, 69.1944, 17.1492, 0.300, 1.386, 0.004

1, 12, 25, 3, 69.1944, 17.1492, 0.400, 1.371, 0.004

0, 12, 24, 4, 69.1944, 17.1492, 0.300, 1.383, 0.004

1, 12, 25, 4, 69.1944, 17.1492, 0.390, 1.371, 0.004

0, 12, 24, 0, 69.1944, 17.3992, 0.300, 1.384, 0.004

1, 12, 25, 0, 69.1944, 17.3992, 0.390, 1.380, 0.004

0, 12, 24, 1, 69.1944, 17.3992, 0.300, 1.383, 0.004

1, 12, 25, 1, 69.1944, 17.3992, 0.390, 1.381, 0.004

0, 12, 24, 2, 69.1944, 17.3992, 0.300, 1.386, 0.004

1, 12, 25, 2, 69.1944, 17.3992, 0.380, 1.389, 0.004

0, 12, 24, 3, 69.1944, 17.3992, 0.300, 1.380, 0.004

1, 12, 25, 3, 69.1944, 17.3992, 0.400, 1.396, 0.004

0, 12, 24, 4, 69.1944, 17.3992, 0.310, 1.385, 0.004

1, 12, 25, 4, 69.1944, 17.3992, 0.390, 1.388, 0.004

0, 12, 24, 0, 69.1944, 17.6492, 0.300, 1.383, 0.004

1, 12, 25, 0, 69.1944, 17.6492, 0.390, 1.381, 0.004

0, 12, 24, 1, 69.1944, 17.6492, 0.300, 1.387, 0.004

1, 12, 25, 1, 69.1944, 17.6492, 0.400, 1.380, 0.004

0, 12, 24, 2, 69.1944, 17.6492, 0.300, 1.382, 0.004

1, 12, 25, 2, 69.1944, 17.6492, 0.390, 1.397, 0.004

0, 12, 24, 3, 69.1944, 17.6492, 0.300, 1.381, 0.004

1, 12, 25, 3, 69.1944, 17.6492, 0.400, 1.385, 0.004

0, 12, 24, 4, 69.1944, 17.6492, 0.300, 1.382, 0.004

1, 12, 25, 4, 69.1944, 17.6492, 0.400, 1.375, 0.004

0, 12, 24, 0, 69.1944, 17.8992, 0.310, 1.377, 0.004

1, 12, 25, 0, 69.1944, 17.8992, 0.400, 1.380, 0.004

0, 12, 24, 1, 69.1944, 17.8992, 0.300, 1.379, 0.004

1, 12, 25, 1, 69.1944, 17.8992, 0.390, 1.377, 0.004

0, 12, 24, 2, 69.1944, 17.8992, 0.300, 1.392, 0.004

1, 12, 25, 2, 69.1944, 17.8992, 0.400, 1.377, 0.004

0, 12, 24, 3, 69.1944, 17.8992, 0.300, 1.380, 0.004

1, 12, 25, 3, 69.1944, 17.8992, 0.400, 1.379, 0.004

0, 12, 24, 4, 69.1944, 17.8992, 0.300, 1.381, 0.004

1, 12, 25, 4, 69.1944, 17.8992, 0.410, 1.373, 0.004

0, 12, 24, 0, 69.1944, 18.1492, 0.300, 1.379, 0.004

1, 12, 25, 0, 69.1944, 18.1492, 0.390, 1.400, 0.004

0, 12, 24, 1, 69.1944, 18.1492, 0.310, 1.384, 0.004

1, 12, 25, 1, 69.1944, 18.1492, 0.410, 1.357, 0.004

0, 12, 24, 2, 69.1944, 18.1492, 0.310, 1.383, 0.004

1, 12, 25, 2, 69.1944, 18.1492, 0.400, 1.402, 0.004

0, 12, 24, 3, 69.1944, 18.1492, 0.310, 1.382, 0.004

1, 12, 25, 3, 69.1944, 18.1492, 0.400, 1.381, 0.004

0, 12, 24, 4, 69.1944, 18.1492, 0.310, 1.387, 0.004

1, 12, 25, 4, 69.1944, 18.1492, 0.380, 1.380, 0.004

0, 12, 24, 0, 69.1944, 18.3992, 0.310, 1.382, 0.004

1, 12, 25, 0, 69.1944, 18.3992, 0.390, 1.375, 0.004

0, 12, 24, 1, 69.1944, 18.3992, 0.300, 1.388, 0.004

1, 12, 25, 1, 69.1944, 18.3992, 0.390, 1.372, 0.004

0, 12, 24, 2, 69.1944, 18.3992, 0.300, 1.385, 0.004

1, 12, 25, 2, 69.1944, 18.3992, 0.400, 1.358, 0.004

0, 12, 24, 3, 69.1944, 18.3992, 0.300, 1.384, 0.004

1, 12, 25, 3, 69.1944, 18.3992, 0.390, 1.380, 0.004

0, 12, 24, 4, 69.1944, 18.3992, 0.310, 1.382, 0.004

1, 12, 25, 4, 69.1944, 18.3992, 0.390, 1.379, 0.004

0, 12, 24, 0, 69.1944, 18.6492, 0.310, 1.378, 0.004

1, 12, 25, 0, 69.1944, 18.6492, 0.390, 1.387, 0.004

0, 12, 24, 1, 69.1944, 18.6492, 0.300, 1.382, 0.004

1, 12, 25, 1, 69.1944, 18.6492, 0.400, 1.381, 0.004

0, 12, 24, 2, 69.1944, 18.6492, 0.300, 1.386, 0.004

1, 12, 25, 2, 69.1944, 18.6492, 0.400, 1.389, 0.004

0, 12, 24, 3, 69.1944, 18.6492, 0.300, 1.387, 0.004

1, 12, 25, 3, 69.1944, 18.6492, 0.390, 1.378, 0.004

0, 12, 24, 4, 69.1944, 18.6492, 0.310, 1.386, 0.004

1, 12, 25, 4, 69.1944, 18.6492, 0.380, 1.379, 0.004

0, 12, 24, 0, 69.1944, 18.8992, 0.300, 1.381, 0.004

1, 12, 25, 0, 69.1944, 18.8992, 0.400, 1.384, 0.004

0, 12, 24, 1, 69.1944, 18.8992, 0.300, 1.375, 0.004

1, 12, 25, 1, 69.1944, 18.8992, 0.390, 1.382, 0.004

0, 12, 24, 2, 69.1944, 18.8992, 0.300, 1.377, 0.004

1, 12, 25, 2, 69.1944, 18.8992, 0.390, 1.367, 0.004

0, 12, 24, 3, 69.1944, 18.8992, 0.300, 1.371, 0.004

1, 12, 25, 3, 69.1944, 18.8992, 0.400, 1.380, 0.004

0, 12, 24, 4, 69.1944, 18.8992, 0.300, 1.381, 0.004

1, 12, 25, 4, 69.1944, 18.8992, 0.400, 1.385, 0.004

0, 12, 24, 0, 69.1944, 19.1492, 0.300, 1.385, 0.004

1, 12, 25, 0, 69.1944, 19.1492, 0.400, 1.384, 0.004

0, 12, 24, 1, 69.1944, 19.1492, 0.300, 1.383, 0.004

1, 12, 25, 1, 69.1944, 19.1492, 0.400, 1.369, 0.004

0, 12, 24, 2, 69.1944, 19.1492, 0.310, 1.393, 0.004

1, 12, 25, 2, 69.1944, 19.1492, 0.400, 1.385, 0.004

0, 12, 24, 3, 69.1944, 19.1492, 0.310, 1.385, 0.004

1, 12, 25, 3, 69.1944, 19.1492, 0.400, 1.380, 0.004

0, 12, 24, 4, 69.1944, 19.1492, 0.300, 1.383, 0.004

1, 12, 25, 4, 69.1944, 19.1492, 0.390, 1.379, 0.004

0, 12, 24, 0, 69.1944, 19.3992, 0.300, 1.384, 0.004

1, 12, 25, 0, 69.1944, 19.3992, 0.390, 1.386, 0.004

0, 12, 24, 1, 69.1944, 19.3992, 0.300, 1.385, 0.004

1, 12, 25, 1, 69.1944, 19.3992, 0.400, 1.378, 0.004

0, 12, 24, 2, 69.1944, 19.3992, 0.310, 1.383, 0.004

1, 12, 25, 2, 69.1944, 19.3992, 0.400, 1.383, 0.004

0, 12, 24, 3, 69.1944, 19.3992, 0.300, 1.380, 0.004

1, 12, 25, 3, 69.1944, 19.3992, 0.380, 1.359, 0.004

0, 12, 24, 4, 69.1944, 19.3992, 0.300, 1.378, 0.004

1, 12, 25, 4, 69.1944, 19.3992, 0.400, 1.385, 0.004

0, 12, 24, 0, 69.1944, 19.6492, 0.300, 1.381, 0.004

1, 12, 25, 0, 69.1944, 19.6492, 0.400, 1.385, 0.004

0, 12, 24, 1, 69.1944, 19.6492, 0.300, 1.383, 0.004

1, 12, 25, 1, 69.1944, 19.6492, 0.410, 1.388, 0.004

0, 12, 24, 2, 69.1944, 19.6492, 0.300, 1.381, 0.004

1, 12, 25, 2, 69.1944, 19.6492, 0.390, 1.381, 0.004

0, 12, 24, 3, 69.1944, 19.6492, 0.300, 1.380, 0.004

1, 12, 25, 3, 69.1944, 19.6492, 0.400, 1.379, 0.004

0, 12, 24, 4, 69.1944, 19.6492, 0.300, 1.377, 0.004

1, 12, 25, 4, 69.1944, 19.6492, 0.380, 1.370, 0.004

0, 12, 24, 0, 69.1944, 19.8992, 0.300, 1.380, 0.004

1, 12, 25, 0, 69.1944, 19.8992, 0.400, 1.369, 0.004

0, 12, 24, 1, 69.1944, 19.8992, 0.300, 1.386, 0.004

1, 12, 25, 1, 69.1944, 19.8992, 0.400, 1.364, 0.004

0, 12, 24, 2, 69.1944, 19.8992, 0.300, 1.380, 0.004

1, 12, 25, 2, 69.1944, 19.8992, 0.390, 1.376, 0.004

0, 12, 24, 3, 69.1944, 19.8992, 0.300, 1.376, 0.004

1, 12, 25, 3, 69.1944, 19.8992, 0.400, 1.371, 0.004

0, 12, 24, 4, 69.1944, 19.8992, 0.300, 1.370, 0.004

1, 12, 25, 4, 69.1944, 19.8992, 0.400, 1.380, 0.004

0, 12, 24, 0, 69.1944, 20.1492, 0.300, 1.394, 0.004

1, 12, 25, 0, 69.1944, 20.1492, 0.390, 1.384, 0.004

0, 12, 24, 1, 69.1944, 20.1492, 0.300, 1.381, 0.004

1, 12, 25, 1, 69.1944, 20.1492, 0.400, 1.384, 0.004

0, 12, 24, 2, 69.1944, 20.1492, 0.300, 1.380, 0.004

1, 12, 25, 2, 69.1944, 20.1492, 0.410, 1.386, 0.004

0, 12, 24, 3, 69.1944, 20.1492, 0.300, 1.377, 0.004

1, 12, 25, 3, 69.1944, 20.1492, 0.390, 1.390, 0.004

0, 12, 24, 4, 69.1944, 20.1492, 0.300, 1.381, 0.004

1, 12, 25, 4, 69.1944, 20.1492, 0.400, 1.385, 0.004

0, 12, 24, 0, 69.1944, 20.3992, 0.300, 1.387, 0.004

1, 12, 25, 0, 69.1944, 20.3992, 0.390, 1.400, 0.004

0, 12, 24, 1, 69.1944, 20.3992, 0.300, 1.377, 0.004

1, 12, 25, 1, 69.1944, 20.3992, 0.390, 1.389, 0.004

0, 12, 24, 2, 69.1944, 20.3992, 0.300, 1.373, 0.004

1, 12, 25, 2, 69.1944, 20.3992, 0.390, 1.372, 0.004

0, 12, 24, 3, 69.1944, 20.3992, 0.300, 1.391, 0.004

1, 12, 25, 3, 69.1944, 20.3992, 0.390, 1.385, 0.004

0, 12, 24, 4, 69.1944, 20.3992, 0.300, 1.383, 0.004

1, 12, 25, 4, 69.1944, 20.3992, 0.410, 1.386, 0.004

0, 12, 24, 0, 69.1944, 20.6492, 0.300, 1.390, 0.004

1, 12, 25, 0, 69.1944, 20.6492, 0.390, 1.379, 0.004

0, 12, 24, 1, 69.1944, 20.6492, 0.300, 1.374, 0.004

1, 12, 25, 1, 69.1944, 20.6492, 0.390, 1.355, 0.004

0, 12, 24, 2, 69.1944, 20.6492, 0.310, 1.382, 0.004

1, 12, 25, 2, 69.1944, 20.6492, 0.400, 1.375, 0.004

0, 12, 24, 3, 69.1944, 20.6492, 0.300, 1.385, 0.004

1, 12, 25, 3, 69.1944, 20.6492, 0.390, 1.381, 0.004

0, 12, 24, 4, 69.1944, 20.6492, 0.300, 1.381, 0.004

1, 12, 25, 4, 69.1944, 20.6492, 0.390, 1.391, 0.004

0, 12, 24, 0, 69.1944, 20.8992, 0.310, 1.376, 0.004

1, 12, 25, 0, 69.1944, 20.8992, 0.390, 1.385, 0.004

0, 12, 24, 1, 69.1944, 20.8992, 0.300, 1.384, 0.004

1, 12, 25, 1, 69.1944, 20.8992, 0.380, 1.381, 0.004

0, 12, 24, 2, 69.1944, 20.8992, 0.300, 1.378, 0.004

1, 12, 25, 2, 69.1944, 20.8992, 0.380, 1.383, 0.004

0, 12, 24, 3, 69.1944, 20.8992, 0.300, 1.386, 0.004

1, 12, 25, 3, 69.1944, 20.8992, 0.400, 1.389, 0.004

0, 12, 24, 4, 69.1944, 20.8992, 0.300, 1.385, 0.004

1, 12, 25, 4, 69.1944, 20.8992, 0.400, 1.387, 0.004

0, 12, 24, 0, 69.1944, 21.1492, 0.300, 1.377, 0.004

1, 12, 25, 0, 69.1944, 21.1492, 0.400, 1.388, 0.004

0, 12, 24, 1, 69.1944, 21.1492, 0.300, 1.387, 0.004

1, 12, 25, 1, 69.1944, 21.1492, 0.400, 1.385, 0.004

0, 12, 24, 2, 69.1944, 21.1492, 0.300, 1.375, 0.004

1, 12, 25, 2, 69.1944, 21.1492, 0.410, 1.395, 0.004

0, 12, 24, 3, 69.1944, 21.1492, 0.300, 1.380, 0.004

1, 12, 25, 3, 69.1944, 21.1492, 0.410, 1.393, 0.004

0, 12, 24, 4, 69.1944, 21.1492, 0.300, 1.381, 0.004

1, 12, 25, 4, 69.1944, 21.1492, 0.390, 1.372, 0.004

0, 12, 24, 0, 69.1944, 21.3992, 0.300, 1.390, 0.004

1, 12, 25, 0, 69.1944, 21.3992, 0.390, 1.391, 0.004

0, 12, 24, 1, 69.1944, 21.3992, 0.310, 1.380, 0.004

1, 12, 25, 1, 69.1944, 21.3992, 0.390, 1.385, 0.004

0, 12, 24, 2, 69.1944, 21.3992, 0.300, 1.380, 0.004

1, 12, 25, 2, 69.1944, 21.3992, 0.400, 1.379, 0.004

0, 12, 24, 3, 69.1944, 21.3992, 0.300, 1.382, 0.004

1, 12, 25, 3, 69.1944, 21.3992, 0.390, 1.380, 0.004

0, 12, 24, 4, 69.1944, 21.3992, 0.300, 1.381, 0.004

1, 12, 25, 4, 69.1944, 21.3992, 0.410, 1.382, 0.004

0, 12, 24, 0, 69.1944, 21.6492, 0.310, 1.380, 0.004

1, 12, 25, 0, 69.1944, 21.6492, 0.400, 1.372, 0.004

0, 12, 24, 1, 69.1944, 21.6492, 0.300, 1.396, 0.004

1, 12, 25, 1, 69.1944, 21.6492, 0.400, 1.374, 0.004

0, 12, 24, 2, 69.1944, 21.6492, 0.300, 1.379, 0.004

1, 12, 25, 2, 69.1944, 21.6492, 0.400, 1.376, 0.004

0, 12, 24, 3, 69.1944, 21.6492, 0.300, 1.380, 0.004

1, 12, 25, 3, 69.1944, 21.6492, 0.410, 1.378, 0.004

0, 12, 24, 4, 69.1944, 21.6492, 0.300, 1.380, 0.004

1, 12, 25, 4, 69.1944, 21.6492, 0.400, 1.384, 0.004

0, 12, 24, 0, 69.1944, 21.8992, 0.300, 1.385, 0.004

1, 12, 25, 0, 69.1944, 21.8992, 0.400, 1.376, 0.004

0, 12, 24, 1, 69.1944, 21.8992, 0.300, 1.380, 0.004

1, 12, 25, 1, 69.1944, 21.8992, 0.390, 1.375, 0.004

0, 12, 24, 2, 69.1944, 21.8992, 0.300, 1.377, 0.004

1, 12, 25, 2, 69.1944, 21.8992, 0.390, 1.392, 0.004

0, 12, 24, 3, 69.1944, 21.8992, 0.300, 1.384, 0.004

1, 12, 25, 3, 69.1944, 21.8992, 0.410, 1.356, 0.004

0, 12, 24, 4, 69.1944, 21.8992, 0.300, 1.389, 0.004

1, 12, 25, 4, 69.1944, 21.8992, 0.400, 1.381, 0.004

0, 12, 24, 0, 69.1944, 22.1492, 0.300, 1.380, 0.004

1, 12, 25, 0, 69.1944, 22.1492, 0.370, 1.377, 0.004

0, 12, 24, 1, 69.1944, 22.1492, 0.300, 1.382, 0.004

1, 12, 25, 1, 69.1944, 22.1492, 0.380, 1.391, 0.004

0, 12, 24, 2, 69.1944, 22.1492, 0.300, 1.389, 0.004

1, 12, 25, 2, 69.1944, 22.1492, 0.360, 1.385, 0.004

0, 12, 24, 3, 69.1944, 22.1492, 0.300, 1.387, 0.004

1, 12, 25, 3, 69.1944, 22.1492, 0.370, 1.383, 0.004

0, 12, 24, 4, 69.1944, 22.1492, 0.300, 1.388, 0.004

1, 12, 25, 4, 69.1944, 22.1492, 0.370, 1.384, 0.004

0, 12, 24, 0, 69.1944, 22.3992, 0.300, 1.381, 0.004

1, 12, 25, 0, 69.1944, 22.3992, 0.360, 1.383, 0.004

0, 12, 24, 1, 69.1944, 22.3992, 0.300, 1.382, 0.004

1, 12, 25, 1, 69.1944, 22.3992, 0.350, 1.383, 0.004

0, 12, 24, 2, 69.1944, 22.3992, 0.300, 1.380, 0.004

1, 12, 25, 2, 69.1944, 22.3992, 0.360, 1.380, 0.004

0, 12, 24, 3, 69.1944, 22.3992, 0.300, 1.367, 0.004

1, 12, 25, 3, 69.1944, 22.3992, 0.360, 1.377, 0.004

0, 12, 24, 4, 69.1944, 22.3992, 0.300, 1.375, 0.004

1, 12, 25, 4, 69.1944, 22.3992, 0.360, 1.387, 0.004

0, 12, 24, 0, 69.1944, 22.6492, 0.300, 1.385, 0.004

1, 12, 25, 0, 69.1944, 22.6492, 0.350, 1.380, 0.004

0, 12, 24, 1, 69.1944, 22.6492, 0.300, 1.382, 0.004

1, 12, 25, 1, 69.1944, 22.6492, 0.360, 1.374, 0.004

0, 12, 24, 2, 69.1944, 22.6492, 0.310, 1.383, 0.004

1, 12, 25, 2, 69.1944, 22.6492, 0.360, 1.381, 0.004

0, 12, 24, 3, 69.1944, 22.6492, 0.310, 1.376, 0.004

1, 12, 25, 3, 69.1944, 22.6492, 0.350, 1.383, 0.004

0, 12, 24, 4, 69.1944, 22.6492, 0.310, 1.386, 0.004

1, 12, 25, 4, 69.1944, 22.6492, 0.350, 1.374, 0.004

0, 12, 24, 0, 69.1944, 22.8992, 0.300, 1.378, 0.004

1, 12, 25, 0, 69.1944, 22.8992, 0.330, 1.379, 0.004

0, 12, 24, 1, 69.1944, 22.8992, 0.300, 1.385, 0.004

1, 12, 25, 1, 69.1944, 22.8992, 0.330, 1.382, 0.004

0, 12, 24, 2, 69.1944, 22.8992, 0.300, 1.383, 0.004

1, 12, 25, 2, 69.1944, 22.8992, 0.330, 1.379, 0.004

0, 12, 24, 3, 69.1944, 22.8992, 0.310, 1.382, 0.004

1, 12, 25, 3, 69.1944, 22.8992, 0.330, 1.373, 0.004

0, 12, 24, 4, 69.1944, 22.8992, 0.300, 1.384, 0.004

1, 12, 25, 4, 69.1944, 22.8992, 0.330, 1.384, 0.004

0, 12, 24, 0, 69.1944, 23.1492, 0.310, 1.388, 0.004

1, 12, 25, 0, 69.1944, 23.1492, 0.290, 1.387, 0.004

0, 12, 24, 1, 69.1944, 23.1492, 0.300, 1.381, 0.004

1, 12, 25, 1, 69.1944, 23.1492, 0.290, 1.359, 0.004

0, 12, 24, 2, 69.1944, 23.1492, 0.310, 1.381, 0.004

1, 12, 25, 2, 69.1944, 23.1492, 0.290, 1.375, 0.004

0, 12, 24, 3, 69.1944, 23.1492, 0.310, 1.383, 0.004

1, 12, 25, 3, 69.1944, 23.1492, 0.290, 1.378, 0.004

0, 12, 24, 4, 69.1944, 23.1492, 0.300, 1.379, 0.004

1, 12, 25, 4, 69.1944, 23.1492, 0.280, 1.377, 0.004

0, 12, 24, 0, 69.1944, 23.3992, 0.310, 1.375, 0.004

1, 12, 25, 0, 69.1944, 23.3992, 0.260, 1.385, 0.004

0, 12, 24, 1, 69.1944, 23.3992, 0.310, 1.384, 0.004

1, 12, 25, 1, 69.1944, 23.3992, 0.260, 1.385, 0.004

0, 12, 24, 2, 69.1944, 23.3992, 0.300, 1.378, 0.004

1, 12, 25, 2, 69.1944, 23.3992, 0.250, 1.380, 0.004

0, 12, 24, 3, 69.1944, 23.3992, 0.300, 1.379, 0.004

1, 12, 25, 3, 69.1944, 23.3992, 0.260, 1.382, 0.004

0, 12, 24, 4, 69.1944, 23.3992, 0.310, 1.384, 0.004

1, 12, 25, 4, 69.1944, 23.3992, 0.260, 1.377, 0.004

0, 12, 24, 0, 69.1944, 23.6492, 0.300, 1.388, 0.004

1, 12, 25, 0, 69.1944, 23.6492, 0.240, 1.377, 0.004

0, 12, 24, 1, 69.1944, 23.6492, 0.300, 1.388, 0.004

1, 12, 25, 1, 69.1944, 23.6492, 0.240, 1.369, 0.004

0, 12, 24, 2, 69.1944, 23.6492, 0.300, 1.384, 0.004

1, 12, 25, 2, 69.1944, 23.6492, 0.240, 1.389, 0.004

0, 12, 24, 3, 69.1944, 23.6492, 0.300, 1.387, 0.004

1, 12, 25, 3, 69.1944, 23.6492, 0.240, 1.388, 0.004

0, 12, 24, 4, 69.1944, 23.6492, 0.310, 1.384, 0.004

1, 12, 25, 4, 69.1944, 23.6492, 0.240, 1.383, 0.004

0, 12, 24, 0, 69.1944, 23.8992, 0.310, 1.386, 0.004

1, 12, 25, 0, 69.1944, 23.8992, 0.230, 1.380, 0.004

0, 12, 24, 1, 69.1944, 23.8992, 0.310, 1.381, 0.004

1, 12, 25, 1, 69.1944, 23.8992, 0.230, 1.382, 0.004

0, 12, 24, 2, 69.1944, 23.8992, 0.310, 1.387, 0.004

1, 12, 25, 2, 69.1944, 23.8992, 0.230, 1.386, 0.004

0, 12, 24, 3, 69.1944, 23.8992, 0.300, 1.382, 0.004

1, 12, 25, 3, 69.1944, 23.8992, 0.230, 1.381, 0.004

0, 12, 24, 4, 69.1944, 23.8992, 0.310, 1.385, 0.004

1, 12, 25, 4, 69.1944, 23.8992, 0.230, 1.386, 0.004

0, 12, 24, 0, 69.1944, 24.1492, 0.310, 1.385, 0.004

1, 12, 25, 0, 69.1944, 24.1492, 0.230, 1.363, 0.004

0, 12, 24, 1, 69.1944, 24.1492, 0.310, 1.385, 0.004

1, 12, 25, 1, 69.1944, 24.1492, 0.230, 1.380, 0.004

0, 12, 24, 2, 69.1944, 24.1492, 0.310, 1.386, 0.004

1, 12, 25, 2, 69.1944, 24.1492, 0.230, 1.380, 0.004

0, 12, 24, 3, 69.1944, 24.1492, 0.310, 1.377, 0.004

1, 12, 25, 3, 69.1944, 24.1492, 0.230, 1.384, 0.004

0, 12, 24, 4, 69.1944, 24.1492, 0.310, 1.390, 0.004

1, 12, 25, 4, 69.1944, 24.1492, 0.230, 1.381, 0.004

0, 12, 24, 0, 69.1944, 24.3992, 0.320, 1.385, 0.004

1, 12, 25, 0, 69.1944, 24.3992, 0.230, 1.380, 0.004

0, 12, 24, 1, 69.1944, 24.3992, 0.320, 1.395, 0.004

1, 12, 25, 1, 69.1944, 24.3992, 0.230, 1.388, 0.004

0, 12, 24, 2, 69.1944, 24.3992, 0.320, 1.377, 0.004

1, 12, 25, 2, 69.1944, 24.3992, 0.230, 1.378, 0.004

0, 12, 24, 3, 69.1944, 24.3992, 0.320, 1.383, 0.004

1, 12, 25, 3, 69.1944, 24.3992, 0.230, 1.388, 0.004

0, 12, 24, 4, 69.1944, 24.3992, 0.320, 1.370, 0.004

1, 12, 25, 4, 69.1944, 24.3992, 0.230, 1.383, 0.004

0, 12, 24, 0, 69.1944, 24.6492, 0.340, 1.387, 0.004

1, 12, 25, 0, 69.1944, 24.6492, 0.230, 1.383, 0.004

0, 12, 24, 1, 69.1944, 24.6492, 0.340, 1.386, 0.004

1, 12, 25, 1, 69.1944, 24.6492, 0.230, 1.385, 0.004

0, 12, 24, 2, 69.1944, 24.6492, 0.350, 1.385, 0.004

1, 12, 25, 2, 69.1944, 24.6492, 0.230, 1.377, 0.004

0, 12, 24, 3, 69.1944, 24.6492, 0.340, 1.384, 0.004

1, 12, 25, 3, 69.1944, 24.6492, 0.230, 1.382, 0.004

0, 12, 24, 4, 69.1944, 24.6492, 0.350, 1.386, 0.004

1, 12, 25, 4, 69.1944, 24.6492, 0.220, 1.379, 0.004

0, 12, 24, 0, 69.1944, 24.8992, 0.370, 1.379, 0.004

1, 12, 25, 0, 69.1944, 24.8992, 0.220, 1.380, 0.004

0, 12, 24, 1, 69.1944, 24.8992, 0.370, 1.380, 0.004

1, 12, 25, 1, 69.1944, 24.8992, 0.230, 1.383, 0.004

0, 12, 24, 2, 69.1944, 24.8992, 0.380, 1.385, 0.004

1, 12, 25, 2, 69.1944, 24.8992, 0.230, 1.384, 0.004

0, 12, 24, 3, 69.1944, 24.8992, 0.370, 1.385, 0.004

1, 12, 25, 3, 69.1944, 24.8992, 0.230, 1.375, 0.004

0, 12, 24, 4, 69.1944, 24.8992, 0.360, 1.388, 0.004

1, 12, 25, 4, 69.1944, 24.8992, 0.230, 1.386, 0.004

0, 12, 24, 0, 69.1944, 25.1492, 0.400, 1.381, 0.004

1, 12, 25, 0, 69.1944, 25.1492, 0.230, 1.389, 0.004

0, 12, 24, 1, 69.1944, 25.1492, 0.390, 1.380, 0.004

1, 12, 25, 1, 69.1944, 25.1492, 0.230, 1.379, 0.004

0, 12, 24, 2, 69.1944, 25.1492, 0.390, 1.382, 0.004

1, 12, 25, 2, 69.1944, 25.1492, 0.230, 1.380, 0.004

0, 12, 24, 3, 69.1944, 25.1492, 0.390, 1.380, 0.004

1, 12, 25, 3, 69.1944, 25.1492, 0.220, 1.387, 0.004

0, 12, 24, 4, 69.1944, 25.1492, 0.390, 1.398, 0.004

1, 12, 25, 4, 69.1944, 25.1492, 0.230, 1.386, 0.004

0, 12, 24, 0, 69.1944, 25.3992, 0.410, 1.384, 0.004

1, 12, 25, 0, 69.1944, 25.3992, 0.230, 1.377, 0.004

0, 12, 24, 1, 69.1944, 25.3992, 0.400, 1.393, 0.004

1, 12, 25, 1, 69.1944, 25.3992, 0.230, 1.383, 0.004

0, 12, 24, 2, 69.1944, 25.3992, 0.400, 1.398, 0.004

1, 12, 25, 2, 69.1944, 25.3992, 0.230, 1.386, 0.004

0, 12, 24, 3, 69.1944, 25.3992, 0.400, 1.382, 0.004

1, 12, 25, 3, 69.1944, 25.3992, 0.230, 1.389, 0.004

0, 12, 24, 4, 69.1944, 25.3992, 0.390, 1.380, 0.004

1, 12, 25, 4, 69.1944, 25.3992, 0.220, 1.374, 0.004

0, 12, 24, 0, 69.1944, 25.6492, 0.400, 1.355, 0.004

1, 12, 25, 0, 69.1944, 25.6492, 0.230, 1.385, 0.004

0, 12, 24, 1, 69.1944, 25.6492, 0.400, 1.376, 0.004

1, 12, 25, 1, 69.1944, 25.6492, 0.230, 1.386, 0.004

0, 12, 24, 2, 69.1944, 25.6492, 0.410, 1.365, 0.004

1, 12, 25, 2, 69.1944, 25.6492, 0.220, 1.379, 0.004

0, 12, 24, 3, 69.1944, 25.6492, 0.410, 1.385, 0.004

1, 12, 25, 3, 69.1944, 25.6492, 0.230, 1.383, 0.004

0, 12, 24, 4, 69.1944, 25.6492, 0.410, 1.363, 0.004

1, 12, 25, 4, 69.1944, 25.6492, 0.220, 1.385, 0.004

0, 12, 24, 0, 69.1944, 25.8992, 0.420, 1.367, 0.004

1, 12, 25, 0, 69.1944, 25.8992, 0.220, 1.374, 0.004

0, 12, 24, 1, 69.1944, 25.8992, 0.420, 1.385, 0.004

1, 12, 25, 1, 69.1944, 25.8992, 0.220, 1.383, 0.004

0, 12, 24, 2, 69.1944, 25.8992, 0.420, 1.388, 0.004

1, 12, 25, 2, 69.1944, 25.8992, 0.220, 1.383, 0.004

0, 12, 24, 3, 69.1944, 25.8992, 0.420, 1.381, 0.004

1, 12, 25, 3, 69.1944, 25.8992, 0.220, 1.390, 0.004

0, 12, 24, 4, 69.1944, 25.8992, 0.430, 1.390, 0.004

1, 12, 25, 4, 69.1944, 25.8992, 0.220, 1.385, 0.004

0, 12, 24, 0, 69.1944, 26.1492, 0.430, 1.382, 0.004

1, 12, 25, 0, 69.1944, 26.1492, 0.230, 1.393, 0.004

0, 12, 24, 1, 69.1944, 26.1492, 0.430, 1.368, 0.004

1, 12, 25, 1, 69.1944, 26.1492, 0.230, 1.392, 0.004

0, 12, 24, 2, 69.1944, 26.1492, 0.420, 1.384, 0.004

1, 12, 25, 2, 69.1944, 26.1492, 0.220, 1.383, 0.004

0, 12, 24, 3, 69.1944, 26.1492, 0.430, 1.384, 0.004

1, 12, 25, 3, 69.1944, 26.1492, 0.220, 1.388, 0.004

0, 12, 24, 4, 69.1944, 26.1492, 0.430, 1.351, 0.004

1, 12, 25, 4, 69.1944, 26.1492, 0.220, 1.384, 0.004

0, 12, 24, 0, 69.1944, 26.3992, 0.440, 1.384, 0.004

1, 12, 25, 0, 69.1944, 26.3992, 0.230, 1.387, 0.004

0, 12, 24, 1, 69.1944, 26.3992, 0.420, 1.391, 0.004

1, 12, 25, 1, 69.1944, 26.3992, 0.220, 1.387, 0.004

0, 12, 24, 2, 69.1944, 26.3992, 0.440, 1.377, 0.004

1, 12, 25, 2, 69.1944, 26.3992, 0.220, 1.392, 0.004

0, 12, 24, 3, 69.1944, 26.3992, 0.430, 1.385, 0.004

1, 12, 25, 3, 69.1944, 26.3992, 0.230, 1.376, 0.004

0, 12, 24, 4, 69.1944, 26.3992, 0.430, 1.374, 0.004

1, 12, 25, 4, 69.1944, 26.3992, 0.230, 1.384, 0.004

0, 12, 24, 0, 69.1944, 26.6492, 0.430, 1.385, 0.004

1, 12, 25, 0, 69.1944, 26.6492, 0.230, 1.386, 0.004

0, 12, 24, 1, 69.1944, 26.6492, 0.440, 1.383, 0.004

1, 12, 25, 1, 69.1944, 26.6492, 0.220, 1.375, 0.004

0, 12, 24, 2, 69.1944, 26.6492, 0.430, 1.344, 0.004

1, 12, 25, 2, 69.1944, 26.6492, 0.220, 1.381, 0.004

0, 12, 24, 3, 69.1944, 26.6492, 0.410, 1.375, 0.004

1, 12, 25, 3, 69.1944, 26.6492, 0.220, 1.380, 0.004

0, 12, 24, 4, 69.1944, 26.6492, 0.430, 1.381, 0.004

1, 12, 25, 4, 69.1944, 26.6492, 0.220, 1.380, 0.004

0, 12, 24, 0, 69.1944, 26.8992, 0.420, 1.389, 0.004

1, 12, 25, 0, 69.1944, 26.8992, 0.230, 1.387, 0.004

0, 12, 24, 1, 69.1944, 26.8992, 0.430, 1.376, 0.004

1, 12, 25, 1, 69.1944, 26.8992, 0.220, 1.392, 0.004

0, 12, 24, 2, 69.1944, 26.8992, 0.430, 1.385, 0.004

1, 12, 25, 2, 69.1944, 26.8992, 0.230, 1.386, 0.004

0, 12, 24, 3, 69.1944, 26.8992, 0.430, 1.387, 0.004

1, 12, 25, 3, 69.1944, 26.8992, 0.230, 1.390, 0.004

0, 12, 24, 4, 69.1944, 26.8992, 0.430, 1.384, 0.004

1, 12, 25, 4, 69.1944, 26.8992, 0.230, 1.385, 0.004

0, 12, 24, 0, 69.1944, 27.1492, 0.430, 1.380, 0.004

1, 12, 25, 0, 69.1944, 27.1492, 0.220, 1.375, 0.004

0, 12, 24, 1, 69.1944, 27.1492, 0.430, 1.377, 0.004

1, 12, 25, 1, 69.1944, 27.1492, 0.220, 1.380, 0.004

0, 12, 24, 2, 69.1944, 27.1492, 0.440, 1.389, 0.004

1, 12, 25, 2, 69.1944, 27.1492, 0.220, 1.375, 0.004

0, 12, 24, 3, 69.1944, 27.1492, 0.420, 1.380, 0.004

1, 12, 25, 3, 69.1944, 27.1492, 0.220, 1.385, 0.004

0, 12, 24, 4, 69.1944, 27.1492, 0.440, 1.385, 0.004

1, 12, 25, 4, 69.1944, 27.1492, 0.230, 1.380, 0.004

0, 12, 24, 0, 69.1944, 27.3992, 0.440, 1.384, 0.004

1, 12, 25, 0, 69.1944, 27.3992, 0.220, 1.387, 0.004

0, 12, 24, 1, 69.1944, 27.3992, 0.430, 1.381, 0.004

1, 12, 25, 1, 69.1944, 27.3992, 0.230, 1.383, 0.004

0, 12, 24, 2, 69.1944, 27.3992, 0.430, 1.381, 0.004

1, 12, 25, 2, 69.1944, 27.3992, 0.220, 1.378, 0.004

0, 12, 24, 3, 69.1944, 27.3992, 0.430, 1.377, 0.004

1, 12, 25, 3, 69.1944, 27.3992, 0.230, 1.388, 0.004

0, 12, 24, 4, 69.1944, 27.3992, 0.430, 1.382, 0.004

1, 12, 25, 4, 69.1944, 27.3992, 0.230, 1.381, 0.004

0, 12, 24, 0, 69.1944, 27.6492, 0.440, 1.389, 0.004

1, 12, 25, 0, 69.1944, 27.6492, 0.220, 1.375, 0.004

0, 12, 24, 1, 69.1944, 27.6492, 0.440, 1.389, 0.004

1, 12, 25, 1, 69.1944, 27.6492, 0.220, 1.375, 0.004

0, 12, 24, 2, 69.1944, 27.6492, 0.430, 1.376, 0.004

1, 12, 25, 2, 69.1944, 27.6492, 0.220, 1.379, 0.004

0, 12, 24, 3, 69.1944, 27.6492, 0.430, 1.388, 0.004

1, 12, 25, 3, 69.1944, 27.6492, 0.230, 1.385, 0.004

0, 12, 24, 4, 69.1944, 27.6492, 0.430, 1.382, 0.004

1, 12, 25, 4, 69.1944, 27.6492, 0.230, 1.388, 0.004

0, 12, 24, 0, 69.1944, 27.8992, 0.430, 1.391, 0.004

1, 12, 25, 0, 69.1944, 27.8992, 0.230, 1.371, 0.004

0, 12, 24, 1, 69.1944, 27.8992, 0.430, 1.375, 0.004

1, 12, 25, 1, 69.1944, 27.8992, 0.230, 1.378, 0.004

0, 12, 24, 2, 69.1944, 27.8992, 0.430, 1.385, 0.004

1, 12, 25, 2, 69.1944, 27.8992, 0.220, 1.380, 0.004

0, 12, 24, 3, 69.1944, 27.8992, 0.430, 1.379, 0.004

1, 12, 25, 3, 69.1944, 27.8992, 0.220, 1.381, 0.004

0, 12, 24, 4, 69.1944, 27.8992, 0.430, 1.375, 0.004

1, 12, 25, 4, 69.1944, 27.8992, 0.230, 1.382, 0.004

0, 12, 24, 0, 69.1944, 28.1492, 0.430, 1.377, 0.004

1, 12, 25, 0, 69.1944, 28.1492, 0.220, 1.388, 0.004

0, 12, 24, 1, 69.1944, 28.1492, 0.430, 1.390, 0.004

1, 12, 25, 1, 69.1944, 28.1492, 0.220, 1.381, 0.004

0, 12, 24, 2, 69.1944, 28.1492, 0.440, 1.386, 0.004

1, 12, 25, 2, 69.1944, 28.1492, 0.230, 1.374, 0.004

0, 12, 24, 3, 69.1944, 28.1492, 0.430, 1.388, 0.004

1, 12, 25, 3, 69.1944, 28.1492, 0.230, 1.379, 0.004

0, 12, 24, 4, 69.1944, 28.1492, 0.420, 1.376, 0.004

1, 12, 25, 4, 69.1944, 28.1492, 0.220, 1.380, 0.004

0, 12, 24, 0, 69.1944, 28.3992, 0.420, 1.390, 0.004

1, 12, 25, 0, 69.1944, 28.3992, 0.220, 1.380, 0.004

0, 12, 24, 1, 69.1944, 28.3992, 0.430, 1.378, 0.004

1, 12, 25, 1, 69.1944, 28.3992, 0.220, 1.389, 0.004

0, 12, 24, 2, 69.1944, 28.3992, 0.430, 1.386, 0.004

1, 12, 25, 2, 69.1944, 28.3992, 0.220, 1.375, 0.004

0, 12, 24, 3, 69.1944, 28.3992, 0.430, 1.375, 0.004

1, 12, 25, 3, 69.1944, 28.3992, 0.220, 1.385, 0.004

0, 12, 24, 4, 69.1944, 28.3992, 0.430, 1.385, 0.004

1, 12, 25, 4, 69.1944, 28.3992, 0.220, 1.395, 0.004

0, 12, 24, 0, 69.1944, 28.6492, 0.430, 1.374, 0.004

1, 12, 25, 0, 69.1944, 28.6492, 0.220, 1.383, 0.004

0, 12, 24, 1, 69.1944, 28.6492, 0.430, 1.371, 0.004

1, 12, 25, 1, 69.1944, 28.6492, 0.230, 1.381, 0.004

0, 12, 24, 2, 69.1944, 28.6492, 0.430, 1.379, 0.004

1, 12, 25, 2, 69.1944, 28.6492, 0.220, 1.390, 0.004

0, 12, 24, 3, 69.1944, 28.6492, 0.440, 1.352, 0.004

1, 12, 25, 3, 69.1944, 28.6492, 0.220, 1.384, 0.004

0, 12, 24, 4, 69.1944, 28.6492, 0.430, 1.373, 0.004

1, 12, 25, 4, 69.1944, 28.6492, 0.220, 1.389, 0.004

0, 12, 24, 0, 69.1944, 28.8992, 0.440, 1.383, 0.004

1, 12, 25, 0, 69.1944, 28.8992, 0.220, 1.380, 0.004

0, 12, 24, 1, 69.1944, 28.8992, 0.450, 1.381, 0.004

1, 12, 25, 1, 69.1944, 28.8992, 0.220, 1.384, 0.004

0, 12, 24, 2, 69.1944, 28.8992, 0.430, 1.373, 0.004

1, 12, 25, 2, 69.1944, 28.8992, 0.230, 1.368, 0.004

0, 12, 24, 3, 69.1944, 28.8992, 0.440, 1.381, 0.004

1, 12, 25, 3, 69.1944, 28.8992, 0.220, 1.397, 0.004

0, 12, 24, 4, 69.1944, 28.8992, 0.420, 1.383, 0.004

1, 12, 25, 4, 69.1944, 28.8992, 0.220, 1.384, 0.004

0, 12, 24, 0, 69.1944, 29.1492, 0.440, 1.390, 0.004

1, 12, 25, 0, 69.1944, 29.1492, 0.230, 1.388, 0.004

0, 12, 24, 1, 69.1944, 29.1492, 0.430, 1.375, 0.004

1, 12, 25, 1, 69.1944, 29.1492, 0.220, 1.387, 0.004

0, 12, 24, 2, 69.1944, 29.1492, 0.440, 1.385, 0.004

1, 12, 25, 2, 69.1944, 29.1492, 0.220, 1.378, 0.004

0, 12, 24, 3, 69.1944, 29.1492, 0.420, 1.386, 0.004

1, 12, 25, 3, 69.1944, 29.1492, 0.230, 1.376, 0.004

0, 12, 24, 4, 69.1944, 29.1492, 0.420, 1.381, 0.004

1, 12, 25, 4, 69.1944, 29.1492, 0.230, 1.382, 0.004

0, 12, 24, 0, 69.1944, 29.3992, 0.430, 1.380, 0.004

1, 12, 25, 0, 69.1944, 29.3992, 0.230, 1.388, 0.004

0, 12, 24, 1, 69.1944, 29.3992, 0.430, 1.379, 0.004

1, 12, 25, 1, 69.1944, 29.3992, 0.220, 1.383, 0.004

0, 12, 24, 2, 69.1944, 29.3992, 0.440, 1.382, 0.004

1, 12, 25, 2, 69.1944, 29.3992, 0.220, 1.383, 0.004

0, 12, 24, 3, 69.1944, 29.3992, 0.430, 1.384, 0.004

1, 12, 25, 3, 69.1944, 29.3992, 0.220, 1.386, 0.004

0, 12, 24, 4, 69.1944, 29.3992, 0.430, 1.399, 0.004

1, 12, 25, 4, 69.1944, 29.3992, 0.220, 1.385, 0.004

0, 12, 24, 0, 69.1944, 29.6492, 0.440, 1.381, 0.004

1, 12, 25, 0, 69.1944, 29.6492, 0.230, 1.377, 0.004

0, 12, 24, 1, 69.1944, 29.6492, 0.430, 1.383, 0.004

1, 12, 25, 1, 69.1944, 29.6492, 0.220, 1.383, 0.004

0, 12, 24, 2, 69.1944, 29.6492, 0.430, 1.389, 0.004

1, 12, 25, 2, 69.1944, 29.6492, 0.230, 1.389, 0.004

0, 12, 24, 3, 69.1944, 29.6492, 0.430, 1.383, 0.004

1, 12, 25, 3, 69.1944, 29.6492, 0.220, 1.378, 0.004

0, 12, 24, 4, 69.1944, 29.6492, 0.420, 1.392, 0.004

1, 12, 25, 4, 69.1944, 29.6492, 0.220, 1.384, 0.004

0, 12, 24, 0, 69.1944, 29.8992, 0.440, 1.382, 0.004

1, 12, 25, 0, 69.1944, 29.8992, 0.220, 1.379, 0.004

0, 12, 24, 1, 69.1944, 29.8992, 0.430, 1.375, 0.004

1, 12, 25, 1, 69.1944, 29.8992, 0.230, 1.388, 0.004

0, 12, 24, 2, 69.1944, 29.8992, 0.430, 1.384, 0.004

1, 12, 25, 2, 69.1944, 29.8992, 0.220, 1.383, 0.004

0, 12, 24, 3, 69.1944, 29.8992, 0.420, 1.373, 0.004

1, 12, 25, 3, 69.1944, 29.8992, 0.220, 1.387, 0.004

0, 12, 24, 4, 69.1944, 29.8992, 0.420, 1.385, 0.004

1, 12, 25, 4, 69.1944, 29.8992, 0.220, 1.377, 0.004

0, 12, 24, 0, 69.1944, 30.1492, 0.430, 1.376, 0.004

1, 12, 25, 0, 69.1944, 30.1492, 0.220, 1.382, 0.004

0, 12, 24, 1, 69.1944, 30.1492, 0.430, 1.377, 0.004

1, 12, 25, 1, 69.1944, 30.1492, 0.220, 1.379, 0.004

0, 12, 24, 2, 69.1944, 30.1492, 0.430, 1.357, 0.004

1, 12, 25, 2, 69.1944, 30.1492, 0.230, 1.378, 0.004

0, 12, 24, 3, 69.1944, 30.1492, 0.440, 1.378, 0.004

1, 12, 25, 3, 69.1944, 30.1492, 0.230, 1.388, 0.004

0, 12, 24, 4, 69.1944, 30.1492, 0.440, 1.387, 0.004

1, 12, 25, 4, 69.1944, 30.1492, 0.220, 1.381, 0.004

0, 12, 24, 0, 69.1944, 30.3992, 0.410, 1.368, 0.004

1, 12, 25, 0, 69.1944, 30.3992, 0.220, 1.384, 0.004

0, 12, 24, 1, 69.1944, 30.3992, 0.430, 1.379, 0.004

1, 12, 25, 1, 69.1944, 30.3992, 0.230, 1.382, 0.004

0, 12, 24, 2, 69.1944, 30.3992, 0.440, 1.375, 0.004

1, 12, 25, 2, 69.1944, 30.3992, 0.220, 1.375, 0.004

0, 12, 24, 3, 69.1944, 30.3992, 0.430, 1.382, 0.004

1, 12, 25, 3, 69.1944, 30.3992, 0.220, 1.389, 0.004

0, 12, 24, 4, 69.1944, 30.3992, 0.430, 1.383, 0.004

1, 12, 25, 4, 69.1944, 30.3992, 0.220, 1.386, 0.004

0, 12, 24, 0, 69.1944, 30.6492, 0.430, 1.387, 0.004

1, 12, 25, 0, 69.1944, 30.6492, 0.220, 1.390, 0.004

0, 12, 24, 1, 69.1944, 30.6492, 0.420, 1.385, 0.004

1, 12, 25, 1, 69.1944, 30.6492, 0.220, 1.390, 0.004

0, 12, 24, 2, 69.1944, 30.6492, 0.440, 1.389, 0.004

1, 12, 25, 2, 69.1944, 30.6492, 0.230, 1.384, 0.004

0, 12, 24, 3, 69.1944, 30.6492, 0.440, 1.386, 0.004

1, 12, 25, 3, 69.1944, 30.6492, 0.220, 1.383, 0.004

0, 12, 24, 4, 69.1944, 30.6492, 0.440, 1.381, 0.004

1, 12, 25, 4, 69.1944, 30.6492, 0.220, 1.389, 0.004

0, 12, 24, 0, 69.1944, 30.8992, 0.420, 1.382, 0.004

1, 12, 25, 0, 69.1944, 30.8992, 0.220, 1.386, 0.004

0, 12, 24, 1, 69.1944, 30.8992, 0.430, 1.377, 0.004

1, 12, 25, 1, 69.1944, 30.8992, 0.220, 1.385, 0.004

0, 12, 24, 2, 69.1944, 30.8992, 0.430, 1.388, 0.004

1, 12, 25, 2, 69.1944, 30.8992, 0.220, 1.384, 0.004

0, 12, 24, 3, 69.1944, 30.8992, 0.430, 1.381, 0.004

1, 12, 25, 3, 69.1944, 30.8992, 0.230, 1.379, 0.004

0, 12, 24, 4, 69.1944, 30.8992, 0.430, 1.376, 0.004

1, 12, 25, 4, 69.1944, 30.8992, 0.220, 1.384, 0.004

0, 12, 24, 0, 69.1944, 31.1492, 0.420, 1.384, 0.004

1, 12, 25, 0, 69.1944, 31.1492, 0.220, 1.381, 0.004

0, 12, 24, 1, 69.1944, 31.1492, 0.420, 1.360, 0.004

1, 12, 25, 1, 69.1944, 31.1492, 0.220, 1.389, 0.004

0, 12, 24, 2, 69.1944, 31.1492, 0.430, 1.381, 0.004

1, 12, 25, 2, 69.1944, 31.1492, 0.220, 1.391, 0.004

0, 12, 24, 3, 69.1944, 31.1492, 0.430, 1.398, 0.004

1, 12, 25, 3, 69.1944, 31.1492, 0.220, 1.377, 0.004

0, 12, 24, 4, 69.1944, 31.1492, 0.410, 1.383, 0.004

1, 12, 25, 4, 69.1944, 31.1492, 0.220, 1.384, 0.004

0, 12, 24, 0, 69.1944, 31.3992, 0.420, 1.380, 0.004

1, 12, 25, 0, 69.1944, 31.3992, 0.220, 1.386, 0.004

0, 12, 24, 1, 69.1944, 31.3992, 0.410, 1.384, 0.004

1, 12, 25, 1, 69.1944, 31.3992, 0.220, 1.387, 0.004

0, 12, 24, 2, 69.1944, 31.3992, 0.420, 1.384, 0.004

1, 12, 25, 2, 69.1944, 31.3992, 0.230, 1.389, 0.004

0, 12, 24, 3, 69.1944, 31.3992, 0.430, 1.381, 0.004

1, 12, 25, 3, 69.1944, 31.3992, 0.220, 1.377, 0.004

0, 12, 24, 4, 69.1944, 31.3992, 0.420, 1.381, 0.004

1, 12, 25, 4, 69.1944, 31.3992, 0.220, 1.376, 0.004

0, 12, 24, 0, 69.1944, 31.6492, 0.420, 1.374, 0.004

1, 12, 25, 0, 69.1944, 31.6492, 0.220, 1.380, 0.004

0, 12, 24, 1, 69.1944, 31.6492, 0.420, 1.383, 0.004

1, 12, 25, 1, 69.1944, 31.6492, 0.220, 1.384, 0.004

0, 12, 24, 2, 69.1944, 31.6492, 0.430, 1.390, 0.004

1, 12, 25, 2, 69.1944, 31.6492, 0.220, 1.382, 0.004

0, 12, 24, 3, 69.1944, 31.6492, 0.420, 1.383, 0.004

1, 12, 25, 3, 69.1944, 31.6492, 0.220, 1.387, 0.004

0, 12, 24, 4, 69.1944, 31.6492, 0.430, 1.382, 0.004

1, 12, 25, 4, 69.1944, 31.6492, 0.220, 1.387, 0.004

0, 12, 24, 0, 69.1944, 31.8992, 0.410, 1.354, 0.004

1, 12, 25, 0, 69.1944, 31.8992, 0.220, 1.388, 0.004

0, 12, 24, 1, 69.1944, 31.8992, 0.420, 1.377, 0.004

1, 12, 25, 1, 69.1944, 31.8992, 0.220, 1.380, 0.004

0, 12, 24, 2, 69.1944, 31.8992, 0.420, 1.392, 0.004

1, 12, 25, 2, 69.1944, 31.8992, 0.220, 1.383, 0.004

0, 12, 24, 3, 69.1944, 31.8992, 0.420, 1.387, 0.004

1, 12, 25, 3, 69.1944, 31.8992, 0.220, 1.385, 0.004

0, 12, 24, 4, 69.1944, 31.8992, 0.430, 1.379, 0.004

1, 12, 25, 4, 69.1944, 31.8992, 0.220, 1.375, 0.004

0, 12, 24, 0, 69.1944, 32.1492, 0.410, 1.383, 0.004

1, 12, 25, 0, 69.1944, 32.1492, 0.220, 1.383, 0.004

0, 12, 24, 1, 69.1944, 32.1492, 0.430, 1.373, 0.004

1, 12, 25, 1, 69.1944, 32.1492, 0.220, 1.376, 0.004

0, 12, 24, 2, 69.1944, 32.1492, 0.420, 1.375, 0.004

1, 12, 25, 2, 69.1944, 32.1492, 0.220, 1.384, 0.004

0, 12, 24, 3, 69.1944, 32.1492, 0.430, 1.379, 0.004

1, 12, 25, 3, 69.1944, 32.1492, 0.220, 1.387, 0.004

0, 12, 24, 4, 69.1944, 32.1492, 0.430, 1.381, 0.004

1, 12, 25, 4, 69.1944, 32.1492, 0.220, 1.382, 0.004

0, 12, 24, 0, 69.1944, 32.3992, 0.420, 1.384, 0.004

1, 12, 25, 0, 69.1944, 32.3992, 0.220, 1.385, 0.004

0, 12, 24, 1, 69.1944, 32.3992, 0.430, 1.386, 0.004

1, 12, 25, 1, 69.1944, 32.3992, 0.220, 1.380, 0.004

0, 12, 24, 2, 69.1944, 32.3992, 0.440, 1.382, 0.004

1, 12, 25, 2, 69.1944, 32.3992, 0.230, 1.382, 0.004

0, 12, 24, 3, 69.1944, 32.3992, 0.420, 1.375, 0.004

1, 12, 25, 3, 69.1944, 32.3992, 0.220, 1.377, 0.004

0, 12, 24, 4, 69.1944, 32.3992, 0.420, 1.365, 0.004

1, 12, 25, 4, 69.1944, 32.3992, 0.220, 1.377, 0.004

0, 12, 24, 0, 69.1944, 32.6492, 0.440, 1.388, 0.004

1, 12, 25, 0, 69.1944, 32.6492, 0.220, 1.377, 0.004

0, 12, 24, 1, 69.1944, 32.6492, 0.430, 1.380, 0.004

1, 12, 25, 1, 69.1944, 32.6492, 0.220, 1.377, 0.004

0, 12, 24, 2, 69.1944, 32.6492, 0.430, 1.375, 0.004

1, 12, 25, 2, 69.1944, 32.6492, 0.220, 1.384, 0.004

0, 12, 24, 3, 69.1944, 32.6492, 0.440, 1.385, 0.004

1, 12, 25, 3, 69.1944, 32.6492, 0.220, 1.383, 0.004

0, 12, 24, 4, 69.1944, 32.6492, 0.440, 1.386, 0.004

1, 12, 25, 4, 69.1944, 32.6492, 0.220, 1.386, 0.004

0, 12, 24, 0, 69.1944, 32.8992, 0.430, 1.379, 0.004

1, 12, 25, 0, 69.1944, 32.8992, 0.220, 1.385, 0.004

0, 12, 24, 1, 69.1944, 32.8992, 0.420, 1.382, 0.004

1, 12, 25, 1, 69.1944, 32.8992, 0.220, 1.383, 0.004

0, 12, 24, 2, 69.1944, 32.8992, 0.430, 1.384, 0.004

1, 12, 25, 2, 69.1944, 32.8992, 0.220, 1.386, 0.004

0, 12, 24, 3, 69.1944, 32.8992, 0.430, 1.385, 0.004

1, 12, 25, 3, 69.1944, 32.8992, 0.220, 1.386, 0.004

0, 12, 24, 4, 69.1944, 32.8992, 0.440, 1.373, 0.004

1, 12, 25, 4, 69.1944, 32.8992, 0.230, 1.380, 0.004

0, 12, 24, 0, 69.1944, 33.1492, 0.430, 1.378, 0.004

1, 12, 25, 0, 69.1944, 33.1492, 0.220, 1.388, 0.004

0, 12, 24, 1, 69.1944, 33.1492, 0.440, 1.375, 0.004

1, 12, 25, 1, 69.1944, 33.1492, 0.220, 1.379, 0.004

0, 12, 24, 2, 69.1944, 33.1492, 0.420, 1.380, 0.004

1, 12, 25, 2, 69.1944, 33.1492, 0.220, 1.379, 0.004

0, 12, 24, 3, 69.1944, 33.1492, 0.420, 1.383, 0.004

1, 12, 25, 3, 69.1944, 33.1492, 0.220, 1.381, 0.004

0, 12, 24, 4, 69.1944, 33.1492, 0.440, 1.381, 0.004

1, 12, 25, 4, 69.1944, 33.1492, 0.220, 1.384, 0.004

0, 12, 24, 0, 69.1944, 33.3992, 0.440, 1.385, 0.004

1, 12, 25, 0, 69.1944, 33.3992, 0.220, 1.380, 0.004

0, 12, 24, 1, 69.1944, 33.3992, 0.430, 1.383, 0.004

1, 12, 25, 1, 69.1944, 33.3992, 0.220, 1.384, 0.004

0, 12, 24, 2, 69.1944, 33.3992, 0.420, 1.376, 0.004

1, 12, 25, 2, 69.1944, 33.3992, 0.220, 1.381, 0.004

0, 12, 24, 3, 69.1944, 33.3992, 0.420, 1.380, 0.004

1, 12, 25, 3, 69.1944, 33.3992, 0.220, 1.380, 0.004

0, 12, 24, 4, 69.1944, 33.3992, 0.430, 1.383, 0.004

1, 12, 25, 4, 69.1944, 33.3992, 0.220, 1.376, 0.004

0, 12, 24, 0, 69.1944, 33.6492, 0.420, 1.386, 0.004

1, 12, 25, 0, 69.1944, 33.6492, 0.220, 1.374, 0.004

0, 12, 24, 1, 69.1944, 33.6492, 0.420, 1.384, 0.004

1, 12, 25, 1, 69.1944, 33.6492, 0.220, 1.385, 0.004

0, 12, 24, 2, 69.1944, 33.6492, 0.430, 1.382, 0.004

1, 12, 25, 2, 69.1944, 33.6492, 0.220, 1.388, 0.004

0, 12, 24, 3, 69.1944, 33.6492, 0.420, 1.357, 0.004

1, 12, 25, 3, 69.1944, 33.6492, 0.220, 1.379, 0.004

0, 12, 24, 4, 69.1944, 33.6492, 0.430, 1.380, 0.004

1, 12, 25, 4, 69.1944, 33.6492, 0.220, 1.383, 0.004

0, 12, 24, 0, 69.1944, 33.8992, 0.440, 1.382, 0.004

1, 12, 25, 0, 69.1944, 33.8992, 0.220, 1.375, 0.004

0, 12, 24, 1, 69.1944, 33.8992, 0.440, 1.382, 0.004

1, 12, 25, 1, 69.1944, 33.8992, 0.220, 1.381, 0.004

0, 12, 24, 2, 69.1944, 33.8992, 0.430, 1.373, 0.004

1, 12, 25, 2, 69.1944, 33.8992, 0.220, 1.381, 0.004

0, 12, 24, 3, 69.1944, 33.8992, 0.430, 1.380, 0.004

1, 12, 25, 3, 69.1944, 33.8992, 0.220, 1.369, 0.004

0, 12, 24, 4, 69.1944, 33.8992, 0.440, 1.377, 0.004

1, 12, 25, 4, 69.1944, 33.8992, 0.220, 1.380, 0.004

0, 12, 24, 0, 69.1944, 34.1492, 0.430, 1.384, 0.004

1, 12, 25, 0, 69.1944, 34.1492, 0.220, 1.382, 0.004

0, 12, 24, 1, 69.1944, 34.1492, 0.430, 1.378, 0.004

1, 12, 25, 1, 69.1944, 34.1492, 0.220, 1.387, 0.004

0, 12, 24, 2, 69.1944, 34.1492, 0.420, 1.352, 0.004

1, 12, 25, 2, 69.1944, 34.1492, 0.220, 1.386, 0.004

0, 12, 24, 3, 69.1944, 34.1492, 0.430, 1.385, 0.004

1, 12, 25, 3, 69.1944, 34.1492, 0.220, 1.381, 0.004

0, 12, 24, 4, 69.1944, 34.1492, 0.440, 1.377, 0.004

1, 12, 25, 4, 69.1944, 34.1492, 0.220, 1.388, 0.004

0, 12, 24, 0, 69.1944, 34.3992, 0.430, 1.370, 0.004

1, 12, 25, 0, 69.1944, 34.3992, 0.220, 1.385, 0.004

0, 12, 24, 1, 69.1944, 34.3992, 0.420, 1.382, 0.004

1, 12, 25, 1, 69.1944, 34.3992, 0.220, 1.384, 0.004

0, 12, 24, 2, 69.1944, 34.3992, 0.430, 1.384, 0.004

1, 12, 25, 2, 69.1944, 34.3992, 0.220, 1.370, 0.004

0, 12, 24, 3, 69.1944, 34.3992, 0.420, 1.374, 0.004

1, 12, 25, 3, 69.1944, 34.3992, 0.220, 1.383, 0.004

0, 12, 24, 4, 69.1944, 34.3992, 0.430, 1.380, 0.004

1, 12, 25, 4, 69.1944, 34.3992, 0.220, 1.388, 0.004

0, 12, 24, 0, 69.1944, 34.6492, 0.430, 1.387, 0.004

1, 12, 25, 0, 69.1944, 34.6492, 0.220, 1.384, 0.004

0, 12, 24, 1, 69.1944, 34.6492, 0.440, 1.376, 0.004

1, 12, 25, 1, 69.1944, 34.6492, 0.220, 1.380, 0.004

0, 12, 24, 2, 69.1944, 34.6492, 0.420, 1.385, 0.004

1, 12, 25, 2, 69.1944, 34.6492, 0.220, 1.383, 0.004

0, 12, 24, 3, 69.1944, 34.6492, 0.440, 1.377, 0.004

1, 12, 25, 3, 69.1944, 34.6492, 0.220, 1.375, 0.004

0, 12, 24, 4, 69.1944, 34.6492, 0.430, 1.387, 0.004

1, 12, 25, 4, 69.1944, 34.6492, 0.220, 1.386, 0.004

0, 12, 24, 0, 69.1944, 34.8992, 0.430, 1.381, 0.004

1, 12, 25, 0, 69.1944, 34.8992, 0.220, 1.373, 0.004

0, 12, 24, 1, 69.1944, 34.8992, 0.420, 1.374, 0.004

1, 12, 25, 1, 69.1944, 34.8992, 0.230, 1.382, 0.004

0, 12, 24, 2, 69.1944, 34.8992, 0.420, 1.378, 0.004

1, 12, 25, 2, 69.1944, 34.8992, 0.220, 1.380, 0.004

0, 12, 24, 3, 69.1944, 34.8992, 0.430, 1.390, 0.004

1, 12, 25, 3, 69.1944, 34.8992, 0.230, 1.386, 0.004

0, 12, 24, 4, 69.1944, 34.8992, 0.430, 1.390, 0.004

1, 12, 25, 4, 69.1944, 34.8992, 0.220, 1.384, 0.004

0, 12, 24, 0, 69.1944, 35.1492, 0.420, 1.369, 0.004

1, 12, 25, 0, 69.1944, 35.1492, 0.230, 1.392, 0.004

0, 12, 24, 1, 69.1944, 35.1492, 0.430, 1.385, 0.004

1, 12, 25, 1, 69.1944, 35.1492, 0.230, 1.385, 0.004

0, 12, 24, 2, 69.1944, 35.1492, 0.430, 1.382, 0.004

1, 12, 25, 2, 69.1944, 35.1492, 0.220, 1.382, 0.004

0, 12, 24, 3, 69.1944, 35.1492, 0.430, 1.389, 0.004

1, 12, 25, 3, 69.1944, 35.1492, 0.220, 1.382, 0.004

0, 12, 24, 4, 69.1944, 35.1492, 0.430, 1.372, 0.004

1, 12, 25, 4, 69.1944, 35.1492, 0.220, 1.381, 0.004

0, 12, 24, 0, 69.1944, 35.3992, 0.420, 1.382, 0.004

1, 12, 25, 0, 69.1944, 35.3992, 0.220, 1.381, 0.004

0, 12, 24, 1, 69.1944, 35.3992, 0.410, 1.387, 0.004

1, 12, 25, 1, 69.1944, 35.3992, 0.220, 1.384, 0.004

0, 12, 24, 2, 69.1944, 35.3992, 0.430, 1.385, 0.004

1, 12, 25, 2, 69.1944, 35.3992, 0.220, 1.382, 0.004

0, 12, 24, 3, 69.1944, 35.3992, 0.430, 1.386, 0.004

1, 12, 25, 3, 69.1944, 35.3992, 0.220, 1.387, 0.004

0, 12, 24, 4, 69.1944, 35.3992, 0.430, 1.390, 0.004

1, 12, 25, 4, 69.1944, 35.3992, 0.220, 1.376, 0.004

0, 12, 24, 0, 69.1944, 35.6492, 0.420, 1.386, 0.004

1, 12, 25, 0, 69.1944, 35.6492, 0.220, 1.387, 0.004

0, 12, 24, 1, 69.1944, 35.6492, 0.430, 1.382, 0.004

1, 12, 25, 1, 69.1944, 35.6492, 0.220, 1.385, 0.004

0, 12, 24, 2, 69.1944, 35.6492, 0.430, 1.372, 0.004

1, 12, 25, 2, 69.1944, 35.6492, 0.220, 1.383, 0.004

0, 12, 24, 3, 69.1944, 35.6492, 0.430, 1.393, 0.004

1, 12, 25, 3, 69.1944, 35.6492, 0.220, 1.383, 0.004

0, 12, 24, 4, 69.1944, 35.6492, 0.440, 1.379, 0.004

1, 12, 25, 4, 69.1944, 35.6492, 0.220, 1.382, 0.004

0, 12, 24, 0, 69.1944, 35.8992, 0.430, 1.397, 0.004

1, 12, 25, 0, 69.1944, 35.8992, 0.230, 1.386, 0.004

0, 12, 24, 1, 69.1944, 35.8992, 0.430, 1.374, 0.004

1, 12, 25, 1, 69.1944, 35.8992, 0.220, 1.381, 0.004

0, 12, 24, 2, 69.1944, 35.8992, 0.430, 1.388, 0.004

1, 12, 25, 2, 69.1944, 35.8992, 0.230, 1.381, 0.004

0, 12, 24, 3, 69.1944, 35.8992, 0.430, 1.378, 0.004

1, 12, 25, 3, 69.1944, 35.8992, 0.220, 1.380, 0.004

0, 12, 24, 4, 69.1944, 35.8992, 0.430, 1.378, 0.004

1, 12, 25, 4, 69.1944, 35.8992, 0.220, 1.381, 0.004

0, 12, 24, 0, 69.1944, 36.1492, 0.430, 1.386, 0.004

1, 12, 25, 0, 69.1944, 36.1492, 0.220, 1.380, 0.004

0, 12, 24, 1, 69.1944, 36.1492, 0.430, 1.388, 0.004

1, 12, 25, 1, 69.1944, 36.1492, 0.220, 1.385, 0.004

0, 12, 24, 2, 69.1944, 36.1492, 0.430, 1.386, 0.004

1, 12, 25, 2, 69.1944, 36.1492, 0.220, 1.381, 0.004

0, 12, 24, 3, 69.1944, 36.1492, 0.430, 1.389, 0.004

1, 12, 25, 3, 69.1944, 36.1492, 0.220, 1.373, 0.004

0, 12, 24, 4, 69.1944, 36.1492, 0.430, 1.357, 0.004

1, 12, 25, 4, 69.1944, 36.1492, 0.220, 1.388, 0.004

0, 12, 24, 0, 69.1944, 36.3992, 0.420, 1.390, 0.004

1, 12, 25, 0, 69.1944, 36.3992, 0.220, 1.374, 0.004

0, 12, 24, 1, 69.1944, 36.3992, 0.420, 1.377, 0.004

1, 12, 25, 1, 69.1944, 36.3992, 0.220, 1.382, 0.004

0, 12, 24, 2, 69.1944, 36.3992, 0.420, 1.385, 0.004

1, 12, 25, 2, 69.1944, 36.3992, 0.230, 1.378, 0.004

0, 12, 24, 3, 69.1944, 36.3992, 0.420, 1.377, 0.004

1, 12, 25, 3, 69.1944, 36.3992, 0.220, 1.385, 0.004

0, 12, 24, 4, 69.1944, 36.3992, 0.420, 1.381, 0.004

1, 12, 25, 4, 69.1944, 36.3992, 0.220, 1.384, 0.004

0, 12, 24, 0, 69.1944, 36.6492, 0.430, 1.382, 0.004

1, 12, 25, 0, 69.1944, 36.6492, 0.220, 1.383, 0.004

0, 12, 24, 1, 69.1944, 36.6492, 0.430, 1.359, 0.004

1, 12, 25, 1, 69.1944, 36.6492, 0.230, 1.385, 0.004

0, 12, 24, 2, 69.1944, 36.6492, 0.430, 1.381, 0.004

1, 12, 25, 2, 69.1944, 36.6492, 0.220, 1.381, 0.004

0, 12, 24, 3, 69.1944, 36.6492, 0.410, 1.377, 0.004

1, 12, 25, 3, 69.1944, 36.6492, 0.220, 1.382, 0.004

0, 12, 24, 4, 69.1944, 36.6492, 0.430, 1.383, 0.004

1, 12, 25, 4, 69.1944, 36.6492, 0.220, 1.386, 0.004

0, 12, 24, 0, 69.1944, 36.8992, 0.430, 1.377, 0.004

1, 12, 25, 0, 69.1944, 36.8992, 0.220, 1.385, 0.004

0, 12, 24, 1, 69.1944, 36.8992, 0.440, 1.370, 0.004

1, 12, 25, 1, 69.1944, 36.8992, 0.220, 1.383, 0.004

0, 12, 24, 2, 69.1944, 36.8992, 0.440, 1.381, 0.004

1, 12, 25, 2, 69.1944, 36.8992, 0.220, 1.383, 0.004

0, 12, 24, 3, 69.1944, 36.8992, 0.430, 1.378, 0.004

1, 12, 25, 3, 69.1944, 36.8992, 0.230, 1.378, 0.004

0, 12, 24, 4, 69.1944, 36.8992, 0.430, 1.384, 0.004

1, 12, 25, 4, 69.1944, 36.8992, 0.220, 1.381, 0.004

0, 12, 24, 0, 69.1944, 37.1492, 0.430, 1.379, 0.004

1, 12, 25, 0, 69.1944, 37.1492, 0.220, 1.380, 0.004

0, 12, 24, 1, 69.1944, 37.1492, 0.430, 1.387, 0.004

1, 12, 25, 1, 69.1944, 37.1492, 0.220, 1.385, 0.004

0, 12, 24, 2, 69.1944, 37.1492, 0.440, 1.384, 0.004

1, 12, 25, 2, 69.1944, 37.1492, 0.220, 1.386, 0.004

0, 12, 24, 3, 69.1944, 37.1492, 0.440, 1.386, 0.004

1, 12, 25, 3, 69.1944, 37.1492, 0.220, 1.378, 0.004

0, 12, 24, 4, 69.1944, 37.1492, 0.440, 1.373, 0.004

1, 12, 25, 4, 69.1944, 37.1492, 0.220, 1.385, 0.004

0, 12, 24, 0, 69.1944, 37.3992, 0.440, 1.386, 0.004

1, 12, 25, 0, 69.1944, 37.3992, 0.220, 1.379, 0.004

0, 12, 24, 1, 69.1944, 37.3992, 0.440, 1.362, 0.004

1, 12, 25, 1, 69.1944, 37.3992, 0.220, 1.381, 0.004

0, 12, 24, 2, 69.1944, 37.3992, 0.440, 1.389, 0.004

1, 12, 25, 2, 69.1944, 37.3992, 0.220, 1.380, 0.004

0, 12, 24, 3, 69.1944, 37.3992, 0.440, 1.352, 0.004

1, 12, 25, 3, 69.1944, 37.3992, 0.220, 1.376, 0.004

0, 12, 24, 4, 69.1944, 37.3992, 0.430, 1.378, 0.004

1, 12, 25, 4, 69.1944, 37.3992, 0.220, 1.372, 0.004

0, 12, 24, 0, 69.1944, 37.6492, 0.440, 1.395, 0.004

1, 12, 25, 0, 69.1944, 37.6492, 0.220, 1.384, 0.004

0, 12, 24, 1, 69.1944, 37.6492, 0.440, 1.379, 0.004

1, 12, 25, 1, 69.1944, 37.6492, 0.220, 1.378, 0.004

0, 12, 24, 2, 69.1944, 37.6492, 0.440, 1.381, 0.004

1, 12, 25, 2, 69.1944, 37.6492, 0.220, 1.377, 0.004

0, 12, 24, 3, 69.1944, 37.6492, 0.440, 1.372, 0.004

1, 12, 25, 3, 69.1944, 37.6492, 0.220, 1.381, 0.004

0, 12, 24, 4, 69.1944, 37.6492, 0.440, 1.375, 0.004

1, 12, 25, 4, 69.1944, 37.6492, 0.220, 1.384, 0.004

0, 12, 24, 0, 69.1944, 37.8992, 0.440, 1.365, 0.004

1, 12, 25, 0, 69.1944, 37.8992, 0.220, 1.381, 0.004

0, 12, 24, 1, 69.1944, 37.8992, 0.440, 1.385, 0.004

1, 12, 25, 1, 69.1944, 37.8992, 0.220, 1.373, 0.004

0, 12, 24, 2, 69.1944, 37.8992, 0.430, 1.387, 0.004

1, 12, 25, 2, 69.1944, 37.8992, 0.220, 1.381, 0.004

0, 12, 24, 3, 69.1944, 37.8992, 0.440, 1.378, 0.004

1, 12, 25, 3, 69.1944, 37.8992, 0.220, 1.379, 0.004

0, 12, 24, 4, 69.1944, 37.8992, 0.440, 1.378, 0.004

1, 12, 25, 4, 69.1944, 37.8992, 0.220, 1.376, 0.004

0, 12, 24, 0, 69.1944, 38.1492, 0.430, 1.379, 0.004

1, 12, 25, 0, 69.1944, 38.1492, 0.220, 1.383, 0.004

0, 12, 24, 1, 69.1944, 38.1492, 0.440, 1.386, 0.004

1, 12, 25, 1, 69.1944, 38.1492, 0.220, 1.378, 0.004

0, 12, 24, 2, 69.1944, 38.1492, 0.440, 1.383, 0.004

1, 12, 25, 2, 69.1944, 38.1492, 0.220, 1.378, 0.004

0, 12, 24, 3, 69.1944, 38.1492, 0.440, 1.390, 0.004

1, 12, 25, 3, 69.1944, 38.1492, 0.230, 1.384, 0.004

0, 12, 24, 4, 69.1944, 38.1492, 0.430, 1.379, 0.004

1, 12, 25, 4, 69.1944, 38.1492, 0.220, 1.374, 0.004

