Test Sector:
Device ID, Channel, Tile ID, trial, x, y, IMON, RMON, VCOMP
xorigincm, xfinalcm, xsteplengthcm, xsteps = 10.176, 10.176, 0, 29
yorigincm, yfinalcm, ysteplengthcm, nRepeat = 20.2675, 27.7325, 0.25, 5
0, 1, 2, 0, 0, 0, 0.220, 1.388, 0.004

1, 1, 3, 0, 0, 0, 0.260, 1.378, 0.004

0, 1, 2, 1, 0, 0, 0.220, 1.384, 0.004

1, 1, 3, 1, 0, 0, 0.260, 1.377, 0.004

0, 1, 2, 2, 0, 0, 0.220, 1.385, 0.004

1, 1, 3, 2, 0, 0, 0.270, 1.374, 0.004

0, 1, 2, 3, 0, 0, 0.210, 1.387, 0.004

1, 1, 3, 3, 0, 0, 0.270, 1.384, 0.004

0, 1, 2, 4, 0, 0, 0.220, 1.395, 0.004

1, 1, 3, 4, 0, 0, 0.270, 1.377, 0.004

0, 1, 2, 0, 10.176, 20.2675, 0.210, 1.390, 0.004

1, 1, 3, 0, 10.176, 20.2675, 0.270, 1.384, 0.004

0, 1, 2, 1, 10.176, 20.2675, 0.220, 1.390, 0.004

1, 1, 3, 1, 10.176, 20.2675, 0.270, 1.377, 0.004

0, 1, 2, 2, 10.176, 20.2675, 0.220, 1.395, 0.004

1, 1, 3, 2, 10.176, 20.2675, 0.270, 1.377, 0.004

0, 1, 2, 3, 10.176, 20.2675, 0.220, 1.403, 0.004

1, 1, 3, 3, 10.176, 20.2675, 0.270, 1.385, 0.004

0, 1, 2, 4, 10.176, 20.2675, 0.220, 1.394, 0.004

1, 1, 3, 4, 10.176, 20.2675, 0.270, 1.381, 0.004

0, 1, 2, 0, 10.176, 20.5175, 0.220, 1.391, 0.004

1, 1, 3, 0, 10.176, 20.5175, 0.280, 1.370, 0.004

0, 1, 2, 1, 10.176, 20.5175, 0.220, 1.386, 0.004

1, 1, 3, 1, 10.176, 20.5175, 0.280, 1.377, 0.004

0, 1, 2, 2, 10.176, 20.5175, 0.220, 1.392, 0.004

1, 1, 3, 2, 10.176, 20.5175, 0.270, 1.389, 0.004

0, 1, 2, 3, 10.176, 20.5175, 0.220, 1.391, 0.004

1, 1, 3, 3, 10.176, 20.5175, 0.270, 1.371, 0.004

0, 1, 2, 4, 10.176, 20.5175, 0.220, 1.386, 0.004

1, 1, 3, 4, 10.176, 20.5175, 0.270, 1.378, 0.004

0, 1, 2, 0, 10.176, 20.7675, 0.220, 1.390, 0.004

1, 1, 3, 0, 10.176, 20.7675, 0.280, 1.384, 0.004

0, 1, 2, 1, 10.176, 20.7675, 0.220, 1.387, 0.004

1, 1, 3, 1, 10.176, 20.7675, 0.280, 1.382, 0.004

0, 1, 2, 2, 10.176, 20.7675, 0.220, 1.391, 0.004

1, 1, 3, 2, 10.176, 20.7675, 0.280, 1.385, 0.004

0, 1, 2, 3, 10.176, 20.7675, 0.220, 1.391, 0.004

1, 1, 3, 3, 10.176, 20.7675, 0.280, 1.385, 0.004

0, 1, 2, 4, 10.176, 20.7675, 0.220, 1.393, 0.004

1, 1, 3, 4, 10.176, 20.7675, 0.280, 1.382, 0.004

0, 1, 2, 0, 10.176, 21.0175, 0.220, 1.392, 0.004

1, 1, 3, 0, 10.176, 21.0175, 0.280, 1.380, 0.004

0, 1, 2, 1, 10.176, 21.0175, 0.220, 1.397, 0.004

1, 1, 3, 1, 10.176, 21.0175, 0.290, 1.386, 0.004

0, 1, 2, 2, 10.176, 21.0175, 0.220, 1.390, 0.004

1, 1, 3, 2, 10.176, 21.0175, 0.290, 1.373, 0.004

0, 1, 2, 3, 10.176, 21.0175, 0.220, 1.390, 0.004

1, 1, 3, 3, 10.176, 21.0175, 0.290, 1.380, 0.004

0, 1, 2, 4, 10.176, 21.0175, 0.220, 1.394, 0.004

1, 1, 3, 4, 10.176, 21.0175, 0.290, 1.378, 0.004

0, 1, 2, 0, 10.176, 21.2675, 0.220, 1.398, 0.004

1, 1, 3, 0, 10.176, 21.2675, 0.300, 1.384, 0.004

0, 1, 2, 1, 10.176, 21.2675, 0.220, 1.398, 0.004

1, 1, 3, 1, 10.176, 21.2675, 0.300, 1.380, 0.004

0, 1, 2, 2, 10.176, 21.2675, 0.220, 1.384, 0.004

1, 1, 3, 2, 10.176, 21.2675, 0.300, 1.380, 0.004

0, 1, 2, 3, 10.176, 21.2675, 0.220, 1.394, 0.004

1, 1, 3, 3, 10.176, 21.2675, 0.300, 1.376, 0.004

0, 1, 2, 4, 10.176, 21.2675, 0.220, 1.396, 0.004

1, 1, 3, 4, 10.176, 21.2675, 0.300, 1.378, 0.004

0, 1, 2, 0, 10.176, 21.5175, 0.220, 1.397, 0.004

1, 1, 3, 0, 10.176, 21.5175, 0.340, 1.367, 0.004

0, 1, 2, 1, 10.176, 21.5175, 0.220, 1.387, 0.004

1, 1, 3, 1, 10.176, 21.5175, 0.330, 1.386, 0.004

0, 1, 2, 2, 10.176, 21.5175, 0.220, 1.392, 0.004

1, 1, 3, 2, 10.176, 21.5175, 0.350, 1.375, 0.004

0, 1, 2, 3, 10.176, 21.5175, 0.220, 1.397, 0.004

1, 1, 3, 3, 10.176, 21.5175, 0.340, 1.386, 0.004

0, 1, 2, 4, 10.176, 21.5175, 0.220, 1.389, 0.004

1, 1, 3, 4, 10.176, 21.5175, 0.350, 1.375, 0.004

0, 1, 2, 0, 10.176, 21.7675, 0.220, 1.398, 0.004

1, 1, 3, 0, 10.176, 21.7675, 0.380, 1.381, 0.004

0, 1, 2, 1, 10.176, 21.7675, 0.220, 1.392, 0.004

1, 1, 3, 1, 10.176, 21.7675, 0.370, 1.381, 0.004

0, 1, 2, 2, 10.176, 21.7675, 0.220, 1.389, 0.004

1, 1, 3, 2, 10.176, 21.7675, 0.380, 1.384, 0.004

0, 1, 2, 3, 10.176, 21.7675, 0.220, 1.386, 0.004

1, 1, 3, 3, 10.176, 21.7675, 0.360, 1.381, 0.004

0, 1, 2, 4, 10.176, 21.7675, 0.220, 1.397, 0.004

1, 1, 3, 4, 10.176, 21.7675, 0.370, 1.391, 0.004

0, 1, 2, 0, 10.176, 22.0175, 0.220, 1.387, 0.004

1, 1, 3, 0, 10.176, 22.0175, 0.380, 1.381, 0.004

0, 1, 2, 1, 10.176, 22.0175, 0.220, 1.387, 0.004

1, 1, 3, 1, 10.176, 22.0175, 0.370, 1.382, 0.004

0, 1, 2, 2, 10.176, 22.0175, 0.220, 1.390, 0.004

1, 1, 3, 2, 10.176, 22.0175, 0.370, 1.373, 0.004

0, 1, 2, 3, 10.176, 22.0175, 0.220, 1.387, 0.004

1, 1, 3, 3, 10.176, 22.0175, 0.380, 1.382, 0.004

0, 1, 2, 4, 10.176, 22.0175, 0.220, 1.391, 0.004

1, 1, 3, 4, 10.176, 22.0175, 0.390, 1.380, 0.004

0, 1, 2, 0, 10.176, 22.2675, 0.220, 1.399, 0.004

1, 1, 3, 0, 10.176, 22.2675, 0.370, 1.378, 0.004

0, 1, 2, 1, 10.176, 22.2675, 0.220, 1.397, 0.004

1, 1, 3, 1, 10.176, 22.2675, 0.370, 1.391, 0.004

0, 1, 2, 2, 10.176, 22.2675, 0.220, 1.391, 0.004

1, 1, 3, 2, 10.176, 22.2675, 0.370, 1.378, 0.004

0, 1, 2, 3, 10.176, 22.2675, 0.230, 1.393, 0.004

1, 1, 3, 3, 10.176, 22.2675, 0.370, 1.380, 0.004

0, 1, 2, 4, 10.176, 22.2675, 0.220, 1.391, 0.004

1, 1, 3, 4, 10.176, 22.2675, 0.370, 1.375, 0.004

0, 1, 2, 0, 10.176, 22.5175, 0.220, 1.395, 0.004

1, 1, 3, 0, 10.176, 22.5175, 0.380, 1.375, 0.004

0, 1, 2, 1, 10.176, 22.5175, 0.220, 1.390, 0.004

1, 1, 3, 1, 10.176, 22.5175, 0.380, 1.384, 0.004

0, 1, 2, 2, 10.176, 22.5175, 0.220, 1.397, 0.004

1, 1, 3, 2, 10.176, 22.5175, 0.370, 1.373, 0.004

0, 1, 2, 3, 10.176, 22.5175, 0.220, 1.388, 0.004

1, 1, 3, 3, 10.176, 22.5175, 0.380, 1.374, 0.004

0, 1, 2, 4, 10.176, 22.5175, 0.220, 1.380, 0.004

1, 1, 3, 4, 10.176, 22.5175, 0.380, 1.385, 0.004

0, 1, 2, 0, 10.176, 22.7675, 0.220, 1.400, 0.004

1, 1, 3, 0, 10.176, 22.7675, 0.370, 1.371, 0.004

0, 1, 2, 1, 10.176, 22.7675, 0.220, 1.397, 0.004

1, 1, 3, 1, 10.176, 22.7675, 0.370, 1.387, 0.004

0, 1, 2, 2, 10.176, 22.7675, 0.220, 1.397, 0.004

1, 1, 3, 2, 10.176, 22.7675, 0.380, 1.382, 0.004

0, 1, 2, 3, 10.176, 22.7675, 0.220, 1.391, 0.004

1, 1, 3, 3, 10.176, 22.7675, 0.370, 1.383, 0.004

0, 1, 2, 4, 10.176, 22.7675, 0.220, 1.392, 0.004

1, 1, 3, 4, 10.176, 22.7675, 0.380, 1.377, 0.004

0, 1, 2, 0, 10.176, 23.0175, 0.220, 1.393, 0.004

1, 1, 3, 0, 10.176, 23.0175, 0.360, 1.365, 0.004

0, 1, 2, 1, 10.176, 23.0175, 0.220, 1.384, 0.004

1, 1, 3, 1, 10.176, 23.0175, 0.370, 1.381, 0.004

0, 1, 2, 2, 10.176, 23.0175, 0.220, 1.391, 0.004

1, 1, 3, 2, 10.176, 23.0175, 0.370, 1.382, 0.004

0, 1, 2, 3, 10.176, 23.0175, 0.220, 1.388, 0.004

1, 1, 3, 3, 10.176, 23.0175, 0.370, 1.382, 0.004

0, 1, 2, 4, 10.176, 23.0175, 0.220, 1.397, 0.004

1, 1, 3, 4, 10.176, 23.0175, 0.360, 1.379, 0.004

0, 1, 2, 0, 10.176, 23.2675, 0.220, 1.383, 0.004

1, 1, 3, 0, 10.176, 23.2675, 0.370, 1.386, 0.004

0, 1, 2, 1, 10.176, 23.2675, 0.220, 1.387, 0.004

1, 1, 3, 1, 10.176, 23.2675, 0.370, 1.388, 0.004

0, 1, 2, 2, 10.176, 23.2675, 0.220, 1.395, 0.004

1, 1, 3, 2, 10.176, 23.2675, 0.360, 1.378, 0.004

0, 1, 2, 3, 10.176, 23.2675, 0.220, 1.385, 0.004

1, 1, 3, 3, 10.176, 23.2675, 0.360, 1.383, 0.004

0, 1, 2, 4, 10.176, 23.2675, 0.230, 1.383, 0.004

1, 1, 3, 4, 10.176, 23.2675, 0.370, 1.374, 0.004

0, 1, 2, 0, 10.176, 23.5175, 0.230, 1.390, 0.004

1, 1, 3, 0, 10.176, 23.5175, 0.350, 1.386, 0.004

0, 1, 2, 1, 10.176, 23.5175, 0.230, 1.387, 0.004

1, 1, 3, 1, 10.176, 23.5175, 0.360, 1.389, 0.004

0, 1, 2, 2, 10.176, 23.5175, 0.230, 1.398, 0.004

1, 1, 3, 2, 10.176, 23.5175, 0.350, 1.387, 0.004

0, 1, 2, 3, 10.176, 23.5175, 0.230, 1.392, 0.004

1, 1, 3, 3, 10.176, 23.5175, 0.350, 1.383, 0.004

0, 1, 2, 4, 10.176, 23.5175, 0.230, 1.390, 0.004

1, 1, 3, 4, 10.176, 23.5175, 0.360, 1.384, 0.004

0, 1, 2, 0, 10.176, 23.7675, 0.240, 1.389, 0.004

1, 1, 3, 0, 10.176, 23.7675, 0.320, 1.377, 0.004

0, 1, 2, 1, 10.176, 23.7675, 0.240, 1.387, 0.004

1, 1, 3, 1, 10.176, 23.7675, 0.320, 1.383, 0.004

0, 1, 2, 2, 10.176, 23.7675, 0.230, 1.396, 0.004

1, 1, 3, 2, 10.176, 23.7675, 0.330, 1.375, 0.004

0, 1, 2, 3, 10.176, 23.7675, 0.240, 1.387, 0.004

1, 1, 3, 3, 10.176, 23.7675, 0.320, 1.351, 0.004

0, 1, 2, 4, 10.176, 23.7675, 0.240, 1.394, 0.004

1, 1, 3, 4, 10.176, 23.7675, 0.330, 1.377, 0.004

0, 1, 2, 0, 10.176, 24.0175, 0.260, 1.392, 0.004

1, 1, 3, 0, 10.176, 24.0175, 0.290, 1.369, 0.004

0, 1, 2, 1, 10.176, 24.0175, 0.250, 1.394, 0.004

1, 1, 3, 1, 10.176, 24.0175, 0.290, 1.386, 0.004

0, 1, 2, 2, 10.176, 24.0175, 0.260, 1.395, 0.004

1, 1, 3, 2, 10.176, 24.0175, 0.300, 1.371, 0.004

0, 1, 2, 3, 10.176, 24.0175, 0.250, 1.388, 0.004

1, 1, 3, 3, 10.176, 24.0175, 0.290, 1.381, 0.004

0, 1, 2, 4, 10.176, 24.0175, 0.260, 1.389, 0.004

1, 1, 3, 4, 10.176, 24.0175, 0.290, 1.378, 0.004

0, 1, 2, 0, 10.176, 24.2675, 0.290, 1.395, 0.004

1, 1, 3, 0, 10.176, 24.2675, 0.280, 1.376, 0.004

0, 1, 2, 1, 10.176, 24.2675, 0.290, 1.381, 0.004

1, 1, 3, 1, 10.176, 24.2675, 0.280, 1.378, 0.004

0, 1, 2, 2, 10.176, 24.2675, 0.290, 1.396, 0.004

1, 1, 3, 2, 10.176, 24.2675, 0.280, 1.372, 0.004

0, 1, 2, 3, 10.176, 24.2675, 0.280, 1.388, 0.004

1, 1, 3, 3, 10.176, 24.2675, 0.280, 1.380, 0.004

0, 1, 2, 4, 10.176, 24.2675, 0.280, 1.380, 0.004

1, 1, 3, 4, 10.176, 24.2675, 0.270, 1.377, 0.004

0, 1, 2, 0, 10.176, 24.5175, 0.300, 1.393, 0.004

1, 1, 3, 0, 10.176, 24.5175, 0.270, 1.386, 0.004

0, 1, 2, 1, 10.176, 24.5175, 0.310, 1.382, 0.004

1, 1, 3, 1, 10.176, 24.5175, 0.270, 1.388, 0.004

0, 1, 2, 2, 10.176, 24.5175, 0.300, 1.389, 0.004

1, 1, 3, 2, 10.176, 24.5175, 0.270, 1.388, 0.004

0, 1, 2, 3, 10.176, 24.5175, 0.290, 1.372, 0.004

1, 1, 3, 3, 10.176, 24.5175, 0.270, 1.380, 0.004

0, 1, 2, 4, 10.176, 24.5175, 0.300, 1.386, 0.004

1, 1, 3, 4, 10.176, 24.5175, 0.270, 1.376, 0.004

0, 1, 2, 0, 10.176, 24.7675, 0.310, 1.367, 0.004

1, 1, 3, 0, 10.176, 24.7675, 0.280, 1.380, 0.004

0, 1, 2, 1, 10.176, 24.7675, 0.310, 1.397, 0.004

1, 1, 3, 1, 10.176, 24.7675, 0.270, 1.381, 0.004

0, 1, 2, 2, 10.176, 24.7675, 0.300, 1.388, 0.004

1, 1, 3, 2, 10.176, 24.7675, 0.270, 1.380, 0.004

0, 1, 2, 3, 10.176, 24.7675, 0.310, 1.377, 0.004

1, 1, 3, 3, 10.176, 24.7675, 0.270, 1.376, 0.004

0, 1, 2, 4, 10.176, 24.7675, 0.310, 1.395, 0.004

1, 1, 3, 4, 10.176, 24.7675, 0.270, 1.377, 0.004

0, 1, 2, 0, 10.176, 25.0175, 0.320, 1.391, 0.004

1, 1, 3, 0, 10.176, 25.0175, 0.270, 1.370, 0.004

0, 1, 2, 1, 10.176, 25.0175, 0.310, 1.383, 0.004

1, 1, 3, 1, 10.176, 25.0175, 0.270, 1.373, 0.004

0, 1, 2, 2, 10.176, 25.0175, 0.310, 1.385, 0.004

1, 1, 3, 2, 10.176, 25.0175, 0.270, 1.376, 0.004

0, 1, 2, 3, 10.176, 25.0175, 0.300, 1.387, 0.004

1, 1, 3, 3, 10.176, 25.0175, 0.270, 1.387, 0.004

0, 1, 2, 4, 10.176, 25.0175, 0.310, 1.392, 0.004

1, 1, 3, 4, 10.176, 25.0175, 0.270, 1.384, 0.004

0, 1, 2, 0, 10.176, 25.2675, 0.310, 1.390, 0.004

1, 1, 3, 0, 10.176, 25.2675, 0.270, 1.381, 0.004

0, 1, 2, 1, 10.176, 25.2675, 0.310, 1.387, 0.004

1, 1, 3, 1, 10.176, 25.2675, 0.270, 1.387, 0.004

0, 1, 2, 2, 10.176, 25.2675, 0.300, 1.393, 0.004

1, 1, 3, 2, 10.176, 25.2675, 0.270, 1.384, 0.004

0, 1, 2, 3, 10.176, 25.2675, 0.300, 1.398, 0.004

1, 1, 3, 3, 10.176, 25.2675, 0.260, 1.371, 0.004

0, 1, 2, 4, 10.176, 25.2675, 0.310, 1.393, 0.004

1, 1, 3, 4, 10.176, 25.2675, 0.270, 1.369, 0.004

0, 1, 2, 0, 10.176, 25.5175, 0.310, 1.397, 0.004

1, 1, 3, 0, 10.176, 25.5175, 0.270, 1.382, 0.004

0, 1, 2, 1, 10.176, 25.5175, 0.320, 1.393, 0.004

1, 1, 3, 1, 10.176, 25.5175, 0.270, 1.366, 0.004

0, 1, 2, 2, 10.176, 25.5175, 0.310, 1.392, 0.004

1, 1, 3, 2, 10.176, 25.5175, 0.270, 1.379, 0.004

0, 1, 2, 3, 10.176, 25.5175, 0.320, 1.397, 0.004

1, 1, 3, 3, 10.176, 25.5175, 0.270, 1.384, 0.004

0, 1, 2, 4, 10.176, 25.5175, 0.310, 1.393, 0.004

1, 1, 3, 4, 10.176, 25.5175, 0.260, 1.378, 0.004

0, 1, 2, 0, 10.176, 25.7675, 0.320, 1.390, 0.004

1, 1, 3, 0, 10.176, 25.7675, 0.270, 1.384, 0.004

0, 1, 2, 1, 10.176, 25.7675, 0.320, 1.396, 0.004

1, 1, 3, 1, 10.176, 25.7675, 0.270, 1.371, 0.004

0, 1, 2, 2, 10.176, 25.7675, 0.310, 1.390, 0.004

1, 1, 3, 2, 10.176, 25.7675, 0.270, 1.391, 0.004

0, 1, 2, 3, 10.176, 25.7675, 0.310, 1.390, 0.004

1, 1, 3, 3, 10.176, 25.7675, 0.270, 1.380, 0.004

0, 1, 2, 4, 10.176, 25.7675, 0.310, 1.389, 0.004

1, 1, 3, 4, 10.176, 25.7675, 0.270, 1.376, 0.004

0, 1, 2, 0, 10.176, 26.0175, 0.310, 1.385, 0.004

1, 1, 3, 0, 10.176, 26.0175, 0.270, 1.377, 0.004

0, 1, 2, 1, 10.176, 26.0175, 0.320, 1.390, 0.004

1, 1, 3, 1, 10.176, 26.0175, 0.270, 1.377, 0.004

0, 1, 2, 2, 10.176, 26.0175, 0.310, 1.396, 0.004

1, 1, 3, 2, 10.176, 26.0175, 0.270, 1.380, 0.004

0, 1, 2, 3, 10.176, 26.0175, 0.310, 1.392, 0.004

1, 1, 3, 3, 10.176, 26.0175, 0.270, 1.373, 0.004

0, 1, 2, 4, 10.176, 26.0175, 0.310, 1.386, 0.004

1, 1, 3, 4, 10.176, 26.0175, 0.270, 1.381, 0.004

0, 1, 2, 0, 10.176, 26.2675, 0.300, 1.385, 0.004

1, 1, 3, 0, 10.176, 26.2675, 0.270, 1.373, 0.004

0, 1, 2, 1, 10.176, 26.2675, 0.310, 1.389, 0.004

1, 1, 3, 1, 10.176, 26.2675, 0.270, 1.375, 0.004

0, 1, 2, 2, 10.176, 26.2675, 0.300, 1.386, 0.004

1, 1, 3, 2, 10.176, 26.2675, 0.270, 1.386, 0.004

0, 1, 2, 3, 10.176, 26.2675, 0.300, 1.382, 0.004

1, 1, 3, 3, 10.176, 26.2675, 0.270, 1.387, 0.004

0, 1, 2, 4, 10.176, 26.2675, 0.300, 1.343, 0.004

1, 1, 3, 4, 10.176, 26.2675, 0.270, 1.384, 0.004

0, 1, 2, 0, 10.176, 26.5175, 0.260, 1.393, 0.004

1, 1, 3, 0, 10.176, 26.5175, 0.270, 1.376, 0.004

0, 1, 2, 1, 10.176, 26.5175, 0.270, 1.389, 0.004

1, 1, 3, 1, 10.176, 26.5175, 0.270, 1.377, 0.004

0, 1, 2, 2, 10.176, 26.5175, 0.270, 1.391, 0.004

1, 1, 3, 2, 10.176, 26.5175, 0.270, 1.383, 0.004

0, 1, 2, 3, 10.176, 26.5175, 0.260, 1.388, 0.004

1, 1, 3, 3, 10.176, 26.5175, 0.270, 1.386, 0.004

0, 1, 2, 4, 10.176, 26.5175, 0.270, 1.387, 0.004

1, 1, 3, 4, 10.176, 26.5175, 0.270, 1.382, 0.004

0, 1, 2, 0, 10.176, 26.7675, 0.240, 1.390, 0.004

1, 1, 3, 0, 10.176, 26.7675, 0.270, 1.384, 0.004

0, 1, 2, 1, 10.176, 26.7675, 0.240, 1.381, 0.004

1, 1, 3, 1, 10.176, 26.7675, 0.270, 1.387, 0.004

0, 1, 2, 2, 10.176, 26.7675, 0.240, 1.386, 0.004

1, 1, 3, 2, 10.176, 26.7675, 0.270, 1.382, 0.004

0, 1, 2, 3, 10.176, 26.7675, 0.230, 1.384, 0.004

1, 1, 3, 3, 10.176, 26.7675, 0.260, 1.376, 0.004

0, 1, 2, 4, 10.176, 26.7675, 0.240, 1.395, 0.004

1, 1, 3, 4, 10.176, 26.7675, 0.270, 1.383, 0.004

0, 1, 2, 0, 10.176, 27.0175, 0.220, 1.397, 0.004

1, 1, 3, 0, 10.176, 27.0175, 0.260, 1.377, 0.004

0, 1, 2, 1, 10.176, 27.0175, 0.230, 1.386, 0.004

1, 1, 3, 1, 10.176, 27.0175, 0.260, 1.377, 0.004

0, 1, 2, 2, 10.176, 27.0175, 0.230, 1.388, 0.004

1, 1, 3, 2, 10.176, 27.0175, 0.270, 1.381, 0.004

0, 1, 2, 3, 10.176, 27.0175, 0.230, 1.384, 0.004

1, 1, 3, 3, 10.176, 27.0175, 0.270, 1.381, 0.004

0, 1, 2, 4, 10.176, 27.0175, 0.230, 1.389, 0.004

1, 1, 3, 4, 10.176, 27.0175, 0.260, 1.375, 0.004

0, 1, 2, 0, 10.176, 27.2675, 0.220, 1.390, 0.004

1, 1, 3, 0, 10.176, 27.2675, 0.270, 1.381, 0.004

0, 1, 2, 1, 10.176, 27.2675, 0.220, 1.397, 0.004

1, 1, 3, 1, 10.176, 27.2675, 0.270, 1.387, 0.004

0, 1, 2, 2, 10.176, 27.2675, 0.220, 1.393, 0.004

1, 1, 3, 2, 10.176, 27.2675, 0.270, 1.376, 0.004

0, 1, 2, 3, 10.176, 27.2675, 0.220, 1.392, 0.004

1, 1, 3, 3, 10.176, 27.2675, 0.270, 1.381, 0.004

0, 1, 2, 4, 10.176, 27.2675, 0.220, 1.389, 0.004

1, 1, 3, 4, 10.176, 27.2675, 0.270, 1.370, 0.004

