Test Sector:
Device ID, Channel, Tile ID, trial, x, y, IMON, RMON, VCOMP
xorigincm, xfinalcm, xsteplengthcm, xsteps = 85.7489, 85.7489, 0, 137
yorigincm, yfinalcm, ysteplengthcm, nRepeat = 6.31418, 40.6858, 0.25, 5
0, 15, 30, 0, 0, 0, 0.270, 1.395, 0.004

1, 15, 31, 0, 0, 0, 0.200, 1.375, 0.004

0, 15, 30, 1, 0, 0, 0.270, 1.406, 0.004

1, 15, 31, 1, 0, 0, 0.200, 1.370, 0.004

0, 15, 30, 2, 0, 0, 0.270, 1.397, 0.004

1, 15, 31, 2, 0, 0, 0.200, 1.358, 0.004

0, 15, 30, 3, 0, 0, 0.270, 1.399, 0.004

1, 15, 31, 3, 0, 0, 0.200, 1.372, 0.004

0, 15, 30, 4, 0, 0, 0.270, 1.394, 0.004

1, 15, 31, 4, 0, 0, 0.190, 1.375, 0.004

0, 15, 30, 0, 85.7489, 6.31418, 0.270, 1.402, 0.004

1, 15, 31, 0, 85.7489, 6.31418, 0.350, 1.369, 0.004

0, 15, 30, 1, 85.7489, 6.31418, 0.270, 1.397, 0.004

1, 15, 31, 1, 85.7489, 6.31418, 0.370, 1.357, 0.004

0, 15, 30, 2, 85.7489, 6.31418, 0.270, 1.394, 0.004

1, 15, 31, 2, 85.7489, 6.31418, 0.360, 1.362, 0.004

0, 15, 30, 3, 85.7489, 6.31418, 0.270, 1.400, 0.004

1, 15, 31, 3, 85.7489, 6.31418, 0.360, 1.343, 0.004

0, 15, 30, 4, 85.7489, 6.31418, 0.270, 1.391, 0.004

1, 15, 31, 4, 85.7489, 6.31418, 0.360, 1.366, 0.004

0, 15, 30, 0, 85.7489, 6.56418, 0.270, 1.397, 0.004

1, 15, 31, 0, 85.7489, 6.56418, 0.360, 1.370, 0.004

0, 15, 30, 1, 85.7489, 6.56418, 0.270, 1.390, 0.004

1, 15, 31, 1, 85.7489, 6.56418, 0.360, 1.368, 0.004

0, 15, 30, 2, 85.7489, 6.56418, 0.270, 1.400, 0.004

1, 15, 31, 2, 85.7489, 6.56418, 0.380, 1.377, 0.004

0, 15, 30, 3, 85.7489, 6.56418, 0.270, 1.403, 0.004

1, 15, 31, 3, 85.7489, 6.56418, 0.360, 1.340, 0.004

0, 15, 30, 4, 85.7489, 6.56418, 0.270, 1.397, 0.004

1, 15, 31, 4, 85.7489, 6.56418, 0.360, 1.374, 0.004

0, 15, 30, 0, 85.7489, 6.81418, 0.270, 1.399, 0.004

1, 15, 31, 0, 85.7489, 6.81418, 0.360, 1.372, 0.004

0, 15, 30, 1, 85.7489, 6.81418, 0.270, 1.404, 0.004

1, 15, 31, 1, 85.7489, 6.81418, 0.380, 1.383, 0.004

0, 15, 30, 2, 85.7489, 6.81418, 0.270, 1.399, 0.004

1, 15, 31, 2, 85.7489, 6.81418, 0.370, 1.374, 0.004

0, 15, 30, 3, 85.7489, 6.81418, 0.270, 1.402, 0.004

1, 15, 31, 3, 85.7489, 6.81418, 0.360, 1.339, 0.004

0, 15, 30, 4, 85.7489, 6.81418, 0.260, 1.406, 0.004

1, 15, 31, 4, 85.7489, 6.81418, 0.370, 1.371, 0.004

0, 15, 30, 0, 85.7489, 7.06418, 0.270, 1.406, 0.004

1, 15, 31, 0, 85.7489, 7.06418, 0.360, 1.364, 0.004

0, 15, 30, 1, 85.7489, 7.06418, 0.270, 1.391, 0.004

1, 15, 31, 1, 85.7489, 7.06418, 0.360, 1.384, 0.004

0, 15, 30, 2, 85.7489, 7.06418, 0.270, 1.392, 0.004

1, 15, 31, 2, 85.7489, 7.06418, 0.370, 1.377, 0.004

0, 15, 30, 3, 85.7489, 7.06418, 0.270, 1.399, 0.004

1, 15, 31, 3, 85.7489, 7.06418, 0.360, 1.377, 0.004

0, 15, 30, 4, 85.7489, 7.06418, 0.270, 1.398, 0.004

1, 15, 31, 4, 85.7489, 7.06418, 0.350, 1.367, 0.004

0, 15, 30, 0, 85.7489, 7.31418, 0.270, 1.400, 0.004

1, 15, 31, 0, 85.7489, 7.31418, 0.360, 1.376, 0.004

0, 15, 30, 1, 85.7489, 7.31418, 0.270, 1.405, 0.004

1, 15, 31, 1, 85.7489, 7.31418, 0.370, 1.378, 0.004

0, 15, 30, 2, 85.7489, 7.31418, 0.270, 1.400, 0.004

1, 15, 31, 2, 85.7489, 7.31418, 0.370, 1.372, 0.004

0, 15, 30, 3, 85.7489, 7.31418, 0.270, 1.401, 0.004

1, 15, 31, 3, 85.7489, 7.31418, 0.360, 1.373, 0.004

0, 15, 30, 4, 85.7489, 7.31418, 0.270, 1.406, 0.004

1, 15, 31, 4, 85.7489, 7.31418, 0.370, 1.382, 0.004

0, 15, 30, 0, 85.7489, 7.56418, 0.270, 1.404, 0.004

1, 15, 31, 0, 85.7489, 7.56418, 0.360, 1.373, 0.004

0, 15, 30, 1, 85.7489, 7.56418, 0.270, 1.403, 0.004

1, 15, 31, 1, 85.7489, 7.56418, 0.370, 1.372, 0.004

0, 15, 30, 2, 85.7489, 7.56418, 0.270, 1.398, 0.004

1, 15, 31, 2, 85.7489, 7.56418, 0.350, 1.383, 0.004

0, 15, 30, 3, 85.7489, 7.56418, 0.270, 1.396, 0.004

1, 15, 31, 3, 85.7489, 7.56418, 0.360, 1.371, 0.004

0, 15, 30, 4, 85.7489, 7.56418, 0.270, 1.391, 0.004

1, 15, 31, 4, 85.7489, 7.56418, 0.360, 1.367, 0.004

0, 15, 30, 0, 85.7489, 7.81418, 0.270, 1.392, 0.004

1, 15, 31, 0, 85.7489, 7.81418, 0.370, 1.377, 0.004

0, 15, 30, 1, 85.7489, 7.81418, 0.270, 1.404, 0.004

1, 15, 31, 1, 85.7489, 7.81418, 0.370, 1.371, 0.004

0, 15, 30, 2, 85.7489, 7.81418, 0.270, 1.395, 0.004

1, 15, 31, 2, 85.7489, 7.81418, 0.370, 1.371, 0.004

0, 15, 30, 3, 85.7489, 7.81418, 0.270, 1.395, 0.004

1, 15, 31, 3, 85.7489, 7.81418, 0.360, 1.378, 0.004

0, 15, 30, 4, 85.7489, 7.81418, 0.270, 1.398, 0.004

1, 15, 31, 4, 85.7489, 7.81418, 0.370, 1.373, 0.004

0, 15, 30, 0, 85.7489, 8.06418, 0.270, 1.407, 0.004

1, 15, 31, 0, 85.7489, 8.06418, 0.380, 1.343, 0.004

0, 15, 30, 1, 85.7489, 8.06418, 0.270, 1.397, 0.004

1, 15, 31, 1, 85.7489, 8.06418, 0.380, 1.383, 0.004

0, 15, 30, 2, 85.7489, 8.06418, 0.270, 1.400, 0.004

1, 15, 31, 2, 85.7489, 8.06418, 0.370, 1.374, 0.004

0, 15, 30, 3, 85.7489, 8.06418, 0.270, 1.398, 0.004

1, 15, 31, 3, 85.7489, 8.06418, 0.360, 1.374, 0.004

0, 15, 30, 4, 85.7489, 8.06418, 0.270, 1.399, 0.004

1, 15, 31, 4, 85.7489, 8.06418, 0.370, 1.371, 0.004

0, 15, 30, 0, 85.7489, 8.31418, 0.270, 1.407, 0.004

1, 15, 31, 0, 85.7489, 8.31418, 0.370, 1.378, 0.004

0, 15, 30, 1, 85.7489, 8.31418, 0.270, 1.397, 0.004

1, 15, 31, 1, 85.7489, 8.31418, 0.370, 1.380, 0.004

0, 15, 30, 2, 85.7489, 8.31418, 0.270, 1.395, 0.004

1, 15, 31, 2, 85.7489, 8.31418, 0.370, 1.374, 0.004

0, 15, 30, 3, 85.7489, 8.31418, 0.270, 1.404, 0.004

1, 15, 31, 3, 85.7489, 8.31418, 0.360, 1.374, 0.004

0, 15, 30, 4, 85.7489, 8.31418, 0.270, 1.405, 0.004

1, 15, 31, 4, 85.7489, 8.31418, 0.370, 1.376, 0.004

0, 15, 30, 0, 85.7489, 8.56418, 0.270, 1.396, 0.004

1, 15, 31, 0, 85.7489, 8.56418, 0.360, 1.375, 0.004

0, 15, 30, 1, 85.7489, 8.56418, 0.270, 1.392, 0.004

1, 15, 31, 1, 85.7489, 8.56418, 0.370, 1.371, 0.004

0, 15, 30, 2, 85.7489, 8.56418, 0.270, 1.394, 0.004

1, 15, 31, 2, 85.7489, 8.56418, 0.370, 1.371, 0.004

0, 15, 30, 3, 85.7489, 8.56418, 0.270, 1.396, 0.004

1, 15, 31, 3, 85.7489, 8.56418, 0.380, 1.379, 0.004

0, 15, 30, 4, 85.7489, 8.56418, 0.270, 1.394, 0.004

1, 15, 31, 4, 85.7489, 8.56418, 0.370, 1.374, 0.004

0, 15, 30, 0, 85.7489, 8.81418, 0.270, 1.394, 0.004

1, 15, 31, 0, 85.7489, 8.81418, 0.370, 1.368, 0.004

0, 15, 30, 1, 85.7489, 8.81418, 0.270, 1.398, 0.004

1, 15, 31, 1, 85.7489, 8.81418, 0.350, 1.342, 0.004

0, 15, 30, 2, 85.7489, 8.81418, 0.270, 1.412, 0.004

1, 15, 31, 2, 85.7489, 8.81418, 0.370, 1.369, 0.004

0, 15, 30, 3, 85.7489, 8.81418, 0.270, 1.404, 0.004

1, 15, 31, 3, 85.7489, 8.81418, 0.370, 1.370, 0.004

0, 15, 30, 4, 85.7489, 8.81418, 0.270, 1.397, 0.004

1, 15, 31, 4, 85.7489, 8.81418, 0.360, 1.370, 0.004

0, 15, 30, 0, 85.7489, 9.06418, 0.270, 1.396, 0.004

1, 15, 31, 0, 85.7489, 9.06418, 0.370, 1.388, 0.004

0, 15, 30, 1, 85.7489, 9.06418, 0.270, 1.401, 0.004

1, 15, 31, 1, 85.7489, 9.06418, 0.360, 1.366, 0.004

0, 15, 30, 2, 85.7489, 9.06418, 0.270, 1.402, 0.004

1, 15, 31, 2, 85.7489, 9.06418, 0.360, 1.377, 0.004

0, 15, 30, 3, 85.7489, 9.06418, 0.270, 1.397, 0.004

1, 15, 31, 3, 85.7489, 9.06418, 0.360, 1.375, 0.004

0, 15, 30, 4, 85.7489, 9.06418, 0.270, 1.403, 0.004

1, 15, 31, 4, 85.7489, 9.06418, 0.360, 1.372, 0.004

0, 15, 30, 0, 85.7489, 9.31418, 0.270, 1.403, 0.004

1, 15, 31, 0, 85.7489, 9.31418, 0.360, 1.366, 0.004

0, 15, 30, 1, 85.7489, 9.31418, 0.270, 1.396, 0.004

1, 15, 31, 1, 85.7489, 9.31418, 0.370, 1.369, 0.004

0, 15, 30, 2, 85.7489, 9.31418, 0.270, 1.399, 0.004

1, 15, 31, 2, 85.7489, 9.31418, 0.360, 1.348, 0.004

0, 15, 30, 3, 85.7489, 9.31418, 0.270, 1.395, 0.004

1, 15, 31, 3, 85.7489, 9.31418, 0.360, 1.352, 0.004

0, 15, 30, 4, 85.7489, 9.31418, 0.270, 1.395, 0.004

1, 15, 31, 4, 85.7489, 9.31418, 0.370, 1.373, 0.004

0, 15, 30, 0, 85.7489, 9.56418, 0.270, 1.402, 0.004

1, 15, 31, 0, 85.7489, 9.56418, 0.370, 1.372, 0.004

0, 15, 30, 1, 85.7489, 9.56418, 0.270, 1.397, 0.004

1, 15, 31, 1, 85.7489, 9.56418, 0.360, 1.362, 0.004

0, 15, 30, 2, 85.7489, 9.56418, 0.270, 1.404, 0.004

1, 15, 31, 2, 85.7489, 9.56418, 0.360, 1.370, 0.004

0, 15, 30, 3, 85.7489, 9.56418, 0.270, 1.409, 0.004

1, 15, 31, 3, 85.7489, 9.56418, 0.370, 1.387, 0.004

0, 15, 30, 4, 85.7489, 9.56418, 0.270, 1.404, 0.004

1, 15, 31, 4, 85.7489, 9.56418, 0.360, 1.372, 0.004

0, 15, 30, 0, 85.7489, 9.81418, 0.270, 1.398, 0.004

1, 15, 31, 0, 85.7489, 9.81418, 0.370, 1.362, 0.004

0, 15, 30, 1, 85.7489, 9.81418, 0.270, 1.398, 0.004

1, 15, 31, 1, 85.7489, 9.81418, 0.370, 1.376, 0.004

0, 15, 30, 2, 85.7489, 9.81418, 0.270, 1.403, 0.004

1, 15, 31, 2, 85.7489, 9.81418, 0.360, 1.373, 0.004

0, 15, 30, 3, 85.7489, 9.81418, 0.270, 1.390, 0.004

1, 15, 31, 3, 85.7489, 9.81418, 0.370, 1.369, 0.004

0, 15, 30, 4, 85.7489, 9.81418, 0.270, 1.395, 0.004

1, 15, 31, 4, 85.7489, 9.81418, 0.380, 1.377, 0.004

0, 15, 30, 0, 85.7489, 10.0642, 0.270, 1.394, 0.004

1, 15, 31, 0, 85.7489, 10.0642, 0.370, 1.365, 0.004

0, 15, 30, 1, 85.7489, 10.0642, 0.270, 1.395, 0.004

1, 15, 31, 1, 85.7489, 10.0642, 0.370, 1.366, 0.004

0, 15, 30, 2, 85.7489, 10.0642, 0.270, 1.403, 0.004

1, 15, 31, 2, 85.7489, 10.0642, 0.360, 1.386, 0.004

0, 15, 30, 3, 85.7489, 10.0642, 0.270, 1.403, 0.004

1, 15, 31, 3, 85.7489, 10.0642, 0.370, 1.372, 0.004

0, 15, 30, 4, 85.7489, 10.0642, 0.270, 1.390, 0.004

1, 15, 31, 4, 85.7489, 10.0642, 0.360, 1.359, 0.004

0, 15, 30, 0, 85.7489, 10.3142, 0.270, 1.399, 0.004

1, 15, 31, 0, 85.7489, 10.3142, 0.360, 1.374, 0.004

0, 15, 30, 1, 85.7489, 10.3142, 0.270, 1.397, 0.004

1, 15, 31, 1, 85.7489, 10.3142, 0.350, 1.377, 0.004

0, 15, 30, 2, 85.7489, 10.3142, 0.270, 1.405, 0.004

1, 15, 31, 2, 85.7489, 10.3142, 0.380, 1.370, 0.004

0, 15, 30, 3, 85.7489, 10.3142, 0.270, 1.397, 0.004

1, 15, 31, 3, 85.7489, 10.3142, 0.370, 1.368, 0.004

0, 15, 30, 4, 85.7489, 10.3142, 0.270, 1.400, 0.004

1, 15, 31, 4, 85.7489, 10.3142, 0.370, 1.378, 0.004

0, 15, 30, 0, 85.7489, 10.5642, 0.270, 1.397, 0.004

1, 15, 31, 0, 85.7489, 10.5642, 0.360, 1.374, 0.004

0, 15, 30, 1, 85.7489, 10.5642, 0.270, 1.403, 0.004

1, 15, 31, 1, 85.7489, 10.5642, 0.370, 1.374, 0.004

0, 15, 30, 2, 85.7489, 10.5642, 0.270, 1.403, 0.004

1, 15, 31, 2, 85.7489, 10.5642, 0.370, 1.378, 0.004

0, 15, 30, 3, 85.7489, 10.5642, 0.270, 1.399, 0.004

1, 15, 31, 3, 85.7489, 10.5642, 0.360, 1.369, 0.004

0, 15, 30, 4, 85.7489, 10.5642, 0.270, 1.408, 0.004

1, 15, 31, 4, 85.7489, 10.5642, 0.360, 1.377, 0.004

0, 15, 30, 0, 85.7489, 10.8142, 0.270, 1.390, 0.004

1, 15, 31, 0, 85.7489, 10.8142, 0.370, 1.367, 0.004

0, 15, 30, 1, 85.7489, 10.8142, 0.270, 1.401, 0.004

1, 15, 31, 1, 85.7489, 10.8142, 0.370, 1.372, 0.004

0, 15, 30, 2, 85.7489, 10.8142, 0.270, 1.397, 0.004

1, 15, 31, 2, 85.7489, 10.8142, 0.370, 1.374, 0.004

0, 15, 30, 3, 85.7489, 10.8142, 0.270, 1.384, 0.004

1, 15, 31, 3, 85.7489, 10.8142, 0.380, 1.364, 0.004

0, 15, 30, 4, 85.7489, 10.8142, 0.270, 1.400, 0.004

1, 15, 31, 4, 85.7489, 10.8142, 0.350, 1.372, 0.004

0, 15, 30, 0, 85.7489, 11.0642, 0.270, 1.406, 0.004

1, 15, 31, 0, 85.7489, 11.0642, 0.370, 1.378, 0.004

0, 15, 30, 1, 85.7489, 11.0642, 0.270, 1.401, 0.004

1, 15, 31, 1, 85.7489, 11.0642, 0.360, 1.369, 0.004

0, 15, 30, 2, 85.7489, 11.0642, 0.270, 1.398, 0.004

1, 15, 31, 2, 85.7489, 11.0642, 0.370, 1.386, 0.004

0, 15, 30, 3, 85.7489, 11.0642, 0.270, 1.403, 0.004

1, 15, 31, 3, 85.7489, 11.0642, 0.370, 1.369, 0.004

0, 15, 30, 4, 85.7489, 11.0642, 0.270, 1.397, 0.004

1, 15, 31, 4, 85.7489, 11.0642, 0.360, 1.365, 0.004

0, 15, 30, 0, 85.7489, 11.3142, 0.270, 1.401, 0.004

1, 15, 31, 0, 85.7489, 11.3142, 0.360, 1.375, 0.004

0, 15, 30, 1, 85.7489, 11.3142, 0.270, 1.393, 0.004

1, 15, 31, 1, 85.7489, 11.3142, 0.360, 1.351, 0.004

0, 15, 30, 2, 85.7489, 11.3142, 0.270, 1.406, 0.004

1, 15, 31, 2, 85.7489, 11.3142, 0.360, 1.377, 0.004

0, 15, 30, 3, 85.7489, 11.3142, 0.270, 1.391, 0.004

1, 15, 31, 3, 85.7489, 11.3142, 0.360, 1.372, 0.004

0, 15, 30, 4, 85.7489, 11.3142, 0.270, 1.400, 0.004

1, 15, 31, 4, 85.7489, 11.3142, 0.360, 1.377, 0.004

0, 15, 30, 0, 85.7489, 11.5642, 0.270, 1.396, 0.004

1, 15, 31, 0, 85.7489, 11.5642, 0.370, 1.364, 0.004

0, 15, 30, 1, 85.7489, 11.5642, 0.270, 1.395, 0.004

1, 15, 31, 1, 85.7489, 11.5642, 0.370, 1.356, 0.004

0, 15, 30, 2, 85.7489, 11.5642, 0.270, 1.403, 0.004

1, 15, 31, 2, 85.7489, 11.5642, 0.350, 1.371, 0.004

0, 15, 30, 3, 85.7489, 11.5642, 0.270, 1.395, 0.004

1, 15, 31, 3, 85.7489, 11.5642, 0.360, 1.375, 0.004

0, 15, 30, 4, 85.7489, 11.5642, 0.270, 1.393, 0.004

1, 15, 31, 4, 85.7489, 11.5642, 0.360, 1.372, 0.004

0, 15, 30, 0, 85.7489, 11.8142, 0.270, 1.396, 0.004

1, 15, 31, 0, 85.7489, 11.8142, 0.360, 1.355, 0.004

0, 15, 30, 1, 85.7489, 11.8142, 0.270, 1.403, 0.004

1, 15, 31, 1, 85.7489, 11.8142, 0.370, 1.356, 0.004

0, 15, 30, 2, 85.7489, 11.8142, 0.260, 1.402, 0.004

1, 15, 31, 2, 85.7489, 11.8142, 0.360, 1.369, 0.004

0, 15, 30, 3, 85.7489, 11.8142, 0.270, 1.397, 0.004

1, 15, 31, 3, 85.7489, 11.8142, 0.380, 1.374, 0.004

0, 15, 30, 4, 85.7489, 11.8142, 0.270, 1.389, 0.004

1, 15, 31, 4, 85.7489, 11.8142, 0.360, 1.376, 0.004

0, 15, 30, 0, 85.7489, 12.0642, 0.270, 1.391, 0.004

1, 15, 31, 0, 85.7489, 12.0642, 0.370, 1.373, 0.004

0, 15, 30, 1, 85.7489, 12.0642, 0.260, 1.400, 0.004

1, 15, 31, 1, 85.7489, 12.0642, 0.360, 1.370, 0.004

0, 15, 30, 2, 85.7489, 12.0642, 0.270, 1.397, 0.004

1, 15, 31, 2, 85.7489, 12.0642, 0.370, 1.373, 0.004

0, 15, 30, 3, 85.7489, 12.0642, 0.270, 1.406, 0.004

1, 15, 31, 3, 85.7489, 12.0642, 0.370, 1.370, 0.004

0, 15, 30, 4, 85.7489, 12.0642, 0.270, 1.400, 0.004

1, 15, 31, 4, 85.7489, 12.0642, 0.370, 1.373, 0.004

0, 15, 30, 0, 85.7489, 12.3142, 0.270, 1.392, 0.004

1, 15, 31, 0, 85.7489, 12.3142, 0.360, 1.367, 0.004

0, 15, 30, 1, 85.7489, 12.3142, 0.270, 1.404, 0.004

1, 15, 31, 1, 85.7489, 12.3142, 0.370, 1.380, 0.004

0, 15, 30, 2, 85.7489, 12.3142, 0.270, 1.402, 0.004

1, 15, 31, 2, 85.7489, 12.3142, 0.360, 1.378, 0.004

0, 15, 30, 3, 85.7489, 12.3142, 0.270, 1.400, 0.004

1, 15, 31, 3, 85.7489, 12.3142, 0.370, 1.368, 0.004

0, 15, 30, 4, 85.7489, 12.3142, 0.270, 1.403, 0.004

1, 15, 31, 4, 85.7489, 12.3142, 0.360, 1.371, 0.004

0, 15, 30, 0, 85.7489, 12.5642, 0.270, 1.392, 0.004

1, 15, 31, 0, 85.7489, 12.5642, 0.380, 1.369, 0.004

0, 15, 30, 1, 85.7489, 12.5642, 0.270, 1.391, 0.004

1, 15, 31, 1, 85.7489, 12.5642, 0.370, 1.371, 0.004

0, 15, 30, 2, 85.7489, 12.5642, 0.270, 1.399, 0.004

1, 15, 31, 2, 85.7489, 12.5642, 0.370, 1.381, 0.004

0, 15, 30, 3, 85.7489, 12.5642, 0.270, 1.400, 0.004

1, 15, 31, 3, 85.7489, 12.5642, 0.370, 1.363, 0.004

0, 15, 30, 4, 85.7489, 12.5642, 0.260, 1.387, 0.004

1, 15, 31, 4, 85.7489, 12.5642, 0.380, 1.376, 0.004

0, 15, 30, 0, 85.7489, 12.8142, 0.260, 1.403, 0.004

1, 15, 31, 0, 85.7489, 12.8142, 0.360, 1.371, 0.004

0, 15, 30, 1, 85.7489, 12.8142, 0.270, 1.396, 0.004

1, 15, 31, 1, 85.7489, 12.8142, 0.360, 1.367, 0.004

0, 15, 30, 2, 85.7489, 12.8142, 0.260, 1.396, 0.004

1, 15, 31, 2, 85.7489, 12.8142, 0.360, 1.370, 0.004

0, 15, 30, 3, 85.7489, 12.8142, 0.270, 1.401, 0.004

1, 15, 31, 3, 85.7489, 12.8142, 0.360, 1.369, 0.004

0, 15, 30, 4, 85.7489, 12.8142, 0.270, 1.402, 0.004

1, 15, 31, 4, 85.7489, 12.8142, 0.360, 1.362, 0.004

0, 15, 30, 0, 85.7489, 13.0642, 0.270, 1.396, 0.004

1, 15, 31, 0, 85.7489, 13.0642, 0.370, 1.373, 0.004

0, 15, 30, 1, 85.7489, 13.0642, 0.260, 1.398, 0.004

1, 15, 31, 1, 85.7489, 13.0642, 0.360, 1.373, 0.004

0, 15, 30, 2, 85.7489, 13.0642, 0.270, 1.399, 0.004

1, 15, 31, 2, 85.7489, 13.0642, 0.360, 1.363, 0.004

0, 15, 30, 3, 85.7489, 13.0642, 0.270, 1.394, 0.004

1, 15, 31, 3, 85.7489, 13.0642, 0.370, 1.367, 0.004

0, 15, 30, 4, 85.7489, 13.0642, 0.270, 1.398, 0.004

1, 15, 31, 4, 85.7489, 13.0642, 0.360, 1.374, 0.004

0, 15, 30, 0, 85.7489, 13.3142, 0.270, 1.402, 0.004

1, 15, 31, 0, 85.7489, 13.3142, 0.380, 1.375, 0.004

0, 15, 30, 1, 85.7489, 13.3142, 0.270, 1.403, 0.004

1, 15, 31, 1, 85.7489, 13.3142, 0.370, 1.379, 0.004

0, 15, 30, 2, 85.7489, 13.3142, 0.270, 1.403, 0.004

1, 15, 31, 2, 85.7489, 13.3142, 0.380, 1.371, 0.004

0, 15, 30, 3, 85.7489, 13.3142, 0.270, 1.389, 0.004

1, 15, 31, 3, 85.7489, 13.3142, 0.360, 1.368, 0.004

0, 15, 30, 4, 85.7489, 13.3142, 0.260, 1.398, 0.004

1, 15, 31, 4, 85.7489, 13.3142, 0.370, 1.371, 0.004

0, 15, 30, 0, 85.7489, 13.5642, 0.270, 1.404, 0.004

1, 15, 31, 0, 85.7489, 13.5642, 0.350, 1.365, 0.004

0, 15, 30, 1, 85.7489, 13.5642, 0.270, 1.401, 0.004

1, 15, 31, 1, 85.7489, 13.5642, 0.380, 1.379, 0.004

0, 15, 30, 2, 85.7489, 13.5642, 0.270, 1.397, 0.004

1, 15, 31, 2, 85.7489, 13.5642, 0.380, 1.359, 0.004

0, 15, 30, 3, 85.7489, 13.5642, 0.270, 1.404, 0.004

1, 15, 31, 3, 85.7489, 13.5642, 0.370, 1.387, 0.004

0, 15, 30, 4, 85.7489, 13.5642, 0.270, 1.396, 0.004

1, 15, 31, 4, 85.7489, 13.5642, 0.370, 1.372, 0.004

0, 15, 30, 0, 85.7489, 13.8142, 0.270, 1.401, 0.004

1, 15, 31, 0, 85.7489, 13.8142, 0.370, 1.387, 0.004

0, 15, 30, 1, 85.7489, 13.8142, 0.270, 1.405, 0.004

1, 15, 31, 1, 85.7489, 13.8142, 0.370, 1.381, 0.004

0, 15, 30, 2, 85.7489, 13.8142, 0.270, 1.398, 0.004

1, 15, 31, 2, 85.7489, 13.8142, 0.380, 1.355, 0.004

0, 15, 30, 3, 85.7489, 13.8142, 0.270, 1.400, 0.004

1, 15, 31, 3, 85.7489, 13.8142, 0.360, 1.377, 0.004

0, 15, 30, 4, 85.7489, 13.8142, 0.270, 1.400, 0.004

1, 15, 31, 4, 85.7489, 13.8142, 0.360, 1.375, 0.004

0, 15, 30, 0, 85.7489, 14.0642, 0.270, 1.404, 0.004

1, 15, 31, 0, 85.7489, 14.0642, 0.360, 1.374, 0.004

0, 15, 30, 1, 85.7489, 14.0642, 0.270, 1.407, 0.004

1, 15, 31, 1, 85.7489, 14.0642, 0.350, 1.373, 0.004

0, 15, 30, 2, 85.7489, 14.0642, 0.270, 1.406, 0.004

1, 15, 31, 2, 85.7489, 14.0642, 0.370, 1.365, 0.004

0, 15, 30, 3, 85.7489, 14.0642, 0.270, 1.397, 0.004

1, 15, 31, 3, 85.7489, 14.0642, 0.360, 1.371, 0.004

0, 15, 30, 4, 85.7489, 14.0642, 0.270, 1.398, 0.004

1, 15, 31, 4, 85.7489, 14.0642, 0.370, 1.371, 0.004

0, 15, 30, 0, 85.7489, 14.3142, 0.270, 1.400, 0.004

1, 15, 31, 0, 85.7489, 14.3142, 0.360, 1.362, 0.004

0, 15, 30, 1, 85.7489, 14.3142, 0.270, 1.401, 0.004

1, 15, 31, 1, 85.7489, 14.3142, 0.370, 1.371, 0.004

0, 15, 30, 2, 85.7489, 14.3142, 0.270, 1.399, 0.004

1, 15, 31, 2, 85.7489, 14.3142, 0.370, 1.351, 0.004

0, 15, 30, 3, 85.7489, 14.3142, 0.270, 1.394, 0.004

1, 15, 31, 3, 85.7489, 14.3142, 0.360, 1.373, 0.004

0, 15, 30, 4, 85.7489, 14.3142, 0.270, 1.403, 0.004

1, 15, 31, 4, 85.7489, 14.3142, 0.370, 1.376, 0.004

0, 15, 30, 0, 85.7489, 14.5642, 0.270, 1.395, 0.004

1, 15, 31, 0, 85.7489, 14.5642, 0.360, 1.363, 0.004

0, 15, 30, 1, 85.7489, 14.5642, 0.270, 1.400, 0.004

1, 15, 31, 1, 85.7489, 14.5642, 0.370, 1.376, 0.004

0, 15, 30, 2, 85.7489, 14.5642, 0.270, 1.398, 0.004

1, 15, 31, 2, 85.7489, 14.5642, 0.360, 1.351, 0.004

0, 15, 30, 3, 85.7489, 14.5642, 0.270, 1.404, 0.004

1, 15, 31, 3, 85.7489, 14.5642, 0.360, 1.357, 0.004

0, 15, 30, 4, 85.7489, 14.5642, 0.270, 1.399, 0.004

1, 15, 31, 4, 85.7489, 14.5642, 0.350, 1.376, 0.004

0, 15, 30, 0, 85.7489, 14.8142, 0.270, 1.396, 0.004

1, 15, 31, 0, 85.7489, 14.8142, 0.370, 1.372, 0.004

0, 15, 30, 1, 85.7489, 14.8142, 0.270, 1.401, 0.004

1, 15, 31, 1, 85.7489, 14.8142, 0.370, 1.374, 0.004

0, 15, 30, 2, 85.7489, 14.8142, 0.270, 1.404, 0.004

1, 15, 31, 2, 85.7489, 14.8142, 0.350, 1.372, 0.004

0, 15, 30, 3, 85.7489, 14.8142, 0.270, 1.401, 0.004

1, 15, 31, 3, 85.7489, 14.8142, 0.360, 1.366, 0.004

0, 15, 30, 4, 85.7489, 14.8142, 0.270, 1.396, 0.004

1, 15, 31, 4, 85.7489, 14.8142, 0.370, 1.365, 0.004

0, 15, 30, 0, 85.7489, 15.0642, 0.270, 1.395, 0.004

1, 15, 31, 0, 85.7489, 15.0642, 0.350, 1.369, 0.004

0, 15, 30, 1, 85.7489, 15.0642, 0.270, 1.395, 0.004

1, 15, 31, 1, 85.7489, 15.0642, 0.360, 1.367, 0.004

0, 15, 30, 2, 85.7489, 15.0642, 0.270, 1.398, 0.004

1, 15, 31, 2, 85.7489, 15.0642, 0.360, 1.370, 0.004

0, 15, 30, 3, 85.7489, 15.0642, 0.270, 1.399, 0.004

1, 15, 31, 3, 85.7489, 15.0642, 0.360, 1.370, 0.004

0, 15, 30, 4, 85.7489, 15.0642, 0.270, 1.400, 0.004

1, 15, 31, 4, 85.7489, 15.0642, 0.360, 1.372, 0.004

0, 15, 30, 0, 85.7489, 15.3142, 0.270, 1.395, 0.004

1, 15, 31, 0, 85.7489, 15.3142, 0.360, 1.373, 0.004

0, 15, 30, 1, 85.7489, 15.3142, 0.270, 1.396, 0.004

1, 15, 31, 1, 85.7489, 15.3142, 0.370, 1.372, 0.004

0, 15, 30, 2, 85.7489, 15.3142, 0.270, 1.400, 0.004

1, 15, 31, 2, 85.7489, 15.3142, 0.360, 1.367, 0.004

0, 15, 30, 3, 85.7489, 15.3142, 0.270, 1.396, 0.004

1, 15, 31, 3, 85.7489, 15.3142, 0.370, 1.360, 0.004

0, 15, 30, 4, 85.7489, 15.3142, 0.270, 1.401, 0.004

1, 15, 31, 4, 85.7489, 15.3142, 0.370, 1.375, 0.004

0, 15, 30, 0, 85.7489, 15.5642, 0.270, 1.400, 0.004

1, 15, 31, 0, 85.7489, 15.5642, 0.350, 1.374, 0.004

0, 15, 30, 1, 85.7489, 15.5642, 0.270, 1.402, 0.004

1, 15, 31, 1, 85.7489, 15.5642, 0.360, 1.368, 0.004

0, 15, 30, 2, 85.7489, 15.5642, 0.270, 1.398, 0.004

1, 15, 31, 2, 85.7489, 15.5642, 0.370, 1.375, 0.004

0, 15, 30, 3, 85.7489, 15.5642, 0.270, 1.395, 0.004

1, 15, 31, 3, 85.7489, 15.5642, 0.360, 1.379, 0.004

0, 15, 30, 4, 85.7489, 15.5642, 0.270, 1.398, 0.004

1, 15, 31, 4, 85.7489, 15.5642, 0.370, 1.352, 0.004

0, 15, 30, 0, 85.7489, 15.8142, 0.270, 1.397, 0.004

1, 15, 31, 0, 85.7489, 15.8142, 0.350, 1.374, 0.004

0, 15, 30, 1, 85.7489, 15.8142, 0.270, 1.400, 0.004

1, 15, 31, 1, 85.7489, 15.8142, 0.360, 1.372, 0.004

0, 15, 30, 2, 85.7489, 15.8142, 0.270, 1.391, 0.004

1, 15, 31, 2, 85.7489, 15.8142, 0.350, 1.380, 0.004

0, 15, 30, 3, 85.7489, 15.8142, 0.270, 1.403, 0.004

1, 15, 31, 3, 85.7489, 15.8142, 0.360, 1.363, 0.004

0, 15, 30, 4, 85.7489, 15.8142, 0.270, 1.392, 0.004

1, 15, 31, 4, 85.7489, 15.8142, 0.360, 1.380, 0.004

0, 15, 30, 0, 85.7489, 16.0642, 0.270, 1.395, 0.004

1, 15, 31, 0, 85.7489, 16.0642, 0.360, 1.374, 0.004

0, 15, 30, 1, 85.7489, 16.0642, 0.270, 1.396, 0.004

1, 15, 31, 1, 85.7489, 16.0642, 0.360, 1.370, 0.004

0, 15, 30, 2, 85.7489, 16.0642, 0.270, 1.395, 0.004

1, 15, 31, 2, 85.7489, 16.0642, 0.370, 1.354, 0.004

0, 15, 30, 3, 85.7489, 16.0642, 0.260, 1.400, 0.004

1, 15, 31, 3, 85.7489, 16.0642, 0.360, 1.368, 0.004

0, 15, 30, 4, 85.7489, 16.0642, 0.270, 1.406, 0.004

1, 15, 31, 4, 85.7489, 16.0642, 0.370, 1.372, 0.004

0, 15, 30, 0, 85.7489, 16.3142, 0.270, 1.397, 0.004

1, 15, 31, 0, 85.7489, 16.3142, 0.360, 1.375, 0.004

0, 15, 30, 1, 85.7489, 16.3142, 0.270, 1.399, 0.004

1, 15, 31, 1, 85.7489, 16.3142, 0.370, 1.370, 0.004

0, 15, 30, 2, 85.7489, 16.3142, 0.270, 1.397, 0.004

1, 15, 31, 2, 85.7489, 16.3142, 0.350, 1.379, 0.004

0, 15, 30, 3, 85.7489, 16.3142, 0.270, 1.393, 0.004

1, 15, 31, 3, 85.7489, 16.3142, 0.350, 1.354, 0.004

0, 15, 30, 4, 85.7489, 16.3142, 0.270, 1.391, 0.004

1, 15, 31, 4, 85.7489, 16.3142, 0.360, 1.372, 0.004

0, 15, 30, 0, 85.7489, 16.5642, 0.270, 1.402, 0.004

1, 15, 31, 0, 85.7489, 16.5642, 0.360, 1.376, 0.004

0, 15, 30, 1, 85.7489, 16.5642, 0.270, 1.394, 0.004

1, 15, 31, 1, 85.7489, 16.5642, 0.360, 1.373, 0.004

0, 15, 30, 2, 85.7489, 16.5642, 0.270, 1.401, 0.004

1, 15, 31, 2, 85.7489, 16.5642, 0.360, 1.373, 0.004

0, 15, 30, 3, 85.7489, 16.5642, 0.260, 1.397, 0.004

1, 15, 31, 3, 85.7489, 16.5642, 0.360, 1.376, 0.004

0, 15, 30, 4, 85.7489, 16.5642, 0.270, 1.386, 0.004

1, 15, 31, 4, 85.7489, 16.5642, 0.360, 1.379, 0.004

0, 15, 30, 0, 85.7489, 16.8142, 0.270, 1.385, 0.004

1, 15, 31, 0, 85.7489, 16.8142, 0.350, 1.365, 0.004

0, 15, 30, 1, 85.7489, 16.8142, 0.270, 1.396, 0.004

1, 15, 31, 1, 85.7489, 16.8142, 0.340, 1.332, 0.004

0, 15, 30, 2, 85.7489, 16.8142, 0.270, 1.392, 0.004

1, 15, 31, 2, 85.7489, 16.8142, 0.350, 1.395, 0.004

0, 15, 30, 3, 85.7489, 16.8142, 0.270, 1.399, 0.004

1, 15, 31, 3, 85.7489, 16.8142, 0.350, 1.375, 0.004

0, 15, 30, 4, 85.7489, 16.8142, 0.270, 1.403, 0.004

1, 15, 31, 4, 85.7489, 16.8142, 0.360, 1.360, 0.004

0, 15, 30, 0, 85.7489, 17.0642, 0.270, 1.401, 0.004

1, 15, 31, 0, 85.7489, 17.0642, 0.370, 1.370, 0.004

0, 15, 30, 1, 85.7489, 17.0642, 0.270, 1.406, 0.004

1, 15, 31, 1, 85.7489, 17.0642, 0.360, 1.376, 0.004

0, 15, 30, 2, 85.7489, 17.0642, 0.270, 1.402, 0.004

1, 15, 31, 2, 85.7489, 17.0642, 0.350, 1.370, 0.004

0, 15, 30, 3, 85.7489, 17.0642, 0.270, 1.392, 0.004

1, 15, 31, 3, 85.7489, 17.0642, 0.340, 1.374, 0.004

0, 15, 30, 4, 85.7489, 17.0642, 0.270, 1.395, 0.004

1, 15, 31, 4, 85.7489, 17.0642, 0.360, 1.369, 0.004

0, 15, 30, 0, 85.7489, 17.3142, 0.270, 1.400, 0.004

1, 15, 31, 0, 85.7489, 17.3142, 0.340, 1.379, 0.004

0, 15, 30, 1, 85.7489, 17.3142, 0.270, 1.398, 0.004

1, 15, 31, 1, 85.7489, 17.3142, 0.360, 1.378, 0.004

0, 15, 30, 2, 85.7489, 17.3142, 0.270, 1.398, 0.004

1, 15, 31, 2, 85.7489, 17.3142, 0.350, 1.353, 0.004

0, 15, 30, 3, 85.7489, 17.3142, 0.270, 1.409, 0.004

1, 15, 31, 3, 85.7489, 17.3142, 0.350, 1.374, 0.004

0, 15, 30, 4, 85.7489, 17.3142, 0.270, 1.403, 0.004

1, 15, 31, 4, 85.7489, 17.3142, 0.360, 1.362, 0.004

0, 15, 30, 0, 85.7489, 17.5642, 0.270, 1.399, 0.004

1, 15, 31, 0, 85.7489, 17.5642, 0.360, 1.376, 0.004

0, 15, 30, 1, 85.7489, 17.5642, 0.270, 1.401, 0.004

1, 15, 31, 1, 85.7489, 17.5642, 0.360, 1.374, 0.004

0, 15, 30, 2, 85.7489, 17.5642, 0.270, 1.398, 0.004

1, 15, 31, 2, 85.7489, 17.5642, 0.360, 1.370, 0.004

0, 15, 30, 3, 85.7489, 17.5642, 0.270, 1.403, 0.004

1, 15, 31, 3, 85.7489, 17.5642, 0.360, 1.377, 0.004

0, 15, 30, 4, 85.7489, 17.5642, 0.270, 1.389, 0.004

1, 15, 31, 4, 85.7489, 17.5642, 0.350, 1.377, 0.004

0, 15, 30, 0, 85.7489, 17.8142, 0.270, 1.402, 0.004

1, 15, 31, 0, 85.7489, 17.8142, 0.360, 1.358, 0.004

0, 15, 30, 1, 85.7489, 17.8142, 0.270, 1.392, 0.004

1, 15, 31, 1, 85.7489, 17.8142, 0.350, 1.376, 0.004

0, 15, 30, 2, 85.7489, 17.8142, 0.270, 1.400, 0.004

1, 15, 31, 2, 85.7489, 17.8142, 0.350, 1.373, 0.004

0, 15, 30, 3, 85.7489, 17.8142, 0.270, 1.403, 0.004

1, 15, 31, 3, 85.7489, 17.8142, 0.340, 1.371, 0.004

0, 15, 30, 4, 85.7489, 17.8142, 0.270, 1.396, 0.004

1, 15, 31, 4, 85.7489, 17.8142, 0.350, 1.369, 0.004

0, 15, 30, 0, 85.7489, 18.0642, 0.270, 1.397, 0.004

1, 15, 31, 0, 85.7489, 18.0642, 0.360, 1.375, 0.004

0, 15, 30, 1, 85.7489, 18.0642, 0.270, 1.401, 0.004

1, 15, 31, 1, 85.7489, 18.0642, 0.360, 1.365, 0.004

0, 15, 30, 2, 85.7489, 18.0642, 0.270, 1.398, 0.004

1, 15, 31, 2, 85.7489, 18.0642, 0.350, 1.373, 0.004

0, 15, 30, 3, 85.7489, 18.0642, 0.270, 1.399, 0.004

1, 15, 31, 3, 85.7489, 18.0642, 0.360, 1.374, 0.004

0, 15, 30, 4, 85.7489, 18.0642, 0.270, 1.401, 0.004

1, 15, 31, 4, 85.7489, 18.0642, 0.340, 1.357, 0.004

0, 15, 30, 0, 85.7489, 18.3142, 0.270, 1.395, 0.004

1, 15, 31, 0, 85.7489, 18.3142, 0.350, 1.376, 0.004

0, 15, 30, 1, 85.7489, 18.3142, 0.270, 1.402, 0.004

1, 15, 31, 1, 85.7489, 18.3142, 0.370, 1.371, 0.004

0, 15, 30, 2, 85.7489, 18.3142, 0.270, 1.390, 0.004

1, 15, 31, 2, 85.7489, 18.3142, 0.350, 1.366, 0.004

0, 15, 30, 3, 85.7489, 18.3142, 0.270, 1.393, 0.004

1, 15, 31, 3, 85.7489, 18.3142, 0.360, 1.349, 0.004

0, 15, 30, 4, 85.7489, 18.3142, 0.270, 1.402, 0.004

1, 15, 31, 4, 85.7489, 18.3142, 0.360, 1.373, 0.004

0, 15, 30, 0, 85.7489, 18.5642, 0.270, 1.397, 0.004

1, 15, 31, 0, 85.7489, 18.5642, 0.370, 1.369, 0.004

0, 15, 30, 1, 85.7489, 18.5642, 0.270, 1.396, 0.004

1, 15, 31, 1, 85.7489, 18.5642, 0.370, 1.373, 0.004

0, 15, 30, 2, 85.7489, 18.5642, 0.270, 1.404, 0.004

1, 15, 31, 2, 85.7489, 18.5642, 0.360, 1.373, 0.004

0, 15, 30, 3, 85.7489, 18.5642, 0.270, 1.398, 0.004

1, 15, 31, 3, 85.7489, 18.5642, 0.360, 1.367, 0.004

0, 15, 30, 4, 85.7489, 18.5642, 0.270, 1.398, 0.004

1, 15, 31, 4, 85.7489, 18.5642, 0.350, 1.364, 0.004

0, 15, 30, 0, 85.7489, 18.8142, 0.270, 1.391, 0.004

1, 15, 31, 0, 85.7489, 18.8142, 0.360, 1.367, 0.004

0, 15, 30, 1, 85.7489, 18.8142, 0.270, 1.408, 0.004

1, 15, 31, 1, 85.7489, 18.8142, 0.350, 1.382, 0.004

0, 15, 30, 2, 85.7489, 18.8142, 0.270, 1.396, 0.004

1, 15, 31, 2, 85.7489, 18.8142, 0.360, 1.360, 0.004

0, 15, 30, 3, 85.7489, 18.8142, 0.270, 1.403, 0.004

1, 15, 31, 3, 85.7489, 18.8142, 0.360, 1.376, 0.004

0, 15, 30, 4, 85.7489, 18.8142, 0.270, 1.404, 0.004

1, 15, 31, 4, 85.7489, 18.8142, 0.360, 1.360, 0.004

0, 15, 30, 0, 85.7489, 19.0642, 0.270, 1.395, 0.004

1, 15, 31, 0, 85.7489, 19.0642, 0.360, 1.364, 0.004

0, 15, 30, 1, 85.7489, 19.0642, 0.270, 1.404, 0.004

1, 15, 31, 1, 85.7489, 19.0642, 0.350, 1.371, 0.004

0, 15, 30, 2, 85.7489, 19.0642, 0.270, 1.399, 0.004

1, 15, 31, 2, 85.7489, 19.0642, 0.360, 1.365, 0.004

0, 15, 30, 3, 85.7489, 19.0642, 0.270, 1.399, 0.004

1, 15, 31, 3, 85.7489, 19.0642, 0.340, 1.343, 0.004

0, 15, 30, 4, 85.7489, 19.0642, 0.270, 1.402, 0.004

1, 15, 31, 4, 85.7489, 19.0642, 0.360, 1.372, 0.004

0, 15, 30, 0, 85.7489, 19.3142, 0.270, 1.398, 0.004

1, 15, 31, 0, 85.7489, 19.3142, 0.360, 1.371, 0.004

0, 15, 30, 1, 85.7489, 19.3142, 0.270, 1.395, 0.004

1, 15, 31, 1, 85.7489, 19.3142, 0.360, 1.369, 0.004

0, 15, 30, 2, 85.7489, 19.3142, 0.270, 1.397, 0.004

1, 15, 31, 2, 85.7489, 19.3142, 0.350, 1.376, 0.004

0, 15, 30, 3, 85.7489, 19.3142, 0.270, 1.399, 0.004

1, 15, 31, 3, 85.7489, 19.3142, 0.360, 1.370, 0.004

0, 15, 30, 4, 85.7489, 19.3142, 0.270, 1.404, 0.004

1, 15, 31, 4, 85.7489, 19.3142, 0.350, 1.368, 0.004

0, 15, 30, 0, 85.7489, 19.5642, 0.270, 1.395, 0.004

1, 15, 31, 0, 85.7489, 19.5642, 0.340, 1.385, 0.004

0, 15, 30, 1, 85.7489, 19.5642, 0.270, 1.395, 0.004

1, 15, 31, 1, 85.7489, 19.5642, 0.350, 1.376, 0.004

0, 15, 30, 2, 85.7489, 19.5642, 0.270, 1.397, 0.004

1, 15, 31, 2, 85.7489, 19.5642, 0.340, 1.367, 0.004

0, 15, 30, 3, 85.7489, 19.5642, 0.270, 1.393, 0.004

1, 15, 31, 3, 85.7489, 19.5642, 0.350, 1.375, 0.004

0, 15, 30, 4, 85.7489, 19.5642, 0.270, 1.398, 0.004

1, 15, 31, 4, 85.7489, 19.5642, 0.340, 1.371, 0.004

0, 15, 30, 0, 85.7489, 19.8142, 0.270, 1.402, 0.004

1, 15, 31, 0, 85.7489, 19.8142, 0.340, 1.374, 0.004

0, 15, 30, 1, 85.7489, 19.8142, 0.270, 1.402, 0.004

1, 15, 31, 1, 85.7489, 19.8142, 0.340, 1.367, 0.004

0, 15, 30, 2, 85.7489, 19.8142, 0.270, 1.401, 0.004

1, 15, 31, 2, 85.7489, 19.8142, 0.340, 1.361, 0.004

0, 15, 30, 3, 85.7489, 19.8142, 0.270, 1.398, 0.004

1, 15, 31, 3, 85.7489, 19.8142, 0.340, 1.381, 0.004

0, 15, 30, 4, 85.7489, 19.8142, 0.270, 1.402, 0.004

1, 15, 31, 4, 85.7489, 19.8142, 0.330, 1.374, 0.004

0, 15, 30, 0, 85.7489, 20.0642, 0.270, 1.395, 0.004

1, 15, 31, 0, 85.7489, 20.0642, 0.340, 1.368, 0.004

0, 15, 30, 1, 85.7489, 20.0642, 0.270, 1.396, 0.004

1, 15, 31, 1, 85.7489, 20.0642, 0.340, 1.364, 0.004

0, 15, 30, 2, 85.7489, 20.0642, 0.270, 1.401, 0.004

1, 15, 31, 2, 85.7489, 20.0642, 0.320, 1.371, 0.004

0, 15, 30, 3, 85.7489, 20.0642, 0.270, 1.405, 0.004

1, 15, 31, 3, 85.7489, 20.0642, 0.340, 1.378, 0.004

0, 15, 30, 4, 85.7489, 20.0642, 0.270, 1.398, 0.004

1, 15, 31, 4, 85.7489, 20.0642, 0.340, 1.373, 0.004

0, 15, 30, 0, 85.7489, 20.3142, 0.270, 1.395, 0.004

1, 15, 31, 0, 85.7489, 20.3142, 0.320, 1.374, 0.004

0, 15, 30, 1, 85.7489, 20.3142, 0.260, 1.393, 0.004

1, 15, 31, 1, 85.7489, 20.3142, 0.330, 1.378, 0.004

0, 15, 30, 2, 85.7489, 20.3142, 0.270, 1.396, 0.004

1, 15, 31, 2, 85.7489, 20.3142, 0.330, 1.375, 0.004

0, 15, 30, 3, 85.7489, 20.3142, 0.270, 1.406, 0.004

1, 15, 31, 3, 85.7489, 20.3142, 0.330, 1.378, 0.004

0, 15, 30, 4, 85.7489, 20.3142, 0.270, 1.397, 0.004

1, 15, 31, 4, 85.7489, 20.3142, 0.340, 1.371, 0.004

0, 15, 30, 0, 85.7489, 20.5642, 0.270, 1.401, 0.004

1, 15, 31, 0, 85.7489, 20.5642, 0.330, 1.375, 0.004

0, 15, 30, 1, 85.7489, 20.5642, 0.270, 1.396, 0.004

1, 15, 31, 1, 85.7489, 20.5642, 0.320, 1.377, 0.004

0, 15, 30, 2, 85.7489, 20.5642, 0.270, 1.398, 0.004

1, 15, 31, 2, 85.7489, 20.5642, 0.310, 1.365, 0.004

0, 15, 30, 3, 85.7489, 20.5642, 0.270, 1.396, 0.004

1, 15, 31, 3, 85.7489, 20.5642, 0.310, 1.375, 0.004

0, 15, 30, 4, 85.7489, 20.5642, 0.270, 1.399, 0.004

1, 15, 31, 4, 85.7489, 20.5642, 0.330, 1.351, 0.004

0, 15, 30, 0, 85.7489, 20.8142, 0.270, 1.401, 0.004

1, 15, 31, 0, 85.7489, 20.8142, 0.330, 1.378, 0.004

0, 15, 30, 1, 85.7489, 20.8142, 0.270, 1.404, 0.004

1, 15, 31, 1, 85.7489, 20.8142, 0.320, 1.365, 0.004

0, 15, 30, 2, 85.7489, 20.8142, 0.270, 1.407, 0.004

1, 15, 31, 2, 85.7489, 20.8142, 0.320, 1.367, 0.004

0, 15, 30, 3, 85.7489, 20.8142, 0.270, 1.402, 0.004

1, 15, 31, 3, 85.7489, 20.8142, 0.320, 1.373, 0.004

0, 15, 30, 4, 85.7489, 20.8142, 0.270, 1.394, 0.004

1, 15, 31, 4, 85.7489, 20.8142, 0.330, 1.347, 0.004

0, 15, 30, 0, 85.7489, 21.0642, 0.270, 1.402, 0.004

1, 15, 31, 0, 85.7489, 21.0642, 0.310, 1.366, 0.004

0, 15, 30, 1, 85.7489, 21.0642, 0.270, 1.400, 0.004

1, 15, 31, 1, 85.7489, 21.0642, 0.320, 1.373, 0.004

0, 15, 30, 2, 85.7489, 21.0642, 0.270, 1.399, 0.004

1, 15, 31, 2, 85.7489, 21.0642, 0.320, 1.377, 0.004

0, 15, 30, 3, 85.7489, 21.0642, 0.270, 1.402, 0.004

1, 15, 31, 3, 85.7489, 21.0642, 0.310, 1.378, 0.004

0, 15, 30, 4, 85.7489, 21.0642, 0.270, 1.393, 0.004

1, 15, 31, 4, 85.7489, 21.0642, 0.320, 1.373, 0.004

0, 15, 30, 0, 85.7489, 21.3142, 0.270, 1.398, 0.004

1, 15, 31, 0, 85.7489, 21.3142, 0.300, 1.373, 0.004

0, 15, 30, 1, 85.7489, 21.3142, 0.270, 1.405, 0.004

1, 15, 31, 1, 85.7489, 21.3142, 0.310, 1.355, 0.004

0, 15, 30, 2, 85.7489, 21.3142, 0.270, 1.398, 0.004

1, 15, 31, 2, 85.7489, 21.3142, 0.300, 1.369, 0.004

0, 15, 30, 3, 85.7489, 21.3142, 0.270, 1.404, 0.004

1, 15, 31, 3, 85.7489, 21.3142, 0.290, 1.374, 0.004

0, 15, 30, 4, 85.7489, 21.3142, 0.270, 1.395, 0.004

1, 15, 31, 4, 85.7489, 21.3142, 0.310, 1.366, 0.004

0, 15, 30, 0, 85.7489, 21.5642, 0.270, 1.404, 0.004

1, 15, 31, 0, 85.7489, 21.5642, 0.300, 1.365, 0.004

0, 15, 30, 1, 85.7489, 21.5642, 0.270, 1.398, 0.004

1, 15, 31, 1, 85.7489, 21.5642, 0.300, 1.367, 0.004

0, 15, 30, 2, 85.7489, 21.5642, 0.270, 1.393, 0.004

1, 15, 31, 2, 85.7489, 21.5642, 0.300, 1.372, 0.004

0, 15, 30, 3, 85.7489, 21.5642, 0.270, 1.396, 0.004

1, 15, 31, 3, 85.7489, 21.5642, 0.290, 1.370, 0.004

0, 15, 30, 4, 85.7489, 21.5642, 0.270, 1.401, 0.004

1, 15, 31, 4, 85.7489, 21.5642, 0.300, 1.373, 0.004

0, 15, 30, 0, 85.7489, 21.8142, 0.270, 1.396, 0.004

1, 15, 31, 0, 85.7489, 21.8142, 0.280, 1.376, 0.004

0, 15, 30, 1, 85.7489, 21.8142, 0.270, 1.397, 0.004

1, 15, 31, 1, 85.7489, 21.8142, 0.280, 1.370, 0.004

0, 15, 30, 2, 85.7489, 21.8142, 0.270, 1.393, 0.004

1, 15, 31, 2, 85.7489, 21.8142, 0.280, 1.374, 0.004

0, 15, 30, 3, 85.7489, 21.8142, 0.270, 1.396, 0.004

1, 15, 31, 3, 85.7489, 21.8142, 0.270, 1.371, 0.004

0, 15, 30, 4, 85.7489, 21.8142, 0.270, 1.395, 0.004

1, 15, 31, 4, 85.7489, 21.8142, 0.290, 1.388, 0.004

0, 15, 30, 0, 85.7489, 22.0642, 0.270, 1.397, 0.004

1, 15, 31, 0, 85.7489, 22.0642, 0.270, 1.379, 0.004

0, 15, 30, 1, 85.7489, 22.0642, 0.270, 1.399, 0.004

1, 15, 31, 1, 85.7489, 22.0642, 0.270, 1.357, 0.004

0, 15, 30, 2, 85.7489, 22.0642, 0.270, 1.404, 0.004

1, 15, 31, 2, 85.7489, 22.0642, 0.270, 1.369, 0.004

0, 15, 30, 3, 85.7489, 22.0642, 0.270, 1.400, 0.004

1, 15, 31, 3, 85.7489, 22.0642, 0.270, 1.370, 0.004

0, 15, 30, 4, 85.7489, 22.0642, 0.270, 1.393, 0.004

1, 15, 31, 4, 85.7489, 22.0642, 0.280, 1.369, 0.004

0, 15, 30, 0, 85.7489, 22.3142, 0.270, 1.398, 0.004

1, 15, 31, 0, 85.7489, 22.3142, 0.260, 1.379, 0.004

0, 15, 30, 1, 85.7489, 22.3142, 0.270, 1.393, 0.004

1, 15, 31, 1, 85.7489, 22.3142, 0.270, 1.370, 0.004

0, 15, 30, 2, 85.7489, 22.3142, 0.270, 1.407, 0.004

1, 15, 31, 2, 85.7489, 22.3142, 0.260, 1.375, 0.004

0, 15, 30, 3, 85.7489, 22.3142, 0.270, 1.393, 0.004

1, 15, 31, 3, 85.7489, 22.3142, 0.260, 1.383, 0.004

0, 15, 30, 4, 85.7489, 22.3142, 0.270, 1.393, 0.004

1, 15, 31, 4, 85.7489, 22.3142, 0.260, 1.368, 0.004

0, 15, 30, 0, 85.7489, 22.5642, 0.270, 1.395, 0.004

1, 15, 31, 0, 85.7489, 22.5642, 0.240, 1.368, 0.004

0, 15, 30, 1, 85.7489, 22.5642, 0.270, 1.393, 0.004

1, 15, 31, 1, 85.7489, 22.5642, 0.240, 1.380, 0.004

0, 15, 30, 2, 85.7489, 22.5642, 0.270, 1.401, 0.004

1, 15, 31, 2, 85.7489, 22.5642, 0.230, 1.373, 0.004

0, 15, 30, 3, 85.7489, 22.5642, 0.270, 1.400, 0.004

1, 15, 31, 3, 85.7489, 22.5642, 0.240, 1.375, 0.004

0, 15, 30, 4, 85.7489, 22.5642, 0.270, 1.396, 0.004

1, 15, 31, 4, 85.7489, 22.5642, 0.240, 1.369, 0.004

0, 15, 30, 0, 85.7489, 22.8142, 0.260, 1.402, 0.004

1, 15, 31, 0, 85.7489, 22.8142, 0.230, 1.377, 0.004

0, 15, 30, 1, 85.7489, 22.8142, 0.270, 1.400, 0.004

1, 15, 31, 1, 85.7489, 22.8142, 0.220, 1.375, 0.004

0, 15, 30, 2, 85.7489, 22.8142, 0.270, 1.391, 0.004

1, 15, 31, 2, 85.7489, 22.8142, 0.230, 1.370, 0.004

0, 15, 30, 3, 85.7489, 22.8142, 0.270, 1.405, 0.004

1, 15, 31, 3, 85.7489, 22.8142, 0.220, 1.366, 0.004

0, 15, 30, 4, 85.7489, 22.8142, 0.270, 1.398, 0.004

1, 15, 31, 4, 85.7489, 22.8142, 0.230, 1.366, 0.004

0, 15, 30, 0, 85.7489, 23.0642, 0.270, 1.397, 0.004

1, 15, 31, 0, 85.7489, 23.0642, 0.220, 1.376, 0.004

0, 15, 30, 1, 85.7489, 23.0642, 0.270, 1.391, 0.004

1, 15, 31, 1, 85.7489, 23.0642, 0.220, 1.369, 0.004

0, 15, 30, 2, 85.7489, 23.0642, 0.270, 1.395, 0.004

1, 15, 31, 2, 85.7489, 23.0642, 0.210, 1.380, 0.004

0, 15, 30, 3, 85.7489, 23.0642, 0.270, 1.403, 0.004

1, 15, 31, 3, 85.7489, 23.0642, 0.210, 1.370, 0.004

0, 15, 30, 4, 85.7489, 23.0642, 0.270, 1.399, 0.004

1, 15, 31, 4, 85.7489, 23.0642, 0.220, 1.369, 0.004

0, 15, 30, 0, 85.7489, 23.3142, 0.270, 1.389, 0.004

1, 15, 31, 0, 85.7489, 23.3142, 0.220, 1.376, 0.004

0, 15, 30, 1, 85.7489, 23.3142, 0.270, 1.395, 0.004

1, 15, 31, 1, 85.7489, 23.3142, 0.220, 1.372, 0.004

0, 15, 30, 2, 85.7489, 23.3142, 0.270, 1.376, 0.004

1, 15, 31, 2, 85.7489, 23.3142, 0.210, 1.367, 0.004

0, 15, 30, 3, 85.7489, 23.3142, 0.270, 1.398, 0.004

1, 15, 31, 3, 85.7489, 23.3142, 0.210, 1.365, 0.004

0, 15, 30, 4, 85.7489, 23.3142, 0.270, 1.401, 0.004

1, 15, 31, 4, 85.7489, 23.3142, 0.210, 1.375, 0.004

0, 15, 30, 0, 85.7489, 23.5642, 0.270, 1.395, 0.004

1, 15, 31, 0, 85.7489, 23.5642, 0.200, 1.379, 0.004

0, 15, 30, 1, 85.7489, 23.5642, 0.270, 1.403, 0.004

1, 15, 31, 1, 85.7489, 23.5642, 0.210, 1.377, 0.004

0, 15, 30, 2, 85.7489, 23.5642, 0.270, 1.400, 0.004

1, 15, 31, 2, 85.7489, 23.5642, 0.210, 1.374, 0.004

0, 15, 30, 3, 85.7489, 23.5642, 0.280, 1.391, 0.004

1, 15, 31, 3, 85.7489, 23.5642, 0.210, 1.373, 0.004

0, 15, 30, 4, 85.7489, 23.5642, 0.270, 1.400, 0.004

1, 15, 31, 4, 85.7489, 23.5642, 0.210, 1.373, 0.004

0, 15, 30, 0, 85.7489, 23.8142, 0.270, 1.402, 0.004

1, 15, 31, 0, 85.7489, 23.8142, 0.200, 1.378, 0.004

0, 15, 30, 1, 85.7489, 23.8142, 0.270, 1.405, 0.004

1, 15, 31, 1, 85.7489, 23.8142, 0.200, 1.370, 0.004

0, 15, 30, 2, 85.7489, 23.8142, 0.270, 1.397, 0.004

1, 15, 31, 2, 85.7489, 23.8142, 0.210, 1.374, 0.004

0, 15, 30, 3, 85.7489, 23.8142, 0.270, 1.402, 0.004

1, 15, 31, 3, 85.7489, 23.8142, 0.200, 1.366, 0.004

0, 15, 30, 4, 85.7489, 23.8142, 0.270, 1.398, 0.004

1, 15, 31, 4, 85.7489, 23.8142, 0.200, 1.369, 0.004

0, 15, 30, 0, 85.7489, 24.0642, 0.270, 1.404, 0.004

1, 15, 31, 0, 85.7489, 24.0642, 0.200, 1.379, 0.004

0, 15, 30, 1, 85.7489, 24.0642, 0.280, 1.396, 0.004

1, 15, 31, 1, 85.7489, 24.0642, 0.210, 1.368, 0.004

0, 15, 30, 2, 85.7489, 24.0642, 0.270, 1.396, 0.004

1, 15, 31, 2, 85.7489, 24.0642, 0.210, 1.372, 0.004

0, 15, 30, 3, 85.7489, 24.0642, 0.270, 1.393, 0.004

1, 15, 31, 3, 85.7489, 24.0642, 0.200, 1.374, 0.004

0, 15, 30, 4, 85.7489, 24.0642, 0.270, 1.403, 0.004

1, 15, 31, 4, 85.7489, 24.0642, 0.200, 1.366, 0.004

0, 15, 30, 0, 85.7489, 24.3142, 0.270, 1.400, 0.004

1, 15, 31, 0, 85.7489, 24.3142, 0.200, 1.368, 0.004

0, 15, 30, 1, 85.7489, 24.3142, 0.270, 1.400, 0.004

1, 15, 31, 1, 85.7489, 24.3142, 0.210, 1.367, 0.004

0, 15, 30, 2, 85.7489, 24.3142, 0.280, 1.409, 0.004

1, 15, 31, 2, 85.7489, 24.3142, 0.200, 1.375, 0.004

0, 15, 30, 3, 85.7489, 24.3142, 0.280, 1.404, 0.004

1, 15, 31, 3, 85.7489, 24.3142, 0.200, 1.375, 0.004

0, 15, 30, 4, 85.7489, 24.3142, 0.270, 1.396, 0.004

1, 15, 31, 4, 85.7489, 24.3142, 0.210, 1.373, 0.004

0, 15, 30, 0, 85.7489, 24.5642, 0.280, 1.404, 0.004

1, 15, 31, 0, 85.7489, 24.5642, 0.200, 1.374, 0.004

0, 15, 30, 1, 85.7489, 24.5642, 0.280, 1.397, 0.004

1, 15, 31, 1, 85.7489, 24.5642, 0.200, 1.376, 0.004

0, 15, 30, 2, 85.7489, 24.5642, 0.270, 1.407, 0.004

1, 15, 31, 2, 85.7489, 24.5642, 0.200, 1.366, 0.004

0, 15, 30, 3, 85.7489, 24.5642, 0.280, 1.393, 0.004

1, 15, 31, 3, 85.7489, 24.5642, 0.200, 1.369, 0.004

0, 15, 30, 4, 85.7489, 24.5642, 0.280, 1.395, 0.004

1, 15, 31, 4, 85.7489, 24.5642, 0.200, 1.374, 0.004

0, 15, 30, 0, 85.7489, 24.8142, 0.280, 1.400, 0.004

1, 15, 31, 0, 85.7489, 24.8142, 0.200, 1.370, 0.004

0, 15, 30, 1, 85.7489, 24.8142, 0.280, 1.393, 0.004

1, 15, 31, 1, 85.7489, 24.8142, 0.200, 1.371, 0.004

0, 15, 30, 2, 85.7489, 24.8142, 0.280, 1.395, 0.004

1, 15, 31, 2, 85.7489, 24.8142, 0.200, 1.370, 0.004

0, 15, 30, 3, 85.7489, 24.8142, 0.280, 1.397, 0.004

1, 15, 31, 3, 85.7489, 24.8142, 0.200, 1.382, 0.004

0, 15, 30, 4, 85.7489, 24.8142, 0.280, 1.403, 0.004

1, 15, 31, 4, 85.7489, 24.8142, 0.200, 1.364, 0.004

0, 15, 30, 0, 85.7489, 25.0642, 0.280, 1.398, 0.004

1, 15, 31, 0, 85.7489, 25.0642, 0.200, 1.372, 0.004

0, 15, 30, 1, 85.7489, 25.0642, 0.290, 1.405, 0.004

1, 15, 31, 1, 85.7489, 25.0642, 0.200, 1.369, 0.004

0, 15, 30, 2, 85.7489, 25.0642, 0.290, 1.401, 0.004

1, 15, 31, 2, 85.7489, 25.0642, 0.200, 1.372, 0.004

0, 15, 30, 3, 85.7489, 25.0642, 0.290, 1.399, 0.004

1, 15, 31, 3, 85.7489, 25.0642, 0.200, 1.368, 0.004

0, 15, 30, 4, 85.7489, 25.0642, 0.280, 1.402, 0.004

1, 15, 31, 4, 85.7489, 25.0642, 0.200, 1.374, 0.004

0, 15, 30, 0, 85.7489, 25.3142, 0.300, 1.397, 0.004

1, 15, 31, 0, 85.7489, 25.3142, 0.210, 1.371, 0.004

0, 15, 30, 1, 85.7489, 25.3142, 0.300, 1.397, 0.004

1, 15, 31, 1, 85.7489, 25.3142, 0.200, 1.375, 0.004

0, 15, 30, 2, 85.7489, 25.3142, 0.290, 1.400, 0.004

1, 15, 31, 2, 85.7489, 25.3142, 0.200, 1.367, 0.004

0, 15, 30, 3, 85.7489, 25.3142, 0.290, 1.397, 0.004

1, 15, 31, 3, 85.7489, 25.3142, 0.200, 1.379, 0.004

0, 15, 30, 4, 85.7489, 25.3142, 0.290, 1.399, 0.004

1, 15, 31, 4, 85.7489, 25.3142, 0.200, 1.373, 0.004

0, 15, 30, 0, 85.7489, 25.5642, 0.310, 1.400, 0.004

1, 15, 31, 0, 85.7489, 25.5642, 0.200, 1.380, 0.004

0, 15, 30, 1, 85.7489, 25.5642, 0.320, 1.403, 0.004

1, 15, 31, 1, 85.7489, 25.5642, 0.200, 1.375, 0.004

0, 15, 30, 2, 85.7489, 25.5642, 0.320, 1.393, 0.004

1, 15, 31, 2, 85.7489, 25.5642, 0.200, 1.368, 0.004

0, 15, 30, 3, 85.7489, 25.5642, 0.310, 1.404, 0.004

1, 15, 31, 3, 85.7489, 25.5642, 0.200, 1.367, 0.004

0, 15, 30, 4, 85.7489, 25.5642, 0.310, 1.405, 0.004

1, 15, 31, 4, 85.7489, 25.5642, 0.200, 1.378, 0.004

0, 15, 30, 0, 85.7489, 25.8142, 0.320, 1.408, 0.004

1, 15, 31, 0, 85.7489, 25.8142, 0.200, 1.379, 0.004

0, 15, 30, 1, 85.7489, 25.8142, 0.320, 1.393, 0.004

1, 15, 31, 1, 85.7489, 25.8142, 0.200, 1.377, 0.004

0, 15, 30, 2, 85.7489, 25.8142, 0.330, 1.398, 0.004

1, 15, 31, 2, 85.7489, 25.8142, 0.200, 1.368, 0.004

0, 15, 30, 3, 85.7489, 25.8142, 0.320, 1.401, 0.004

1, 15, 31, 3, 85.7489, 25.8142, 0.200, 1.375, 0.004

0, 15, 30, 4, 85.7489, 25.8142, 0.320, 1.396, 0.004

1, 15, 31, 4, 85.7489, 25.8142, 0.200, 1.377, 0.004

0, 15, 30, 0, 85.7489, 26.0642, 0.320, 1.406, 0.004

1, 15, 31, 0, 85.7489, 26.0642, 0.200, 1.367, 0.004

0, 15, 30, 1, 85.7489, 26.0642, 0.340, 1.400, 0.004

1, 15, 31, 1, 85.7489, 26.0642, 0.200, 1.375, 0.004

0, 15, 30, 2, 85.7489, 26.0642, 0.330, 1.399, 0.004

1, 15, 31, 2, 85.7489, 26.0642, 0.200, 1.371, 0.004

0, 15, 30, 3, 85.7489, 26.0642, 0.330, 1.393, 0.004

1, 15, 31, 3, 85.7489, 26.0642, 0.200, 1.378, 0.004

0, 15, 30, 4, 85.7489, 26.0642, 0.320, 1.395, 0.004

1, 15, 31, 4, 85.7489, 26.0642, 0.200, 1.375, 0.004

0, 15, 30, 0, 85.7489, 26.3142, 0.340, 1.394, 0.004

1, 15, 31, 0, 85.7489, 26.3142, 0.200, 1.379, 0.004

0, 15, 30, 1, 85.7489, 26.3142, 0.340, 1.396, 0.004

1, 15, 31, 1, 85.7489, 26.3142, 0.200, 1.375, 0.004

0, 15, 30, 2, 85.7489, 26.3142, 0.340, 1.405, 0.004

1, 15, 31, 2, 85.7489, 26.3142, 0.200, 1.377, 0.004

0, 15, 30, 3, 85.7489, 26.3142, 0.340, 1.394, 0.004

1, 15, 31, 3, 85.7489, 26.3142, 0.200, 1.365, 0.004

0, 15, 30, 4, 85.7489, 26.3142, 0.340, 1.399, 0.004

1, 15, 31, 4, 85.7489, 26.3142, 0.200, 1.377, 0.004

0, 15, 30, 0, 85.7489, 26.5642, 0.360, 1.396, 0.004

1, 15, 31, 0, 85.7489, 26.5642, 0.200, 1.372, 0.004

0, 15, 30, 1, 85.7489, 26.5642, 0.360, 1.400, 0.004

1, 15, 31, 1, 85.7489, 26.5642, 0.200, 1.375, 0.004

0, 15, 30, 2, 85.7489, 26.5642, 0.360, 1.398, 0.004

1, 15, 31, 2, 85.7489, 26.5642, 0.200, 1.374, 0.004

0, 15, 30, 3, 85.7489, 26.5642, 0.350, 1.399, 0.004

1, 15, 31, 3, 85.7489, 26.5642, 0.200, 1.372, 0.004

0, 15, 30, 4, 85.7489, 26.5642, 0.350, 1.400, 0.004

1, 15, 31, 4, 85.7489, 26.5642, 0.200, 1.371, 0.004

0, 15, 30, 0, 85.7489, 26.8142, 0.360, 1.399, 0.004

1, 15, 31, 0, 85.7489, 26.8142, 0.200, 1.368, 0.004

0, 15, 30, 1, 85.7489, 26.8142, 0.360, 1.401, 0.004

1, 15, 31, 1, 85.7489, 26.8142, 0.200, 1.372, 0.004

0, 15, 30, 2, 85.7489, 26.8142, 0.360, 1.402, 0.004

1, 15, 31, 2, 85.7489, 26.8142, 0.200, 1.375, 0.004

0, 15, 30, 3, 85.7489, 26.8142, 0.360, 1.393, 0.004

1, 15, 31, 3, 85.7489, 26.8142, 0.200, 1.373, 0.004

0, 15, 30, 4, 85.7489, 26.8142, 0.360, 1.397, 0.004

1, 15, 31, 4, 85.7489, 26.8142, 0.200, 1.369, 0.004

0, 15, 30, 0, 85.7489, 27.0642, 0.370, 1.396, 0.004

1, 15, 31, 0, 85.7489, 27.0642, 0.200, 1.372, 0.004

0, 15, 30, 1, 85.7489, 27.0642, 0.370, 1.398, 0.004

1, 15, 31, 1, 85.7489, 27.0642, 0.200, 1.384, 0.004

0, 15, 30, 2, 85.7489, 27.0642, 0.360, 1.400, 0.004

1, 15, 31, 2, 85.7489, 27.0642, 0.200, 1.371, 0.004

0, 15, 30, 3, 85.7489, 27.0642, 0.360, 1.402, 0.004

1, 15, 31, 3, 85.7489, 27.0642, 0.200, 1.372, 0.004

0, 15, 30, 4, 85.7489, 27.0642, 0.360, 1.400, 0.004

1, 15, 31, 4, 85.7489, 27.0642, 0.200, 1.369, 0.004

0, 15, 30, 0, 85.7489, 27.3142, 0.360, 1.404, 0.004

1, 15, 31, 0, 85.7489, 27.3142, 0.200, 1.371, 0.004

0, 15, 30, 1, 85.7489, 27.3142, 0.360, 1.401, 0.004

1, 15, 31, 1, 85.7489, 27.3142, 0.200, 1.372, 0.004

0, 15, 30, 2, 85.7489, 27.3142, 0.370, 1.393, 0.004

1, 15, 31, 2, 85.7489, 27.3142, 0.200, 1.367, 0.004

0, 15, 30, 3, 85.7489, 27.3142, 0.360, 1.397, 0.004

1, 15, 31, 3, 85.7489, 27.3142, 0.200, 1.369, 0.004

0, 15, 30, 4, 85.7489, 27.3142, 0.360, 1.394, 0.004

1, 15, 31, 4, 85.7489, 27.3142, 0.200, 1.378, 0.004

0, 15, 30, 0, 85.7489, 27.5642, 0.370, 1.399, 0.004

1, 15, 31, 0, 85.7489, 27.5642, 0.200, 1.367, 0.004

0, 15, 30, 1, 85.7489, 27.5642, 0.370, 1.400, 0.004

1, 15, 31, 1, 85.7489, 27.5642, 0.200, 1.375, 0.004

0, 15, 30, 2, 85.7489, 27.5642, 0.370, 1.408, 0.004

1, 15, 31, 2, 85.7489, 27.5642, 0.200, 1.374, 0.004

0, 15, 30, 3, 85.7489, 27.5642, 0.370, 1.397, 0.004

1, 15, 31, 3, 85.7489, 27.5642, 0.200, 1.372, 0.004

0, 15, 30, 4, 85.7489, 27.5642, 0.360, 1.395, 0.004

1, 15, 31, 4, 85.7489, 27.5642, 0.200, 1.369, 0.004

0, 15, 30, 0, 85.7489, 27.8142, 0.360, 1.402, 0.004

1, 15, 31, 0, 85.7489, 27.8142, 0.200, 1.376, 0.004

0, 15, 30, 1, 85.7489, 27.8142, 0.360, 1.402, 0.004

1, 15, 31, 1, 85.7489, 27.8142, 0.200, 1.373, 0.004

0, 15, 30, 2, 85.7489, 27.8142, 0.360, 1.407, 0.004

1, 15, 31, 2, 85.7489, 27.8142, 0.200, 1.374, 0.004

0, 15, 30, 3, 85.7489, 27.8142, 0.360, 1.394, 0.004

1, 15, 31, 3, 85.7489, 27.8142, 0.200, 1.377, 0.004

0, 15, 30, 4, 85.7489, 27.8142, 0.360, 1.392, 0.004

1, 15, 31, 4, 85.7489, 27.8142, 0.200, 1.374, 0.004

0, 15, 30, 0, 85.7489, 28.0642, 0.360, 1.398, 0.004

1, 15, 31, 0, 85.7489, 28.0642, 0.200, 1.369, 0.004

0, 15, 30, 1, 85.7489, 28.0642, 0.360, 1.400, 0.004

1, 15, 31, 1, 85.7489, 28.0642, 0.200, 1.377, 0.004

0, 15, 30, 2, 85.7489, 28.0642, 0.360, 1.400, 0.004

1, 15, 31, 2, 85.7489, 28.0642, 0.210, 1.370, 0.004

0, 15, 30, 3, 85.7489, 28.0642, 0.360, 1.391, 0.004

1, 15, 31, 3, 85.7489, 28.0642, 0.200, 1.374, 0.004

0, 15, 30, 4, 85.7489, 28.0642, 0.360, 1.393, 0.004

1, 15, 31, 4, 85.7489, 28.0642, 0.200, 1.379, 0.004

0, 15, 30, 0, 85.7489, 28.3142, 0.360, 1.399, 0.004

1, 15, 31, 0, 85.7489, 28.3142, 0.200, 1.375, 0.004

0, 15, 30, 1, 85.7489, 28.3142, 0.360, 1.399, 0.004

1, 15, 31, 1, 85.7489, 28.3142, 0.200, 1.376, 0.004

0, 15, 30, 2, 85.7489, 28.3142, 0.360, 1.399, 0.004

1, 15, 31, 2, 85.7489, 28.3142, 0.200, 1.373, 0.004

0, 15, 30, 3, 85.7489, 28.3142, 0.360, 1.389, 0.004

1, 15, 31, 3, 85.7489, 28.3142, 0.190, 1.376, 0.004

0, 15, 30, 4, 85.7489, 28.3142, 0.370, 1.396, 0.004

1, 15, 31, 4, 85.7489, 28.3142, 0.200, 1.378, 0.004

0, 15, 30, 0, 85.7489, 28.5642, 0.360, 1.396, 0.004

1, 15, 31, 0, 85.7489, 28.5642, 0.200, 1.373, 0.004

0, 15, 30, 1, 85.7489, 28.5642, 0.360, 1.400, 0.004

1, 15, 31, 1, 85.7489, 28.5642, 0.200, 1.368, 0.004

0, 15, 30, 2, 85.7489, 28.5642, 0.360, 1.392, 0.004

1, 15, 31, 2, 85.7489, 28.5642, 0.200, 1.376, 0.004

0, 15, 30, 3, 85.7489, 28.5642, 0.360, 1.395, 0.004

1, 15, 31, 3, 85.7489, 28.5642, 0.200, 1.373, 0.004

0, 15, 30, 4, 85.7489, 28.5642, 0.360, 1.394, 0.004

1, 15, 31, 4, 85.7489, 28.5642, 0.200, 1.369, 0.004

0, 15, 30, 0, 85.7489, 28.8142, 0.360, 1.382, 0.004

1, 15, 31, 0, 85.7489, 28.8142, 0.200, 1.379, 0.004

0, 15, 30, 1, 85.7489, 28.8142, 0.370, 1.402, 0.004

1, 15, 31, 1, 85.7489, 28.8142, 0.200, 1.371, 0.004

0, 15, 30, 2, 85.7489, 28.8142, 0.380, 1.398, 0.004

1, 15, 31, 2, 85.7489, 28.8142, 0.200, 1.375, 0.004

0, 15, 30, 3, 85.7489, 28.8142, 0.360, 1.393, 0.004

1, 15, 31, 3, 85.7489, 28.8142, 0.200, 1.374, 0.004

0, 15, 30, 4, 85.7489, 28.8142, 0.360, 1.393, 0.004

1, 15, 31, 4, 85.7489, 28.8142, 0.200, 1.374, 0.004

0, 15, 30, 0, 85.7489, 29.0642, 0.360, 1.398, 0.004

1, 15, 31, 0, 85.7489, 29.0642, 0.200, 1.376, 0.004

0, 15, 30, 1, 85.7489, 29.0642, 0.370, 1.405, 0.004

1, 15, 31, 1, 85.7489, 29.0642, 0.200, 1.375, 0.004

0, 15, 30, 2, 85.7489, 29.0642, 0.370, 1.399, 0.004

1, 15, 31, 2, 85.7489, 29.0642, 0.200, 1.383, 0.004

0, 15, 30, 3, 85.7489, 29.0642, 0.370, 1.394, 0.004

1, 15, 31, 3, 85.7489, 29.0642, 0.200, 1.375, 0.004

0, 15, 30, 4, 85.7489, 29.0642, 0.380, 1.393, 0.004

1, 15, 31, 4, 85.7489, 29.0642, 0.200, 1.365, 0.004

0, 15, 30, 0, 85.7489, 29.3142, 0.380, 1.402, 0.004

1, 15, 31, 0, 85.7489, 29.3142, 0.200, 1.377, 0.004

0, 15, 30, 1, 85.7489, 29.3142, 0.380, 1.391, 0.004

1, 15, 31, 1, 85.7489, 29.3142, 0.200, 1.371, 0.004

0, 15, 30, 2, 85.7489, 29.3142, 0.390, 1.401, 0.004

1, 15, 31, 2, 85.7489, 29.3142, 0.200, 1.368, 0.004

0, 15, 30, 3, 85.7489, 29.3142, 0.380, 1.401, 0.004

1, 15, 31, 3, 85.7489, 29.3142, 0.200, 1.365, 0.004

0, 15, 30, 4, 85.7489, 29.3142, 0.380, 1.394, 0.004

1, 15, 31, 4, 85.7489, 29.3142, 0.200, 1.373, 0.004

0, 15, 30, 0, 85.7489, 29.5642, 0.380, 1.400, 0.004

1, 15, 31, 0, 85.7489, 29.5642, 0.200, 1.371, 0.004

0, 15, 30, 1, 85.7489, 29.5642, 0.390, 1.393, 0.004

1, 15, 31, 1, 85.7489, 29.5642, 0.200, 1.376, 0.004

0, 15, 30, 2, 85.7489, 29.5642, 0.370, 1.368, 0.004

1, 15, 31, 2, 85.7489, 29.5642, 0.200, 1.374, 0.004

0, 15, 30, 3, 85.7489, 29.5642, 0.380, 1.393, 0.004

1, 15, 31, 3, 85.7489, 29.5642, 0.200, 1.365, 0.004

0, 15, 30, 4, 85.7489, 29.5642, 0.390, 1.391, 0.004

1, 15, 31, 4, 85.7489, 29.5642, 0.200, 1.367, 0.004

0, 15, 30, 0, 85.7489, 29.8142, 0.380, 1.369, 0.004

1, 15, 31, 0, 85.7489, 29.8142, 0.200, 1.371, 0.004

0, 15, 30, 1, 85.7489, 29.8142, 0.390, 1.398, 0.004

1, 15, 31, 1, 85.7489, 29.8142, 0.200, 1.370, 0.004

0, 15, 30, 2, 85.7489, 29.8142, 0.380, 1.399, 0.004

1, 15, 31, 2, 85.7489, 29.8142, 0.200, 1.383, 0.004

0, 15, 30, 3, 85.7489, 29.8142, 0.390, 1.393, 0.004

1, 15, 31, 3, 85.7489, 29.8142, 0.200, 1.373, 0.004

0, 15, 30, 4, 85.7489, 29.8142, 0.380, 1.391, 0.004

1, 15, 31, 4, 85.7489, 29.8142, 0.200, 1.378, 0.004

0, 15, 30, 0, 85.7489, 30.0642, 0.380, 1.403, 0.004

1, 15, 31, 0, 85.7489, 30.0642, 0.200, 1.372, 0.004

0, 15, 30, 1, 85.7489, 30.0642, 0.380, 1.401, 0.004

1, 15, 31, 1, 85.7489, 30.0642, 0.200, 1.370, 0.004

0, 15, 30, 2, 85.7489, 30.0642, 0.390, 1.407, 0.004

1, 15, 31, 2, 85.7489, 30.0642, 0.200, 1.372, 0.004

0, 15, 30, 3, 85.7489, 30.0642, 0.380, 1.401, 0.004

1, 15, 31, 3, 85.7489, 30.0642, 0.200, 1.367, 0.004

0, 15, 30, 4, 85.7489, 30.0642, 0.380, 1.387, 0.004

1, 15, 31, 4, 85.7489, 30.0642, 0.200, 1.377, 0.004

0, 15, 30, 0, 85.7489, 30.3142, 0.390, 1.391, 0.004

1, 15, 31, 0, 85.7489, 30.3142, 0.200, 1.376, 0.004

0, 15, 30, 1, 85.7489, 30.3142, 0.380, 1.398, 0.004

1, 15, 31, 1, 85.7489, 30.3142, 0.200, 1.368, 0.004

0, 15, 30, 2, 85.7489, 30.3142, 0.370, 1.402, 0.004

1, 15, 31, 2, 85.7489, 30.3142, 0.190, 1.377, 0.004

0, 15, 30, 3, 85.7489, 30.3142, 0.390, 1.394, 0.004

1, 15, 31, 3, 85.7489, 30.3142, 0.200, 1.369, 0.004

0, 15, 30, 4, 85.7489, 30.3142, 0.380, 1.398, 0.004

1, 15, 31, 4, 85.7489, 30.3142, 0.200, 1.369, 0.004

0, 15, 30, 0, 85.7489, 30.5642, 0.380, 1.410, 0.004

1, 15, 31, 0, 85.7489, 30.5642, 0.200, 1.382, 0.004

0, 15, 30, 1, 85.7489, 30.5642, 0.390, 1.391, 0.004

1, 15, 31, 1, 85.7489, 30.5642, 0.200, 1.377, 0.004

0, 15, 30, 2, 85.7489, 30.5642, 0.380, 1.392, 0.004

1, 15, 31, 2, 85.7489, 30.5642, 0.200, 1.374, 0.004

0, 15, 30, 3, 85.7489, 30.5642, 0.380, 1.381, 0.004

1, 15, 31, 3, 85.7489, 30.5642, 0.200, 1.372, 0.004

0, 15, 30, 4, 85.7489, 30.5642, 0.370, 1.399, 0.004

1, 15, 31, 4, 85.7489, 30.5642, 0.200, 1.373, 0.004

0, 15, 30, 0, 85.7489, 30.8142, 0.370, 1.406, 0.004

1, 15, 31, 0, 85.7489, 30.8142, 0.200, 1.371, 0.004

0, 15, 30, 1, 85.7489, 30.8142, 0.380, 1.403, 0.004

1, 15, 31, 1, 85.7489, 30.8142, 0.200, 1.379, 0.004

0, 15, 30, 2, 85.7489, 30.8142, 0.380, 1.415, 0.004

1, 15, 31, 2, 85.7489, 30.8142, 0.200, 1.374, 0.004

0, 15, 30, 3, 85.7489, 30.8142, 0.390, 1.406, 0.004

1, 15, 31, 3, 85.7489, 30.8142, 0.200, 1.379, 0.004

0, 15, 30, 4, 85.7489, 30.8142, 0.390, 1.403, 0.004

1, 15, 31, 4, 85.7489, 30.8142, 0.200, 1.378, 0.004

0, 15, 30, 0, 85.7489, 31.0642, 0.390, 1.399, 0.004

1, 15, 31, 0, 85.7489, 31.0642, 0.200, 1.369, 0.004

0, 15, 30, 1, 85.7489, 31.0642, 0.380, 1.401, 0.004

1, 15, 31, 1, 85.7489, 31.0642, 0.200, 1.374, 0.004

0, 15, 30, 2, 85.7489, 31.0642, 0.380, 1.398, 0.004

1, 15, 31, 2, 85.7489, 31.0642, 0.200, 1.372, 0.004

0, 15, 30, 3, 85.7489, 31.0642, 0.380, 1.392, 0.004

1, 15, 31, 3, 85.7489, 31.0642, 0.200, 1.379, 0.004

0, 15, 30, 4, 85.7489, 31.0642, 0.390, 1.393, 0.004

1, 15, 31, 4, 85.7489, 31.0642, 0.200, 1.373, 0.004

0, 15, 30, 0, 85.7489, 31.3142, 0.380, 1.398, 0.004

1, 15, 31, 0, 85.7489, 31.3142, 0.200, 1.374, 0.004

0, 15, 30, 1, 85.7489, 31.3142, 0.390, 1.395, 0.004

1, 15, 31, 1, 85.7489, 31.3142, 0.200, 1.373, 0.004

0, 15, 30, 2, 85.7489, 31.3142, 0.380, 1.399, 0.004

1, 15, 31, 2, 85.7489, 31.3142, 0.200, 1.372, 0.004

0, 15, 30, 3, 85.7489, 31.3142, 0.390, 1.405, 0.004

1, 15, 31, 3, 85.7489, 31.3142, 0.200, 1.380, 0.004

0, 15, 30, 4, 85.7489, 31.3142, 0.380, 1.403, 0.004

1, 15, 31, 4, 85.7489, 31.3142, 0.200, 1.374, 0.004

0, 15, 30, 0, 85.7489, 31.5642, 0.380, 1.396, 0.004

1, 15, 31, 0, 85.7489, 31.5642, 0.200, 1.375, 0.004

0, 15, 30, 1, 85.7489, 31.5642, 0.380, 1.411, 0.004

1, 15, 31, 1, 85.7489, 31.5642, 0.200, 1.380, 0.004

0, 15, 30, 2, 85.7489, 31.5642, 0.390, 1.401, 0.004

1, 15, 31, 2, 85.7489, 31.5642, 0.200, 1.373, 0.004

0, 15, 30, 3, 85.7489, 31.5642, 0.380, 1.394, 0.004

1, 15, 31, 3, 85.7489, 31.5642, 0.200, 1.378, 0.004

0, 15, 30, 4, 85.7489, 31.5642, 0.390, 1.400, 0.004

1, 15, 31, 4, 85.7489, 31.5642, 0.200, 1.369, 0.004

0, 15, 30, 0, 85.7489, 31.8142, 0.390, 1.395, 0.004

1, 15, 31, 0, 85.7489, 31.8142, 0.200, 1.369, 0.004

0, 15, 30, 1, 85.7489, 31.8142, 0.370, 1.396, 0.004

1, 15, 31, 1, 85.7489, 31.8142, 0.200, 1.372, 0.004

0, 15, 30, 2, 85.7489, 31.8142, 0.380, 1.413, 0.004

1, 15, 31, 2, 85.7489, 31.8142, 0.200, 1.375, 0.004

0, 15, 30, 3, 85.7489, 31.8142, 0.380, 1.395, 0.004

1, 15, 31, 3, 85.7489, 31.8142, 0.200, 1.367, 0.004

0, 15, 30, 4, 85.7489, 31.8142, 0.380, 1.405, 0.004

1, 15, 31, 4, 85.7489, 31.8142, 0.200, 1.374, 0.004

0, 15, 30, 0, 85.7489, 32.0642, 0.380, 1.389, 0.004

1, 15, 31, 0, 85.7489, 32.0642, 0.200, 1.376, 0.004

0, 15, 30, 1, 85.7489, 32.0642, 0.370, 1.400, 0.004

1, 15, 31, 1, 85.7489, 32.0642, 0.200, 1.374, 0.004

0, 15, 30, 2, 85.7489, 32.0642, 0.380, 1.393, 0.004

1, 15, 31, 2, 85.7489, 32.0642, 0.200, 1.377, 0.004

0, 15, 30, 3, 85.7489, 32.0642, 0.390, 1.399, 0.004

1, 15, 31, 3, 85.7489, 32.0642, 0.200, 1.373, 0.004

0, 15, 30, 4, 85.7489, 32.0642, 0.390, 1.401, 0.004

1, 15, 31, 4, 85.7489, 32.0642, 0.200, 1.372, 0.004

0, 15, 30, 0, 85.7489, 32.3142, 0.380, 1.403, 0.004

1, 15, 31, 0, 85.7489, 32.3142, 0.200, 1.380, 0.004

0, 15, 30, 1, 85.7489, 32.3142, 0.380, 1.367, 0.004

1, 15, 31, 1, 85.7489, 32.3142, 0.200, 1.382, 0.004

0, 15, 30, 2, 85.7489, 32.3142, 0.380, 1.405, 0.004

1, 15, 31, 2, 85.7489, 32.3142, 0.200, 1.369, 0.004

0, 15, 30, 3, 85.7489, 32.3142, 0.380, 1.398, 0.004

1, 15, 31, 3, 85.7489, 32.3142, 0.200, 1.368, 0.004

0, 15, 30, 4, 85.7489, 32.3142, 0.370, 1.396, 0.004

1, 15, 31, 4, 85.7489, 32.3142, 0.200, 1.375, 0.004

0, 15, 30, 0, 85.7489, 32.5642, 0.380, 1.392, 0.004

1, 15, 31, 0, 85.7489, 32.5642, 0.200, 1.373, 0.004

0, 15, 30, 1, 85.7489, 32.5642, 0.390, 1.396, 0.004

1, 15, 31, 1, 85.7489, 32.5642, 0.200, 1.373, 0.004

0, 15, 30, 2, 85.7489, 32.5642, 0.390, 1.401, 0.004

1, 15, 31, 2, 85.7489, 32.5642, 0.200, 1.377, 0.004

0, 15, 30, 3, 85.7489, 32.5642, 0.380, 1.394, 0.004

1, 15, 31, 3, 85.7489, 32.5642, 0.200, 1.381, 0.004

0, 15, 30, 4, 85.7489, 32.5642, 0.380, 1.405, 0.004

1, 15, 31, 4, 85.7489, 32.5642, 0.200, 1.372, 0.004

0, 15, 30, 0, 85.7489, 32.8142, 0.380, 1.397, 0.004

1, 15, 31, 0, 85.7489, 32.8142, 0.200, 1.369, 0.004

0, 15, 30, 1, 85.7489, 32.8142, 0.380, 1.401, 0.004

1, 15, 31, 1, 85.7489, 32.8142, 0.200, 1.363, 0.004

0, 15, 30, 2, 85.7489, 32.8142, 0.390, 1.404, 0.004

1, 15, 31, 2, 85.7489, 32.8142, 0.200, 1.372, 0.004

0, 15, 30, 3, 85.7489, 32.8142, 0.390, 1.397, 0.004

1, 15, 31, 3, 85.7489, 32.8142, 0.200, 1.366, 0.004

0, 15, 30, 4, 85.7489, 32.8142, 0.380, 1.410, 0.004

1, 15, 31, 4, 85.7489, 32.8142, 0.200, 1.367, 0.004

0, 15, 30, 0, 85.7489, 33.0642, 0.380, 1.407, 0.004

1, 15, 31, 0, 85.7489, 33.0642, 0.200, 1.371, 0.004

0, 15, 30, 1, 85.7489, 33.0642, 0.390, 1.402, 0.004

1, 15, 31, 1, 85.7489, 33.0642, 0.190, 1.370, 0.004

0, 15, 30, 2, 85.7489, 33.0642, 0.390, 1.403, 0.004

1, 15, 31, 2, 85.7489, 33.0642, 0.200, 1.379, 0.004

0, 15, 30, 3, 85.7489, 33.0642, 0.390, 1.388, 0.004

1, 15, 31, 3, 85.7489, 33.0642, 0.200, 1.377, 0.004

0, 15, 30, 4, 85.7489, 33.0642, 0.390, 1.403, 0.004

1, 15, 31, 4, 85.7489, 33.0642, 0.200, 1.379, 0.004

0, 15, 30, 0, 85.7489, 33.3142, 0.380, 1.396, 0.004

1, 15, 31, 0, 85.7489, 33.3142, 0.200, 1.370, 0.004

0, 15, 30, 1, 85.7489, 33.3142, 0.380, 1.403, 0.004

1, 15, 31, 1, 85.7489, 33.3142, 0.190, 1.372, 0.004

0, 15, 30, 2, 85.7489, 33.3142, 0.380, 1.404, 0.004

1, 15, 31, 2, 85.7489, 33.3142, 0.200, 1.371, 0.004

0, 15, 30, 3, 85.7489, 33.3142, 0.380, 1.396, 0.004

1, 15, 31, 3, 85.7489, 33.3142, 0.200, 1.370, 0.004

0, 15, 30, 4, 85.7489, 33.3142, 0.390, 1.399, 0.004

1, 15, 31, 4, 85.7489, 33.3142, 0.200, 1.372, 0.004

0, 15, 30, 0, 85.7489, 33.5642, 0.380, 1.400, 0.004

1, 15, 31, 0, 85.7489, 33.5642, 0.200, 1.373, 0.004

0, 15, 30, 1, 85.7489, 33.5642, 0.380, 1.378, 0.004

1, 15, 31, 1, 85.7489, 33.5642, 0.200, 1.376, 0.004

0, 15, 30, 2, 85.7489, 33.5642, 0.390, 1.398, 0.004

1, 15, 31, 2, 85.7489, 33.5642, 0.190, 1.369, 0.004

0, 15, 30, 3, 85.7489, 33.5642, 0.380, 1.398, 0.004

1, 15, 31, 3, 85.7489, 33.5642, 0.200, 1.372, 0.004

0, 15, 30, 4, 85.7489, 33.5642, 0.380, 1.398, 0.004

1, 15, 31, 4, 85.7489, 33.5642, 0.200, 1.372, 0.004

0, 15, 30, 0, 85.7489, 33.8142, 0.380, 1.392, 0.004

1, 15, 31, 0, 85.7489, 33.8142, 0.200, 1.368, 0.004

0, 15, 30, 1, 85.7489, 33.8142, 0.380, 1.391, 0.004

1, 15, 31, 1, 85.7489, 33.8142, 0.200, 1.365, 0.004

0, 15, 30, 2, 85.7489, 33.8142, 0.380, 1.404, 0.004

1, 15, 31, 2, 85.7489, 33.8142, 0.200, 1.374, 0.004

0, 15, 30, 3, 85.7489, 33.8142, 0.380, 1.405, 0.004

1, 15, 31, 3, 85.7489, 33.8142, 0.200, 1.373, 0.004

0, 15, 30, 4, 85.7489, 33.8142, 0.390, 1.400, 0.004

1, 15, 31, 4, 85.7489, 33.8142, 0.200, 1.367, 0.004

0, 15, 30, 0, 85.7489, 34.0642, 0.390, 1.397, 0.004

1, 15, 31, 0, 85.7489, 34.0642, 0.200, 1.369, 0.004

0, 15, 30, 1, 85.7489, 34.0642, 0.380, 1.403, 0.004

1, 15, 31, 1, 85.7489, 34.0642, 0.200, 1.377, 0.004

0, 15, 30, 2, 85.7489, 34.0642, 0.390, 1.395, 0.004

1, 15, 31, 2, 85.7489, 34.0642, 0.200, 1.373, 0.004

0, 15, 30, 3, 85.7489, 34.0642, 0.380, 1.400, 0.004

1, 15, 31, 3, 85.7489, 34.0642, 0.200, 1.374, 0.004

0, 15, 30, 4, 85.7489, 34.0642, 0.380, 1.398, 0.004

1, 15, 31, 4, 85.7489, 34.0642, 0.200, 1.377, 0.004

0, 15, 30, 0, 85.7489, 34.3142, 0.390, 1.394, 0.004

1, 15, 31, 0, 85.7489, 34.3142, 0.200, 1.366, 0.004

0, 15, 30, 1, 85.7489, 34.3142, 0.380, 1.401, 0.004

1, 15, 31, 1, 85.7489, 34.3142, 0.200, 1.374, 0.004

0, 15, 30, 2, 85.7489, 34.3142, 0.380, 1.402, 0.004

1, 15, 31, 2, 85.7489, 34.3142, 0.200, 1.371, 0.004

0, 15, 30, 3, 85.7489, 34.3142, 0.380, 1.408, 0.004

1, 15, 31, 3, 85.7489, 34.3142, 0.200, 1.382, 0.004

0, 15, 30, 4, 85.7489, 34.3142, 0.380, 1.397, 0.004

1, 15, 31, 4, 85.7489, 34.3142, 0.200, 1.375, 0.004

0, 15, 30, 0, 85.7489, 34.5642, 0.370, 1.376, 0.004

1, 15, 31, 0, 85.7489, 34.5642, 0.200, 1.373, 0.004

0, 15, 30, 1, 85.7489, 34.5642, 0.370, 1.397, 0.004

1, 15, 31, 1, 85.7489, 34.5642, 0.190, 1.373, 0.004

0, 15, 30, 2, 85.7489, 34.5642, 0.380, 1.400, 0.004

1, 15, 31, 2, 85.7489, 34.5642, 0.200, 1.374, 0.004

0, 15, 30, 3, 85.7489, 34.5642, 0.390, 1.401, 0.004

1, 15, 31, 3, 85.7489, 34.5642, 0.200, 1.375, 0.004

0, 15, 30, 4, 85.7489, 34.5642, 0.370, 1.395, 0.004

1, 15, 31, 4, 85.7489, 34.5642, 0.200, 1.376, 0.004

0, 15, 30, 0, 85.7489, 34.8142, 0.380, 1.397, 0.004

1, 15, 31, 0, 85.7489, 34.8142, 0.200, 1.378, 0.004

0, 15, 30, 1, 85.7489, 34.8142, 0.380, 1.399, 0.004

1, 15, 31, 1, 85.7489, 34.8142, 0.200, 1.380, 0.004

0, 15, 30, 2, 85.7489, 34.8142, 0.380, 1.391, 0.004

1, 15, 31, 2, 85.7489, 34.8142, 0.200, 1.374, 0.004

0, 15, 30, 3, 85.7489, 34.8142, 0.390, 1.399, 0.004

1, 15, 31, 3, 85.7489, 34.8142, 0.200, 1.380, 0.004

0, 15, 30, 4, 85.7489, 34.8142, 0.380, 1.392, 0.004

1, 15, 31, 4, 85.7489, 34.8142, 0.200, 1.361, 0.004

0, 15, 30, 0, 85.7489, 35.0642, 0.380, 1.397, 0.004

1, 15, 31, 0, 85.7489, 35.0642, 0.200, 1.367, 0.004

0, 15, 30, 1, 85.7489, 35.0642, 0.380, 1.408, 0.004

1, 15, 31, 1, 85.7489, 35.0642, 0.200, 1.374, 0.004

0, 15, 30, 2, 85.7489, 35.0642, 0.380, 1.399, 0.004

1, 15, 31, 2, 85.7489, 35.0642, 0.200, 1.371, 0.004

0, 15, 30, 3, 85.7489, 35.0642, 0.380, 1.397, 0.004

1, 15, 31, 3, 85.7489, 35.0642, 0.200, 1.380, 0.004

0, 15, 30, 4, 85.7489, 35.0642, 0.380, 1.396, 0.004

1, 15, 31, 4, 85.7489, 35.0642, 0.190, 1.373, 0.004

0, 15, 30, 0, 85.7489, 35.3142, 0.380, 1.394, 0.004

1, 15, 31, 0, 85.7489, 35.3142, 0.200, 1.376, 0.004

0, 15, 30, 1, 85.7489, 35.3142, 0.380, 1.390, 0.004

1, 15, 31, 1, 85.7489, 35.3142, 0.200, 1.369, 0.004

0, 15, 30, 2, 85.7489, 35.3142, 0.390, 1.388, 0.004

1, 15, 31, 2, 85.7489, 35.3142, 0.190, 1.361, 0.004

0, 15, 30, 3, 85.7489, 35.3142, 0.380, 1.393, 0.004

1, 15, 31, 3, 85.7489, 35.3142, 0.200, 1.377, 0.004

0, 15, 30, 4, 85.7489, 35.3142, 0.380, 1.401, 0.004

1, 15, 31, 4, 85.7489, 35.3142, 0.200, 1.367, 0.004

0, 15, 30, 0, 85.7489, 35.5642, 0.380, 1.388, 0.004

1, 15, 31, 0, 85.7489, 35.5642, 0.200, 1.374, 0.004

0, 15, 30, 1, 85.7489, 35.5642, 0.380, 1.385, 0.004

1, 15, 31, 1, 85.7489, 35.5642, 0.200, 1.371, 0.004

0, 15, 30, 2, 85.7489, 35.5642, 0.390, 1.400, 0.004

1, 15, 31, 2, 85.7489, 35.5642, 0.200, 1.373, 0.004

0, 15, 30, 3, 85.7489, 35.5642, 0.380, 1.390, 0.004

1, 15, 31, 3, 85.7489, 35.5642, 0.200, 1.368, 0.004

0, 15, 30, 4, 85.7489, 35.5642, 0.390, 1.413, 0.004

1, 15, 31, 4, 85.7489, 35.5642, 0.200, 1.365, 0.004

0, 15, 30, 0, 85.7489, 35.8142, 0.370, 1.395, 0.004

1, 15, 31, 0, 85.7489, 35.8142, 0.200, 1.382, 0.004

0, 15, 30, 1, 85.7489, 35.8142, 0.380, 1.395, 0.004

1, 15, 31, 1, 85.7489, 35.8142, 0.200, 1.373, 0.004

0, 15, 30, 2, 85.7489, 35.8142, 0.380, 1.394, 0.004

1, 15, 31, 2, 85.7489, 35.8142, 0.200, 1.380, 0.004

0, 15, 30, 3, 85.7489, 35.8142, 0.390, 1.400, 0.004

1, 15, 31, 3, 85.7489, 35.8142, 0.200, 1.369, 0.004

0, 15, 30, 4, 85.7489, 35.8142, 0.370, 1.404, 0.004

1, 15, 31, 4, 85.7489, 35.8142, 0.200, 1.376, 0.004

0, 15, 30, 0, 85.7489, 36.0642, 0.380, 1.399, 0.004

1, 15, 31, 0, 85.7489, 36.0642, 0.200, 1.373, 0.004

0, 15, 30, 1, 85.7489, 36.0642, 0.380, 1.390, 0.004

1, 15, 31, 1, 85.7489, 36.0642, 0.200, 1.370, 0.004

0, 15, 30, 2, 85.7489, 36.0642, 0.390, 1.398, 0.004

1, 15, 31, 2, 85.7489, 36.0642, 0.200, 1.374, 0.004

0, 15, 30, 3, 85.7489, 36.0642, 0.390, 1.398, 0.004

1, 15, 31, 3, 85.7489, 36.0642, 0.200, 1.375, 0.004

0, 15, 30, 4, 85.7489, 36.0642, 0.390, 1.403, 0.004

1, 15, 31, 4, 85.7489, 36.0642, 0.200, 1.373, 0.004

0, 15, 30, 0, 85.7489, 36.3142, 0.390, 1.401, 0.004

1, 15, 31, 0, 85.7489, 36.3142, 0.200, 1.385, 0.004

0, 15, 30, 1, 85.7489, 36.3142, 0.380, 1.408, 0.004

1, 15, 31, 1, 85.7489, 36.3142, 0.200, 1.366, 0.004

0, 15, 30, 2, 85.7489, 36.3142, 0.390, 1.392, 0.004

1, 15, 31, 2, 85.7489, 36.3142, 0.200, 1.375, 0.004

0, 15, 30, 3, 85.7489, 36.3142, 0.400, 1.393, 0.004

1, 15, 31, 3, 85.7489, 36.3142, 0.200, 1.375, 0.004

0, 15, 30, 4, 85.7489, 36.3142, 0.390, 1.398, 0.004

1, 15, 31, 4, 85.7489, 36.3142, 0.200, 1.361, 0.004

0, 15, 30, 0, 85.7489, 36.5642, 0.380, 1.400, 0.004

1, 15, 31, 0, 85.7489, 36.5642, 0.200, 1.371, 0.004

0, 15, 30, 1, 85.7489, 36.5642, 0.380, 1.403, 0.004

1, 15, 31, 1, 85.7489, 36.5642, 0.190, 1.377, 0.004

0, 15, 30, 2, 85.7489, 36.5642, 0.390, 1.398, 0.004

1, 15, 31, 2, 85.7489, 36.5642, 0.200, 1.374, 0.004

0, 15, 30, 3, 85.7489, 36.5642, 0.390, 1.403, 0.004

1, 15, 31, 3, 85.7489, 36.5642, 0.200, 1.378, 0.004

0, 15, 30, 4, 85.7489, 36.5642, 0.390, 1.401, 0.004

1, 15, 31, 4, 85.7489, 36.5642, 0.200, 1.375, 0.004

0, 15, 30, 0, 85.7489, 36.8142, 0.370, 1.403, 0.004

1, 15, 31, 0, 85.7489, 36.8142, 0.200, 1.369, 0.004

0, 15, 30, 1, 85.7489, 36.8142, 0.390, 1.405, 0.004

1, 15, 31, 1, 85.7489, 36.8142, 0.200, 1.374, 0.004

0, 15, 30, 2, 85.7489, 36.8142, 0.390, 1.396, 0.004

1, 15, 31, 2, 85.7489, 36.8142, 0.200, 1.369, 0.004

0, 15, 30, 3, 85.7489, 36.8142, 0.380, 1.399, 0.004

1, 15, 31, 3, 85.7489, 36.8142, 0.200, 1.370, 0.004

0, 15, 30, 4, 85.7489, 36.8142, 0.380, 1.401, 0.004

1, 15, 31, 4, 85.7489, 36.8142, 0.200, 1.377, 0.004

0, 15, 30, 0, 85.7489, 37.0642, 0.380, 1.399, 0.004

1, 15, 31, 0, 85.7489, 37.0642, 0.200, 1.370, 0.004

0, 15, 30, 1, 85.7489, 37.0642, 0.380, 1.401, 0.004

1, 15, 31, 1, 85.7489, 37.0642, 0.200, 1.373, 0.004

0, 15, 30, 2, 85.7489, 37.0642, 0.380, 1.395, 0.004

1, 15, 31, 2, 85.7489, 37.0642, 0.200, 1.366, 0.004

0, 15, 30, 3, 85.7489, 37.0642, 0.390, 1.396, 0.004

1, 15, 31, 3, 85.7489, 37.0642, 0.200, 1.375, 0.004

0, 15, 30, 4, 85.7489, 37.0642, 0.390, 1.399, 0.004

1, 15, 31, 4, 85.7489, 37.0642, 0.200, 1.373, 0.004

0, 15, 30, 0, 85.7489, 37.3142, 0.380, 1.393, 0.004

1, 15, 31, 0, 85.7489, 37.3142, 0.200, 1.376, 0.004

0, 15, 30, 1, 85.7489, 37.3142, 0.380, 1.405, 0.004

1, 15, 31, 1, 85.7489, 37.3142, 0.200, 1.373, 0.004

0, 15, 30, 2, 85.7489, 37.3142, 0.380, 1.404, 0.004

1, 15, 31, 2, 85.7489, 37.3142, 0.200, 1.378, 0.004

0, 15, 30, 3, 85.7489, 37.3142, 0.380, 1.399, 0.004

1, 15, 31, 3, 85.7489, 37.3142, 0.200, 1.374, 0.004

0, 15, 30, 4, 85.7489, 37.3142, 0.380, 1.403, 0.004

1, 15, 31, 4, 85.7489, 37.3142, 0.200, 1.382, 0.004

0, 15, 30, 0, 85.7489, 37.5642, 0.390, 1.393, 0.004

1, 15, 31, 0, 85.7489, 37.5642, 0.200, 1.373, 0.004

0, 15, 30, 1, 85.7489, 37.5642, 0.380, 1.394, 0.004

1, 15, 31, 1, 85.7489, 37.5642, 0.200, 1.370, 0.004

0, 15, 30, 2, 85.7489, 37.5642, 0.380, 1.395, 0.004

1, 15, 31, 2, 85.7489, 37.5642, 0.200, 1.370, 0.004

0, 15, 30, 3, 85.7489, 37.5642, 0.390, 1.388, 0.004

1, 15, 31, 3, 85.7489, 37.5642, 0.200, 1.370, 0.004

0, 15, 30, 4, 85.7489, 37.5642, 0.390, 1.398, 0.004

1, 15, 31, 4, 85.7489, 37.5642, 0.200, 1.374, 0.004

0, 15, 30, 0, 85.7489, 37.8142, 0.390, 1.399, 0.004

1, 15, 31, 0, 85.7489, 37.8142, 0.200, 1.367, 0.004

0, 15, 30, 1, 85.7489, 37.8142, 0.380, 1.397, 0.004

1, 15, 31, 1, 85.7489, 37.8142, 0.200, 1.378, 0.004

0, 15, 30, 2, 85.7489, 37.8142, 0.390, 1.386, 0.004

1, 15, 31, 2, 85.7489, 37.8142, 0.200, 1.377, 0.004

0, 15, 30, 3, 85.7489, 37.8142, 0.380, 1.402, 0.004

1, 15, 31, 3, 85.7489, 37.8142, 0.200, 1.366, 0.004

0, 15, 30, 4, 85.7489, 37.8142, 0.380, 1.392, 0.004

1, 15, 31, 4, 85.7489, 37.8142, 0.200, 1.375, 0.004

0, 15, 30, 0, 85.7489, 38.0642, 0.390, 1.394, 0.004

1, 15, 31, 0, 85.7489, 38.0642, 0.200, 1.367, 0.004

0, 15, 30, 1, 85.7489, 38.0642, 0.390, 1.391, 0.004

1, 15, 31, 1, 85.7489, 38.0642, 0.200, 1.367, 0.004

0, 15, 30, 2, 85.7489, 38.0642, 0.400, 1.403, 0.004

1, 15, 31, 2, 85.7489, 38.0642, 0.200, 1.367, 0.004

0, 15, 30, 3, 85.7489, 38.0642, 0.380, 1.403, 0.004

1, 15, 31, 3, 85.7489, 38.0642, 0.200, 1.370, 0.004

0, 15, 30, 4, 85.7489, 38.0642, 0.390, 1.408, 0.004

1, 15, 31, 4, 85.7489, 38.0642, 0.200, 1.378, 0.004

0, 15, 30, 0, 85.7489, 38.3142, 0.390, 1.398, 0.004

1, 15, 31, 0, 85.7489, 38.3142, 0.200, 1.377, 0.004

0, 15, 30, 1, 85.7489, 38.3142, 0.380, 1.395, 0.004

1, 15, 31, 1, 85.7489, 38.3142, 0.200, 1.370, 0.004

0, 15, 30, 2, 85.7489, 38.3142, 0.380, 1.399, 0.004

1, 15, 31, 2, 85.7489, 38.3142, 0.200, 1.372, 0.004

0, 15, 30, 3, 85.7489, 38.3142, 0.390, 1.395, 0.004

1, 15, 31, 3, 85.7489, 38.3142, 0.200, 1.370, 0.004

0, 15, 30, 4, 85.7489, 38.3142, 0.380, 1.400, 0.004

1, 15, 31, 4, 85.7489, 38.3142, 0.200, 1.374, 0.004

0, 15, 30, 0, 85.7489, 38.5642, 0.380, 1.394, 0.004

1, 15, 31, 0, 85.7489, 38.5642, 0.200, 1.378, 0.004

0, 15, 30, 1, 85.7489, 38.5642, 0.380, 1.400, 0.004

1, 15, 31, 1, 85.7489, 38.5642, 0.200, 1.371, 0.004

0, 15, 30, 2, 85.7489, 38.5642, 0.390, 1.396, 0.004

1, 15, 31, 2, 85.7489, 38.5642, 0.200, 1.374, 0.004

0, 15, 30, 3, 85.7489, 38.5642, 0.390, 1.401, 0.004

1, 15, 31, 3, 85.7489, 38.5642, 0.200, 1.378, 0.004

0, 15, 30, 4, 85.7489, 38.5642, 0.390, 1.398, 0.004

1, 15, 31, 4, 85.7489, 38.5642, 0.200, 1.367, 0.004

0, 15, 30, 0, 85.7489, 38.8142, 0.390, 1.401, 0.004

1, 15, 31, 0, 85.7489, 38.8142, 0.200, 1.371, 0.004

0, 15, 30, 1, 85.7489, 38.8142, 0.380, 1.391, 0.004

1, 15, 31, 1, 85.7489, 38.8142, 0.200, 1.370, 0.004

0, 15, 30, 2, 85.7489, 38.8142, 0.390, 1.383, 0.004

1, 15, 31, 2, 85.7489, 38.8142, 0.200, 1.370, 0.004

0, 15, 30, 3, 85.7489, 38.8142, 0.380, 1.392, 0.004

1, 15, 31, 3, 85.7489, 38.8142, 0.200, 1.374, 0.004

0, 15, 30, 4, 85.7489, 38.8142, 0.390, 1.405, 0.004

1, 15, 31, 4, 85.7489, 38.8142, 0.200, 1.373, 0.004

0, 15, 30, 0, 85.7489, 39.0642, 0.390, 1.402, 0.004

1, 15, 31, 0, 85.7489, 39.0642, 0.200, 1.374, 0.004

0, 15, 30, 1, 85.7489, 39.0642, 0.390, 1.390, 0.004

1, 15, 31, 1, 85.7489, 39.0642, 0.200, 1.364, 0.004

0, 15, 30, 2, 85.7489, 39.0642, 0.390, 1.400, 0.004

1, 15, 31, 2, 85.7489, 39.0642, 0.200, 1.366, 0.004

0, 15, 30, 3, 85.7489, 39.0642, 0.380, 1.397, 0.004

1, 15, 31, 3, 85.7489, 39.0642, 0.200, 1.368, 0.004

0, 15, 30, 4, 85.7489, 39.0642, 0.380, 1.395, 0.004

1, 15, 31, 4, 85.7489, 39.0642, 0.190, 1.367, 0.004

0, 15, 30, 0, 85.7489, 39.3142, 0.380, 1.399, 0.004

1, 15, 31, 0, 85.7489, 39.3142, 0.200, 1.371, 0.004

0, 15, 30, 1, 85.7489, 39.3142, 0.380, 1.399, 0.004

1, 15, 31, 1, 85.7489, 39.3142, 0.200, 1.381, 0.004

0, 15, 30, 2, 85.7489, 39.3142, 0.380, 1.403, 0.004

1, 15, 31, 2, 85.7489, 39.3142, 0.200, 1.378, 0.004

0, 15, 30, 3, 85.7489, 39.3142, 0.390, 1.396, 0.004

1, 15, 31, 3, 85.7489, 39.3142, 0.200, 1.367, 0.004

0, 15, 30, 4, 85.7489, 39.3142, 0.390, 1.400, 0.004

1, 15, 31, 4, 85.7489, 39.3142, 0.200, 1.375, 0.004

0, 15, 30, 0, 85.7489, 39.5642, 0.380, 1.401, 0.004

1, 15, 31, 0, 85.7489, 39.5642, 0.200, 1.376, 0.004

0, 15, 30, 1, 85.7489, 39.5642, 0.390, 1.397, 0.004

1, 15, 31, 1, 85.7489, 39.5642, 0.200, 1.368, 0.004

0, 15, 30, 2, 85.7489, 39.5642, 0.390, 1.399, 0.004

1, 15, 31, 2, 85.7489, 39.5642, 0.190, 1.378, 0.004

0, 15, 30, 3, 85.7489, 39.5642, 0.390, 1.394, 0.004

1, 15, 31, 3, 85.7489, 39.5642, 0.200, 1.370, 0.004

0, 15, 30, 4, 85.7489, 39.5642, 0.390, 1.395, 0.004

1, 15, 31, 4, 85.7489, 39.5642, 0.200, 1.369, 0.004

0, 15, 30, 0, 85.7489, 39.8142, 0.380, 1.407, 0.004

1, 15, 31, 0, 85.7489, 39.8142, 0.200, 1.369, 0.004

0, 15, 30, 1, 85.7489, 39.8142, 0.380, 1.395, 0.004

1, 15, 31, 1, 85.7489, 39.8142, 0.200, 1.375, 0.004

0, 15, 30, 2, 85.7489, 39.8142, 0.390, 1.386, 0.004

1, 15, 31, 2, 85.7489, 39.8142, 0.200, 1.376, 0.004

0, 15, 30, 3, 85.7489, 39.8142, 0.390, 1.404, 0.004

1, 15, 31, 3, 85.7489, 39.8142, 0.200, 1.379, 0.004

0, 15, 30, 4, 85.7489, 39.8142, 0.400, 1.394, 0.004

1, 15, 31, 4, 85.7489, 39.8142, 0.200, 1.373, 0.004

0, 15, 30, 0, 85.7489, 40.0642, 0.390, 1.395, 0.004

1, 15, 31, 0, 85.7489, 40.0642, 0.200, 1.377, 0.004

0, 15, 30, 1, 85.7489, 40.0642, 0.380, 1.393, 0.004

1, 15, 31, 1, 85.7489, 40.0642, 0.200, 1.375, 0.004

0, 15, 30, 2, 85.7489, 40.0642, 0.400, 1.404, 0.004

1, 15, 31, 2, 85.7489, 40.0642, 0.200, 1.370, 0.004

0, 15, 30, 3, 85.7489, 40.0642, 0.380, 1.376, 0.004

1, 15, 31, 3, 85.7489, 40.0642, 0.200, 1.376, 0.004

0, 15, 30, 4, 85.7489, 40.0642, 0.390, 1.395, 0.004

1, 15, 31, 4, 85.7489, 40.0642, 0.200, 1.375, 0.004

0, 15, 30, 0, 85.7489, 40.3142, 0.400, 1.390, 0.004

1, 15, 31, 0, 85.7489, 40.3142, 0.200, 1.357, 0.004

0, 15, 30, 1, 85.7489, 40.3142, 0.400, 1.395, 0.004

1, 15, 31, 1, 85.7489, 40.3142, 0.200, 1.365, 0.004

0, 15, 30, 2, 85.7489, 40.3142, 0.380, 1.396, 0.004

1, 15, 31, 2, 85.7489, 40.3142, 0.200, 1.365, 0.004

0, 15, 30, 3, 85.7489, 40.3142, 0.380, 1.400, 0.004

1, 15, 31, 3, 85.7489, 40.3142, 0.200, 1.373, 0.004

0, 15, 30, 4, 85.7489, 40.3142, 0.400, 1.395, 0.004

1, 15, 31, 4, 85.7489, 40.3142, 0.200, 1.373, 0.004

