Test Sector:
Device ID, Channel, Tile ID, trial, x, y, IMON, RMON, VCOMP
xorigincm, xfinalcm, xsteplengthcm, xsteps = 74.7125, 74.7125, 0, 119
yorigincm, yfinalcm, ysteplengthcm, nRepeat = 9.03754, 38.9625, 0.25, 5
0, 13, 26, 0, 0, 0, 0.230, 1.398, 0.004

1, 13, 27, 0, 0, 0, 0.180, 1.370, 0.004

0, 13, 26, 1, 0, 0, 0.230, 1.395, 0.004

1, 13, 27, 1, 0, 0, 0.180, 1.371, 0.004

0, 13, 26, 2, 0, 0, 0.230, 1.392, 0.004

1, 13, 27, 2, 0, 0, 0.180, 1.381, 0.004

0, 13, 26, 3, 0, 0, 0.230, 1.387, 0.004

1, 13, 27, 3, 0, 0, 0.180, 1.375, 0.004

0, 13, 26, 4, 0, 0, 0.230, 1.397, 0.004

1, 13, 27, 4, 0, 0, 0.190, 1.376, 0.004

0, 13, 26, 0, 74.7125, 9.03754, 0.230, 1.389, 0.004

1, 13, 27, 0, 74.7125, 9.03754, 0.350, 1.376, 0.004

0, 13, 26, 1, 74.7125, 9.03754, 0.230, 1.393, 0.004

1, 13, 27, 1, 74.7125, 9.03754, 0.360, 1.379, 0.004

0, 13, 26, 2, 74.7125, 9.03754, 0.230, 1.403, 0.004

1, 13, 27, 2, 74.7125, 9.03754, 0.360, 1.360, 0.004

0, 13, 26, 3, 74.7125, 9.03754, 0.230, 1.391, 0.004

1, 13, 27, 3, 74.7125, 9.03754, 0.360, 1.377, 0.004

0, 13, 26, 4, 74.7125, 9.03754, 0.230, 1.405, 0.004

1, 13, 27, 4, 74.7125, 9.03754, 0.360, 1.372, 0.004

0, 13, 26, 0, 74.7125, 9.28754, 0.230, 1.388, 0.004

1, 13, 27, 0, 74.7125, 9.28754, 0.370, 1.361, 0.004

0, 13, 26, 1, 74.7125, 9.28754, 0.230, 1.398, 0.004

1, 13, 27, 1, 74.7125, 9.28754, 0.360, 1.376, 0.004

0, 13, 26, 2, 74.7125, 9.28754, 0.230, 1.402, 0.004

1, 13, 27, 2, 74.7125, 9.28754, 0.360, 1.375, 0.004

0, 13, 26, 3, 74.7125, 9.28754, 0.230, 1.394, 0.004

1, 13, 27, 3, 74.7125, 9.28754, 0.360, 1.370, 0.004

0, 13, 26, 4, 74.7125, 9.28754, 0.230, 1.390, 0.004

1, 13, 27, 4, 74.7125, 9.28754, 0.380, 1.376, 0.004

0, 13, 26, 0, 74.7125, 9.53754, 0.230, 1.393, 0.004

1, 13, 27, 0, 74.7125, 9.53754, 0.360, 1.364, 0.004

0, 13, 26, 1, 74.7125, 9.53754, 0.230, 1.392, 0.004

1, 13, 27, 1, 74.7125, 9.53754, 0.350, 1.387, 0.004

0, 13, 26, 2, 74.7125, 9.53754, 0.230, 1.389, 0.004

1, 13, 27, 2, 74.7125, 9.53754, 0.370, 1.373, 0.004

0, 13, 26, 3, 74.7125, 9.53754, 0.230, 1.395, 0.004

1, 13, 27, 3, 74.7125, 9.53754, 0.350, 1.375, 0.004

0, 13, 26, 4, 74.7125, 9.53754, 0.220, 1.393, 0.004

1, 13, 27, 4, 74.7125, 9.53754, 0.360, 1.385, 0.004

0, 13, 26, 0, 74.7125, 9.78754, 0.230, 1.394, 0.004

1, 13, 27, 0, 74.7125, 9.78754, 0.360, 1.377, 0.004

0, 13, 26, 1, 74.7125, 9.78754, 0.230, 1.393, 0.004

1, 13, 27, 1, 74.7125, 9.78754, 0.380, 1.384, 0.004

0, 13, 26, 2, 74.7125, 9.78754, 0.230, 1.394, 0.004

1, 13, 27, 2, 74.7125, 9.78754, 0.370, 1.375, 0.004

0, 13, 26, 3, 74.7125, 9.78754, 0.230, 1.388, 0.004

1, 13, 27, 3, 74.7125, 9.78754, 0.370, 1.381, 0.004

0, 13, 26, 4, 74.7125, 9.78754, 0.230, 1.390, 0.004

1, 13, 27, 4, 74.7125, 9.78754, 0.360, 1.376, 0.004

0, 13, 26, 0, 74.7125, 10.0375, 0.230, 1.395, 0.004

1, 13, 27, 0, 74.7125, 10.0375, 0.350, 1.373, 0.004

0, 13, 26, 1, 74.7125, 10.0375, 0.230, 1.401, 0.004

1, 13, 27, 1, 74.7125, 10.0375, 0.360, 1.377, 0.004

0, 13, 26, 2, 74.7125, 10.0375, 0.230, 1.395, 0.004

1, 13, 27, 2, 74.7125, 10.0375, 0.370, 1.361, 0.004

0, 13, 26, 3, 74.7125, 10.0375, 0.230, 1.401, 0.004

1, 13, 27, 3, 74.7125, 10.0375, 0.350, 1.384, 0.004

0, 13, 26, 4, 74.7125, 10.0375, 0.230, 1.395, 0.004

1, 13, 27, 4, 74.7125, 10.0375, 0.370, 1.360, 0.004

0, 13, 26, 0, 74.7125, 10.2875, 0.230, 1.393, 0.004

1, 13, 27, 0, 74.7125, 10.2875, 0.370, 1.347, 0.004

0, 13, 26, 1, 74.7125, 10.2875, 0.230, 1.394, 0.004

1, 13, 27, 1, 74.7125, 10.2875, 0.370, 1.349, 0.004

0, 13, 26, 2, 74.7125, 10.2875, 0.230, 1.388, 0.004

1, 13, 27, 2, 74.7125, 10.2875, 0.370, 1.383, 0.004

0, 13, 26, 3, 74.7125, 10.2875, 0.230, 1.403, 0.004

1, 13, 27, 3, 74.7125, 10.2875, 0.370, 1.372, 0.004

0, 13, 26, 4, 74.7125, 10.2875, 0.230, 1.394, 0.004

1, 13, 27, 4, 74.7125, 10.2875, 0.360, 1.367, 0.004

0, 13, 26, 0, 74.7125, 10.5375, 0.230, 1.386, 0.004

1, 13, 27, 0, 74.7125, 10.5375, 0.360, 1.371, 0.004

0, 13, 26, 1, 74.7125, 10.5375, 0.230, 1.389, 0.004

1, 13, 27, 1, 74.7125, 10.5375, 0.370, 1.367, 0.004

0, 13, 26, 2, 74.7125, 10.5375, 0.230, 1.388, 0.004

1, 13, 27, 2, 74.7125, 10.5375, 0.370, 1.374, 0.004

0, 13, 26, 3, 74.7125, 10.5375, 0.230, 1.393, 0.004

1, 13, 27, 3, 74.7125, 10.5375, 0.360, 1.385, 0.004

0, 13, 26, 4, 74.7125, 10.5375, 0.230, 1.395, 0.004

1, 13, 27, 4, 74.7125, 10.5375, 0.360, 1.379, 0.004

0, 13, 26, 0, 74.7125, 10.7875, 0.230, 1.397, 0.004

1, 13, 27, 0, 74.7125, 10.7875, 0.370, 1.379, 0.004

0, 13, 26, 1, 74.7125, 10.7875, 0.220, 1.395, 0.004

1, 13, 27, 1, 74.7125, 10.7875, 0.360, 1.376, 0.004

0, 13, 26, 2, 74.7125, 10.7875, 0.230, 1.386, 0.004

1, 13, 27, 2, 74.7125, 10.7875, 0.370, 1.375, 0.004

0, 13, 26, 3, 74.7125, 10.7875, 0.230, 1.399, 0.004

1, 13, 27, 3, 74.7125, 10.7875, 0.360, 1.375, 0.004

0, 13, 26, 4, 74.7125, 10.7875, 0.230, 1.393, 0.004

1, 13, 27, 4, 74.7125, 10.7875, 0.370, 1.393, 0.004

0, 13, 26, 0, 74.7125, 11.0375, 0.230, 1.396, 0.004

1, 13, 27, 0, 74.7125, 11.0375, 0.370, 1.372, 0.004

0, 13, 26, 1, 74.7125, 11.0375, 0.230, 1.386, 0.004

1, 13, 27, 1, 74.7125, 11.0375, 0.360, 1.375, 0.004

0, 13, 26, 2, 74.7125, 11.0375, 0.220, 1.389, 0.004

1, 13, 27, 2, 74.7125, 11.0375, 0.360, 1.376, 0.004

0, 13, 26, 3, 74.7125, 11.0375, 0.230, 1.395, 0.004

1, 13, 27, 3, 74.7125, 11.0375, 0.360, 1.374, 0.004

0, 13, 26, 4, 74.7125, 11.0375, 0.230, 1.397, 0.004

1, 13, 27, 4, 74.7125, 11.0375, 0.370, 1.382, 0.004

0, 13, 26, 0, 74.7125, 11.2875, 0.230, 1.390, 0.004

1, 13, 27, 0, 74.7125, 11.2875, 0.360, 1.383, 0.004

0, 13, 26, 1, 74.7125, 11.2875, 0.230, 1.390, 0.004

1, 13, 27, 1, 74.7125, 11.2875, 0.370, 1.375, 0.004

0, 13, 26, 2, 74.7125, 11.2875, 0.230, 1.392, 0.004

1, 13, 27, 2, 74.7125, 11.2875, 0.360, 1.374, 0.004

0, 13, 26, 3, 74.7125, 11.2875, 0.230, 1.405, 0.004

1, 13, 27, 3, 74.7125, 11.2875, 0.350, 1.380, 0.004

0, 13, 26, 4, 74.7125, 11.2875, 0.230, 1.396, 0.004

1, 13, 27, 4, 74.7125, 11.2875, 0.360, 1.375, 0.004

0, 13, 26, 0, 74.7125, 11.5375, 0.230, 1.395, 0.004

1, 13, 27, 0, 74.7125, 11.5375, 0.360, 1.380, 0.004

0, 13, 26, 1, 74.7125, 11.5375, 0.220, 1.395, 0.004

1, 13, 27, 1, 74.7125, 11.5375, 0.370, 1.379, 0.004

0, 13, 26, 2, 74.7125, 11.5375, 0.230, 1.398, 0.004

1, 13, 27, 2, 74.7125, 11.5375, 0.360, 1.373, 0.004

0, 13, 26, 3, 74.7125, 11.5375, 0.230, 1.397, 0.004

1, 13, 27, 3, 74.7125, 11.5375, 0.370, 1.373, 0.004

0, 13, 26, 4, 74.7125, 11.5375, 0.230, 1.387, 0.004

1, 13, 27, 4, 74.7125, 11.5375, 0.360, 1.364, 0.004

0, 13, 26, 0, 74.7125, 11.7875, 0.230, 1.387, 0.004

1, 13, 27, 0, 74.7125, 11.7875, 0.360, 1.378, 0.004

0, 13, 26, 1, 74.7125, 11.7875, 0.230, 1.393, 0.004

1, 13, 27, 1, 74.7125, 11.7875, 0.350, 1.377, 0.004

0, 13, 26, 2, 74.7125, 11.7875, 0.230, 1.393, 0.004

1, 13, 27, 2, 74.7125, 11.7875, 0.360, 1.376, 0.004

0, 13, 26, 3, 74.7125, 11.7875, 0.230, 1.392, 0.004

1, 13, 27, 3, 74.7125, 11.7875, 0.360, 1.389, 0.004

0, 13, 26, 4, 74.7125, 11.7875, 0.220, 1.398, 0.004

1, 13, 27, 4, 74.7125, 11.7875, 0.360, 1.380, 0.004

0, 13, 26, 0, 74.7125, 12.0375, 0.230, 1.393, 0.004

1, 13, 27, 0, 74.7125, 12.0375, 0.380, 1.373, 0.004

0, 13, 26, 1, 74.7125, 12.0375, 0.230, 1.395, 0.004

1, 13, 27, 1, 74.7125, 12.0375, 0.370, 1.370, 0.004

0, 13, 26, 2, 74.7125, 12.0375, 0.230, 1.393, 0.004

1, 13, 27, 2, 74.7125, 12.0375, 0.370, 1.368, 0.004

0, 13, 26, 3, 74.7125, 12.0375, 0.220, 1.388, 0.004

1, 13, 27, 3, 74.7125, 12.0375, 0.360, 1.369, 0.004

0, 13, 26, 4, 74.7125, 12.0375, 0.230, 1.394, 0.004

1, 13, 27, 4, 74.7125, 12.0375, 0.360, 1.376, 0.004

0, 13, 26, 0, 74.7125, 12.2875, 0.230, 1.387, 0.004

1, 13, 27, 0, 74.7125, 12.2875, 0.360, 1.379, 0.004

0, 13, 26, 1, 74.7125, 12.2875, 0.230, 1.398, 0.004

1, 13, 27, 1, 74.7125, 12.2875, 0.370, 1.371, 0.004

0, 13, 26, 2, 74.7125, 12.2875, 0.230, 1.392, 0.004

1, 13, 27, 2, 74.7125, 12.2875, 0.350, 1.373, 0.004

0, 13, 26, 3, 74.7125, 12.2875, 0.230, 1.401, 0.004

1, 13, 27, 3, 74.7125, 12.2875, 0.370, 1.374, 0.004

0, 13, 26, 4, 74.7125, 12.2875, 0.230, 1.401, 0.004

1, 13, 27, 4, 74.7125, 12.2875, 0.360, 1.380, 0.004

0, 13, 26, 0, 74.7125, 12.5375, 0.230, 1.394, 0.004

1, 13, 27, 0, 74.7125, 12.5375, 0.350, 1.374, 0.004

0, 13, 26, 1, 74.7125, 12.5375, 0.230, 1.400, 0.004

1, 13, 27, 1, 74.7125, 12.5375, 0.350, 1.338, 0.004

0, 13, 26, 2, 74.7125, 12.5375, 0.230, 1.394, 0.004

1, 13, 27, 2, 74.7125, 12.5375, 0.360, 1.381, 0.004

0, 13, 26, 3, 74.7125, 12.5375, 0.230, 1.393, 0.004

1, 13, 27, 3, 74.7125, 12.5375, 0.360, 1.355, 0.004

0, 13, 26, 4, 74.7125, 12.5375, 0.230, 1.400, 0.004

1, 13, 27, 4, 74.7125, 12.5375, 0.360, 1.377, 0.004

0, 13, 26, 0, 74.7125, 12.7875, 0.230, 1.389, 0.004

1, 13, 27, 0, 74.7125, 12.7875, 0.360, 1.365, 0.004

0, 13, 26, 1, 74.7125, 12.7875, 0.230, 1.396, 0.004

1, 13, 27, 1, 74.7125, 12.7875, 0.360, 1.346, 0.004

0, 13, 26, 2, 74.7125, 12.7875, 0.230, 1.389, 0.004

1, 13, 27, 2, 74.7125, 12.7875, 0.370, 1.377, 0.004

0, 13, 26, 3, 74.7125, 12.7875, 0.230, 1.397, 0.004

1, 13, 27, 3, 74.7125, 12.7875, 0.370, 1.378, 0.004

0, 13, 26, 4, 74.7125, 12.7875, 0.230, 1.396, 0.004

1, 13, 27, 4, 74.7125, 12.7875, 0.380, 1.378, 0.004

0, 13, 26, 0, 74.7125, 13.0375, 0.230, 1.401, 0.004

1, 13, 27, 0, 74.7125, 13.0375, 0.370, 1.381, 0.004

0, 13, 26, 1, 74.7125, 13.0375, 0.230, 1.396, 0.004

1, 13, 27, 1, 74.7125, 13.0375, 0.370, 1.374, 0.004

0, 13, 26, 2, 74.7125, 13.0375, 0.230, 1.402, 0.004

1, 13, 27, 2, 74.7125, 13.0375, 0.370, 1.369, 0.004

0, 13, 26, 3, 74.7125, 13.0375, 0.230, 1.399, 0.004

1, 13, 27, 3, 74.7125, 13.0375, 0.370, 1.381, 0.004

0, 13, 26, 4, 74.7125, 13.0375, 0.230, 1.391, 0.004

1, 13, 27, 4, 74.7125, 13.0375, 0.360, 1.383, 0.004

0, 13, 26, 0, 74.7125, 13.2875, 0.230, 1.398, 0.004

1, 13, 27, 0, 74.7125, 13.2875, 0.380, 1.365, 0.004

0, 13, 26, 1, 74.7125, 13.2875, 0.230, 1.391, 0.004

1, 13, 27, 1, 74.7125, 13.2875, 0.360, 1.377, 0.004

0, 13, 26, 2, 74.7125, 13.2875, 0.230, 1.398, 0.004

1, 13, 27, 2, 74.7125, 13.2875, 0.370, 1.377, 0.004

0, 13, 26, 3, 74.7125, 13.2875, 0.230, 1.393, 0.004

1, 13, 27, 3, 74.7125, 13.2875, 0.360, 1.371, 0.004

0, 13, 26, 4, 74.7125, 13.2875, 0.230, 1.388, 0.004

1, 13, 27, 4, 74.7125, 13.2875, 0.370, 1.384, 0.004

0, 13, 26, 0, 74.7125, 13.5375, 0.230, 1.396, 0.004

1, 13, 27, 0, 74.7125, 13.5375, 0.360, 1.376, 0.004

0, 13, 26, 1, 74.7125, 13.5375, 0.230, 1.389, 0.004

1, 13, 27, 1, 74.7125, 13.5375, 0.380, 1.371, 0.004

0, 13, 26, 2, 74.7125, 13.5375, 0.230, 1.392, 0.004

1, 13, 27, 2, 74.7125, 13.5375, 0.360, 1.381, 0.004

0, 13, 26, 3, 74.7125, 13.5375, 0.230, 1.396, 0.004

1, 13, 27, 3, 74.7125, 13.5375, 0.370, 1.373, 0.004

0, 13, 26, 4, 74.7125, 13.5375, 0.230, 1.390, 0.004

1, 13, 27, 4, 74.7125, 13.5375, 0.360, 1.372, 0.004

0, 13, 26, 0, 74.7125, 13.7875, 0.230, 1.397, 0.004

1, 13, 27, 0, 74.7125, 13.7875, 0.360, 1.381, 0.004

0, 13, 26, 1, 74.7125, 13.7875, 0.230, 1.404, 0.004

1, 13, 27, 1, 74.7125, 13.7875, 0.380, 1.377, 0.004

0, 13, 26, 2, 74.7125, 13.7875, 0.230, 1.394, 0.004

1, 13, 27, 2, 74.7125, 13.7875, 0.370, 1.369, 0.004

0, 13, 26, 3, 74.7125, 13.7875, 0.230, 1.395, 0.004

1, 13, 27, 3, 74.7125, 13.7875, 0.360, 1.379, 0.004

0, 13, 26, 4, 74.7125, 13.7875, 0.230, 1.392, 0.004

1, 13, 27, 4, 74.7125, 13.7875, 0.370, 1.369, 0.004

0, 13, 26, 0, 74.7125, 14.0375, 0.230, 1.401, 0.004

1, 13, 27, 0, 74.7125, 14.0375, 0.360, 1.367, 0.004

0, 13, 26, 1, 74.7125, 14.0375, 0.230, 1.396, 0.004

1, 13, 27, 1, 74.7125, 14.0375, 0.370, 1.384, 0.004

0, 13, 26, 2, 74.7125, 14.0375, 0.230, 1.396, 0.004

1, 13, 27, 2, 74.7125, 14.0375, 0.370, 1.377, 0.004

0, 13, 26, 3, 74.7125, 14.0375, 0.230, 1.402, 0.004

1, 13, 27, 3, 74.7125, 14.0375, 0.350, 1.386, 0.004

0, 13, 26, 4, 74.7125, 14.0375, 0.230, 1.398, 0.004

1, 13, 27, 4, 74.7125, 14.0375, 0.350, 1.376, 0.004

0, 13, 26, 0, 74.7125, 14.2875, 0.230, 1.397, 0.004

1, 13, 27, 0, 74.7125, 14.2875, 0.370, 1.377, 0.004

0, 13, 26, 1, 74.7125, 14.2875, 0.230, 1.396, 0.004

1, 13, 27, 1, 74.7125, 14.2875, 0.360, 1.383, 0.004

0, 13, 26, 2, 74.7125, 14.2875, 0.230, 1.389, 0.004

1, 13, 27, 2, 74.7125, 14.2875, 0.370, 1.374, 0.004

0, 13, 26, 3, 74.7125, 14.2875, 0.230, 1.396, 0.004

1, 13, 27, 3, 74.7125, 14.2875, 0.360, 1.381, 0.004

0, 13, 26, 4, 74.7125, 14.2875, 0.230, 1.398, 0.004

1, 13, 27, 4, 74.7125, 14.2875, 0.360, 1.377, 0.004

0, 13, 26, 0, 74.7125, 14.5375, 0.230, 1.396, 0.004

1, 13, 27, 0, 74.7125, 14.5375, 0.360, 1.379, 0.004

0, 13, 26, 1, 74.7125, 14.5375, 0.230, 1.398, 0.004

1, 13, 27, 1, 74.7125, 14.5375, 0.360, 1.380, 0.004

0, 13, 26, 2, 74.7125, 14.5375, 0.230, 1.390, 0.004

1, 13, 27, 2, 74.7125, 14.5375, 0.370, 1.368, 0.004

0, 13, 26, 3, 74.7125, 14.5375, 0.230, 1.391, 0.004

1, 13, 27, 3, 74.7125, 14.5375, 0.370, 1.374, 0.004

0, 13, 26, 4, 74.7125, 14.5375, 0.230, 1.391, 0.004

1, 13, 27, 4, 74.7125, 14.5375, 0.370, 1.374, 0.004

0, 13, 26, 0, 74.7125, 14.7875, 0.220, 1.395, 0.004

1, 13, 27, 0, 74.7125, 14.7875, 0.370, 1.373, 0.004

0, 13, 26, 1, 74.7125, 14.7875, 0.230, 1.394, 0.004

1, 13, 27, 1, 74.7125, 14.7875, 0.360, 1.377, 0.004

0, 13, 26, 2, 74.7125, 14.7875, 0.220, 1.388, 0.004

1, 13, 27, 2, 74.7125, 14.7875, 0.360, 1.363, 0.004

0, 13, 26, 3, 74.7125, 14.7875, 0.230, 1.402, 0.004

1, 13, 27, 3, 74.7125, 14.7875, 0.360, 1.376, 0.004

0, 13, 26, 4, 74.7125, 14.7875, 0.230, 1.395, 0.004

1, 13, 27, 4, 74.7125, 14.7875, 0.370, 1.380, 0.004

0, 13, 26, 0, 74.7125, 15.0375, 0.230, 1.401, 0.004

1, 13, 27, 0, 74.7125, 15.0375, 0.360, 1.368, 0.004

0, 13, 26, 1, 74.7125, 15.0375, 0.230, 1.394, 0.004

1, 13, 27, 1, 74.7125, 15.0375, 0.360, 1.374, 0.004

0, 13, 26, 2, 74.7125, 15.0375, 0.230, 1.395, 0.004

1, 13, 27, 2, 74.7125, 15.0375, 0.340, 1.381, 0.004

0, 13, 26, 3, 74.7125, 15.0375, 0.230, 1.394, 0.004

1, 13, 27, 3, 74.7125, 15.0375, 0.350, 1.378, 0.004

0, 13, 26, 4, 74.7125, 15.0375, 0.230, 1.396, 0.004

1, 13, 27, 4, 74.7125, 15.0375, 0.360, 1.368, 0.004

0, 13, 26, 0, 74.7125, 15.2875, 0.230, 1.393, 0.004

1, 13, 27, 0, 74.7125, 15.2875, 0.360, 1.374, 0.004

0, 13, 26, 1, 74.7125, 15.2875, 0.230, 1.396, 0.004

1, 13, 27, 1, 74.7125, 15.2875, 0.380, 1.370, 0.004

0, 13, 26, 2, 74.7125, 15.2875, 0.230, 1.400, 0.004

1, 13, 27, 2, 74.7125, 15.2875, 0.360, 1.368, 0.004

0, 13, 26, 3, 74.7125, 15.2875, 0.230, 1.399, 0.004

1, 13, 27, 3, 74.7125, 15.2875, 0.350, 1.352, 0.004

0, 13, 26, 4, 74.7125, 15.2875, 0.230, 1.399, 0.004

1, 13, 27, 4, 74.7125, 15.2875, 0.340, 1.389, 0.004

0, 13, 26, 0, 74.7125, 15.5375, 0.230, 1.398, 0.004

1, 13, 27, 0, 74.7125, 15.5375, 0.350, 1.378, 0.004

0, 13, 26, 1, 74.7125, 15.5375, 0.230, 1.399, 0.004

1, 13, 27, 1, 74.7125, 15.5375, 0.380, 1.381, 0.004

0, 13, 26, 2, 74.7125, 15.5375, 0.230, 1.392, 0.004

1, 13, 27, 2, 74.7125, 15.5375, 0.350, 1.376, 0.004

0, 13, 26, 3, 74.7125, 15.5375, 0.230, 1.396, 0.004

1, 13, 27, 3, 74.7125, 15.5375, 0.360, 1.376, 0.004

0, 13, 26, 4, 74.7125, 15.5375, 0.230, 1.391, 0.004

1, 13, 27, 4, 74.7125, 15.5375, 0.360, 1.373, 0.004

0, 13, 26, 0, 74.7125, 15.7875, 0.230, 1.397, 0.004

1, 13, 27, 0, 74.7125, 15.7875, 0.380, 1.348, 0.004

0, 13, 26, 1, 74.7125, 15.7875, 0.230, 1.394, 0.004

1, 13, 27, 1, 74.7125, 15.7875, 0.370, 1.360, 0.004

0, 13, 26, 2, 74.7125, 15.7875, 0.230, 1.391, 0.004

1, 13, 27, 2, 74.7125, 15.7875, 0.380, 1.375, 0.004

0, 13, 26, 3, 74.7125, 15.7875, 0.230, 1.387, 0.004

1, 13, 27, 3, 74.7125, 15.7875, 0.360, 1.368, 0.004

0, 13, 26, 4, 74.7125, 15.7875, 0.230, 1.401, 0.004

1, 13, 27, 4, 74.7125, 15.7875, 0.360, 1.341, 0.004

0, 13, 26, 0, 74.7125, 16.0375, 0.230, 1.395, 0.004

1, 13, 27, 0, 74.7125, 16.0375, 0.350, 1.379, 0.004

0, 13, 26, 1, 74.7125, 16.0375, 0.230, 1.400, 0.004

1, 13, 27, 1, 74.7125, 16.0375, 0.360, 1.371, 0.004

0, 13, 26, 2, 74.7125, 16.0375, 0.230, 1.394, 0.004

1, 13, 27, 2, 74.7125, 16.0375, 0.380, 1.374, 0.004

0, 13, 26, 3, 74.7125, 16.0375, 0.220, 1.399, 0.004

1, 13, 27, 3, 74.7125, 16.0375, 0.370, 1.364, 0.004

0, 13, 26, 4, 74.7125, 16.0375, 0.230, 1.390, 0.004

1, 13, 27, 4, 74.7125, 16.0375, 0.350, 1.360, 0.004

0, 13, 26, 0, 74.7125, 16.2875, 0.230, 1.401, 0.004

1, 13, 27, 0, 74.7125, 16.2875, 0.360, 1.373, 0.004

0, 13, 26, 1, 74.7125, 16.2875, 0.230, 1.400, 0.004

1, 13, 27, 1, 74.7125, 16.2875, 0.360, 1.375, 0.004

0, 13, 26, 2, 74.7125, 16.2875, 0.230, 1.393, 0.004

1, 13, 27, 2, 74.7125, 16.2875, 0.360, 1.386, 0.004

0, 13, 26, 3, 74.7125, 16.2875, 0.230, 1.400, 0.004

1, 13, 27, 3, 74.7125, 16.2875, 0.370, 1.374, 0.004

0, 13, 26, 4, 74.7125, 16.2875, 0.220, 1.392, 0.004

1, 13, 27, 4, 74.7125, 16.2875, 0.370, 1.387, 0.004

0, 13, 26, 0, 74.7125, 16.5375, 0.230, 1.389, 0.004

1, 13, 27, 0, 74.7125, 16.5375, 0.370, 1.387, 0.004

0, 13, 26, 1, 74.7125, 16.5375, 0.230, 1.399, 0.004

1, 13, 27, 1, 74.7125, 16.5375, 0.370, 1.375, 0.004

0, 13, 26, 2, 74.7125, 16.5375, 0.220, 1.399, 0.004

1, 13, 27, 2, 74.7125, 16.5375, 0.370, 1.376, 0.004

0, 13, 26, 3, 74.7125, 16.5375, 0.230, 1.396, 0.004

1, 13, 27, 3, 74.7125, 16.5375, 0.360, 1.368, 0.004

0, 13, 26, 4, 74.7125, 16.5375, 0.230, 1.396, 0.004

1, 13, 27, 4, 74.7125, 16.5375, 0.350, 1.361, 0.004

0, 13, 26, 0, 74.7125, 16.7875, 0.230, 1.398, 0.004

1, 13, 27, 0, 74.7125, 16.7875, 0.370, 1.378, 0.004

0, 13, 26, 1, 74.7125, 16.7875, 0.230, 1.395, 0.004

1, 13, 27, 1, 74.7125, 16.7875, 0.360, 1.377, 0.004

0, 13, 26, 2, 74.7125, 16.7875, 0.230, 1.393, 0.004

1, 13, 27, 2, 74.7125, 16.7875, 0.350, 1.372, 0.004

0, 13, 26, 3, 74.7125, 16.7875, 0.230, 1.395, 0.004

1, 13, 27, 3, 74.7125, 16.7875, 0.360, 1.381, 0.004

0, 13, 26, 4, 74.7125, 16.7875, 0.230, 1.408, 0.004

1, 13, 27, 4, 74.7125, 16.7875, 0.350, 1.365, 0.004

0, 13, 26, 0, 74.7125, 17.0375, 0.230, 1.392, 0.004

1, 13, 27, 0, 74.7125, 17.0375, 0.360, 1.368, 0.004

0, 13, 26, 1, 74.7125, 17.0375, 0.230, 1.395, 0.004

1, 13, 27, 1, 74.7125, 17.0375, 0.360, 1.374, 0.004

0, 13, 26, 2, 74.7125, 17.0375, 0.230, 1.391, 0.004

1, 13, 27, 2, 74.7125, 17.0375, 0.360, 1.368, 0.004

0, 13, 26, 3, 74.7125, 17.0375, 0.220, 1.397, 0.004

1, 13, 27, 3, 74.7125, 17.0375, 0.360, 1.369, 0.004

0, 13, 26, 4, 74.7125, 17.0375, 0.230, 1.393, 0.004

1, 13, 27, 4, 74.7125, 17.0375, 0.380, 1.365, 0.004

0, 13, 26, 0, 74.7125, 17.2875, 0.230, 1.396, 0.004

1, 13, 27, 0, 74.7125, 17.2875, 0.360, 1.383, 0.004

0, 13, 26, 1, 74.7125, 17.2875, 0.230, 1.391, 0.004

1, 13, 27, 1, 74.7125, 17.2875, 0.360, 1.365, 0.004

0, 13, 26, 2, 74.7125, 17.2875, 0.230, 1.396, 0.004

1, 13, 27, 2, 74.7125, 17.2875, 0.360, 1.371, 0.004

0, 13, 26, 3, 74.7125, 17.2875, 0.230, 1.396, 0.004

1, 13, 27, 3, 74.7125, 17.2875, 0.360, 1.339, 0.004

0, 13, 26, 4, 74.7125, 17.2875, 0.230, 1.398, 0.004

1, 13, 27, 4, 74.7125, 17.2875, 0.350, 1.378, 0.004

0, 13, 26, 0, 74.7125, 17.5375, 0.230, 1.394, 0.004

1, 13, 27, 0, 74.7125, 17.5375, 0.360, 1.371, 0.004

0, 13, 26, 1, 74.7125, 17.5375, 0.230, 1.393, 0.004

1, 13, 27, 1, 74.7125, 17.5375, 0.340, 1.371, 0.004

0, 13, 26, 2, 74.7125, 17.5375, 0.230, 1.401, 0.004

1, 13, 27, 2, 74.7125, 17.5375, 0.360, 1.364, 0.004

0, 13, 26, 3, 74.7125, 17.5375, 0.230, 1.387, 0.004

1, 13, 27, 3, 74.7125, 17.5375, 0.350, 1.377, 0.004

0, 13, 26, 4, 74.7125, 17.5375, 0.230, 1.390, 0.004

1, 13, 27, 4, 74.7125, 17.5375, 0.360, 1.370, 0.004

0, 13, 26, 0, 74.7125, 17.7875, 0.230, 1.395, 0.004

1, 13, 27, 0, 74.7125, 17.7875, 0.360, 1.380, 0.004

0, 13, 26, 1, 74.7125, 17.7875, 0.230, 1.397, 0.004

1, 13, 27, 1, 74.7125, 17.7875, 0.360, 1.370, 0.004

0, 13, 26, 2, 74.7125, 17.7875, 0.230, 1.395, 0.004

1, 13, 27, 2, 74.7125, 17.7875, 0.360, 1.394, 0.004

0, 13, 26, 3, 74.7125, 17.7875, 0.230, 1.398, 0.004

1, 13, 27, 3, 74.7125, 17.7875, 0.360, 1.374, 0.004

0, 13, 26, 4, 74.7125, 17.7875, 0.230, 1.393, 0.004

1, 13, 27, 4, 74.7125, 17.7875, 0.350, 1.374, 0.004

0, 13, 26, 0, 74.7125, 18.0375, 0.230, 1.396, 0.004

1, 13, 27, 0, 74.7125, 18.0375, 0.350, 1.380, 0.004

0, 13, 26, 1, 74.7125, 18.0375, 0.230, 1.394, 0.004

1, 13, 27, 1, 74.7125, 18.0375, 0.360, 1.375, 0.004

0, 13, 26, 2, 74.7125, 18.0375, 0.230, 1.388, 0.004

1, 13, 27, 2, 74.7125, 18.0375, 0.360, 1.372, 0.004

0, 13, 26, 3, 74.7125, 18.0375, 0.230, 1.388, 0.004

1, 13, 27, 3, 74.7125, 18.0375, 0.350, 1.380, 0.004

0, 13, 26, 4, 74.7125, 18.0375, 0.230, 1.393, 0.004

1, 13, 27, 4, 74.7125, 18.0375, 0.360, 1.367, 0.004

0, 13, 26, 0, 74.7125, 18.2875, 0.230, 1.397, 0.004

1, 13, 27, 0, 74.7125, 18.2875, 0.350, 1.381, 0.004

0, 13, 26, 1, 74.7125, 18.2875, 0.230, 1.396, 0.004

1, 13, 27, 1, 74.7125, 18.2875, 0.360, 1.366, 0.004

0, 13, 26, 2, 74.7125, 18.2875, 0.230, 1.393, 0.004

1, 13, 27, 2, 74.7125, 18.2875, 0.360, 1.373, 0.004

0, 13, 26, 3, 74.7125, 18.2875, 0.230, 1.400, 0.004

1, 13, 27, 3, 74.7125, 18.2875, 0.350, 1.378, 0.004

0, 13, 26, 4, 74.7125, 18.2875, 0.230, 1.390, 0.004

1, 13, 27, 4, 74.7125, 18.2875, 0.340, 1.375, 0.004

0, 13, 26, 0, 74.7125, 18.5375, 0.230, 1.395, 0.004

1, 13, 27, 0, 74.7125, 18.5375, 0.360, 1.380, 0.004

0, 13, 26, 1, 74.7125, 18.5375, 0.230, 1.397, 0.004

1, 13, 27, 1, 74.7125, 18.5375, 0.360, 1.379, 0.004

0, 13, 26, 2, 74.7125, 18.5375, 0.230, 1.388, 0.004

1, 13, 27, 2, 74.7125, 18.5375, 0.360, 1.376, 0.004

0, 13, 26, 3, 74.7125, 18.5375, 0.230, 1.395, 0.004

1, 13, 27, 3, 74.7125, 18.5375, 0.350, 1.366, 0.004

0, 13, 26, 4, 74.7125, 18.5375, 0.230, 1.393, 0.004

1, 13, 27, 4, 74.7125, 18.5375, 0.350, 1.384, 0.004

0, 13, 26, 0, 74.7125, 18.7875, 0.230, 1.393, 0.004

1, 13, 27, 0, 74.7125, 18.7875, 0.350, 1.378, 0.004

0, 13, 26, 1, 74.7125, 18.7875, 0.230, 1.392, 0.004

1, 13, 27, 1, 74.7125, 18.7875, 0.350, 1.380, 0.004

0, 13, 26, 2, 74.7125, 18.7875, 0.230, 1.393, 0.004

1, 13, 27, 2, 74.7125, 18.7875, 0.360, 1.367, 0.004

0, 13, 26, 3, 74.7125, 18.7875, 0.230, 1.399, 0.004

1, 13, 27, 3, 74.7125, 18.7875, 0.350, 1.378, 0.004

0, 13, 26, 4, 74.7125, 18.7875, 0.230, 1.401, 0.004

1, 13, 27, 4, 74.7125, 18.7875, 0.350, 1.376, 0.004

0, 13, 26, 0, 74.7125, 19.0375, 0.230, 1.390, 0.004

1, 13, 27, 0, 74.7125, 19.0375, 0.350, 1.378, 0.004

0, 13, 26, 1, 74.7125, 19.0375, 0.230, 1.398, 0.004

1, 13, 27, 1, 74.7125, 19.0375, 0.360, 1.379, 0.004

0, 13, 26, 2, 74.7125, 19.0375, 0.220, 1.389, 0.004

1, 13, 27, 2, 74.7125, 19.0375, 0.360, 1.383, 0.004

0, 13, 26, 3, 74.7125, 19.0375, 0.230, 1.398, 0.004

1, 13, 27, 3, 74.7125, 19.0375, 0.360, 1.371, 0.004

0, 13, 26, 4, 74.7125, 19.0375, 0.230, 1.401, 0.004

1, 13, 27, 4, 74.7125, 19.0375, 0.350, 1.376, 0.004

0, 13, 26, 0, 74.7125, 19.2875, 0.230, 1.391, 0.004

1, 13, 27, 0, 74.7125, 19.2875, 0.340, 1.378, 0.004

0, 13, 26, 1, 74.7125, 19.2875, 0.230, 1.396, 0.004

1, 13, 27, 1, 74.7125, 19.2875, 0.360, 1.376, 0.004

0, 13, 26, 2, 74.7125, 19.2875, 0.230, 1.390, 0.004

1, 13, 27, 2, 74.7125, 19.2875, 0.350, 1.392, 0.004

0, 13, 26, 3, 74.7125, 19.2875, 0.230, 1.402, 0.004

1, 13, 27, 3, 74.7125, 19.2875, 0.350, 1.374, 0.004

0, 13, 26, 4, 74.7125, 19.2875, 0.230, 1.398, 0.004

1, 13, 27, 4, 74.7125, 19.2875, 0.350, 1.390, 0.004

0, 13, 26, 0, 74.7125, 19.5375, 0.230, 1.399, 0.004

1, 13, 27, 0, 74.7125, 19.5375, 0.350, 1.377, 0.004

0, 13, 26, 1, 74.7125, 19.5375, 0.230, 1.399, 0.004

1, 13, 27, 1, 74.7125, 19.5375, 0.360, 1.381, 0.004

0, 13, 26, 2, 74.7125, 19.5375, 0.230, 1.395, 0.004

1, 13, 27, 2, 74.7125, 19.5375, 0.360, 1.373, 0.004

0, 13, 26, 3, 74.7125, 19.5375, 0.230, 1.399, 0.004

1, 13, 27, 3, 74.7125, 19.5375, 0.360, 1.376, 0.004

0, 13, 26, 4, 74.7125, 19.5375, 0.230, 1.390, 0.004

1, 13, 27, 4, 74.7125, 19.5375, 0.360, 1.372, 0.004

0, 13, 26, 0, 74.7125, 19.7875, 0.230, 1.391, 0.004

1, 13, 27, 0, 74.7125, 19.7875, 0.350, 1.375, 0.004

0, 13, 26, 1, 74.7125, 19.7875, 0.230, 1.398, 0.004

1, 13, 27, 1, 74.7125, 19.7875, 0.350, 1.371, 0.004

0, 13, 26, 2, 74.7125, 19.7875, 0.230, 1.395, 0.004

1, 13, 27, 2, 74.7125, 19.7875, 0.350, 1.373, 0.004

0, 13, 26, 3, 74.7125, 19.7875, 0.230, 1.399, 0.004

1, 13, 27, 3, 74.7125, 19.7875, 0.360, 1.376, 0.004

0, 13, 26, 4, 74.7125, 19.7875, 0.230, 1.395, 0.004

1, 13, 27, 4, 74.7125, 19.7875, 0.340, 1.382, 0.004

0, 13, 26, 0, 74.7125, 20.0375, 0.230, 1.390, 0.004

1, 13, 27, 0, 74.7125, 20.0375, 0.350, 1.379, 0.004

0, 13, 26, 1, 74.7125, 20.0375, 0.230, 1.399, 0.004

1, 13, 27, 1, 74.7125, 20.0375, 0.350, 1.380, 0.004

0, 13, 26, 2, 74.7125, 20.0375, 0.230, 1.388, 0.004

1, 13, 27, 2, 74.7125, 20.0375, 0.360, 1.374, 0.004

0, 13, 26, 3, 74.7125, 20.0375, 0.230, 1.390, 0.004

1, 13, 27, 3, 74.7125, 20.0375, 0.350, 1.370, 0.004

0, 13, 26, 4, 74.7125, 20.0375, 0.230, 1.396, 0.004

1, 13, 27, 4, 74.7125, 20.0375, 0.350, 1.373, 0.004

0, 13, 26, 0, 74.7125, 20.2875, 0.230, 1.398, 0.004

1, 13, 27, 0, 74.7125, 20.2875, 0.370, 1.373, 0.004

0, 13, 26, 1, 74.7125, 20.2875, 0.230, 1.396, 0.004

1, 13, 27, 1, 74.7125, 20.2875, 0.360, 1.380, 0.004

0, 13, 26, 2, 74.7125, 20.2875, 0.230, 1.400, 0.004

1, 13, 27, 2, 74.7125, 20.2875, 0.350, 1.372, 0.004

0, 13, 26, 3, 74.7125, 20.2875, 0.230, 1.398, 0.004

1, 13, 27, 3, 74.7125, 20.2875, 0.350, 1.380, 0.004

0, 13, 26, 4, 74.7125, 20.2875, 0.230, 1.393, 0.004

1, 13, 27, 4, 74.7125, 20.2875, 0.360, 1.366, 0.004

0, 13, 26, 0, 74.7125, 20.5375, 0.230, 1.393, 0.004

1, 13, 27, 0, 74.7125, 20.5375, 0.350, 1.325, 0.004

0, 13, 26, 1, 74.7125, 20.5375, 0.230, 1.394, 0.004

1, 13, 27, 1, 74.7125, 20.5375, 0.350, 1.376, 0.004

0, 13, 26, 2, 74.7125, 20.5375, 0.230, 1.399, 0.004

1, 13, 27, 2, 74.7125, 20.5375, 0.350, 1.379, 0.004

0, 13, 26, 3, 74.7125, 20.5375, 0.230, 1.398, 0.004

1, 13, 27, 3, 74.7125, 20.5375, 0.350, 1.378, 0.004

0, 13, 26, 4, 74.7125, 20.5375, 0.230, 1.394, 0.004

1, 13, 27, 4, 74.7125, 20.5375, 0.360, 1.377, 0.004

0, 13, 26, 0, 74.7125, 20.7875, 0.230, 1.397, 0.004

1, 13, 27, 0, 74.7125, 20.7875, 0.370, 1.379, 0.004

0, 13, 26, 1, 74.7125, 20.7875, 0.230, 1.396, 0.004

1, 13, 27, 1, 74.7125, 20.7875, 0.370, 1.386, 0.004

0, 13, 26, 2, 74.7125, 20.7875, 0.230, 1.388, 0.004

1, 13, 27, 2, 74.7125, 20.7875, 0.350, 1.366, 0.004

0, 13, 26, 3, 74.7125, 20.7875, 0.230, 1.390, 0.004

1, 13, 27, 3, 74.7125, 20.7875, 0.360, 1.379, 0.004

0, 13, 26, 4, 74.7125, 20.7875, 0.230, 1.390, 0.004

1, 13, 27, 4, 74.7125, 20.7875, 0.360, 1.374, 0.004

0, 13, 26, 0, 74.7125, 21.0375, 0.230, 1.396, 0.004

1, 13, 27, 0, 74.7125, 21.0375, 0.360, 1.355, 0.004

0, 13, 26, 1, 74.7125, 21.0375, 0.230, 1.387, 0.004

1, 13, 27, 1, 74.7125, 21.0375, 0.360, 1.378, 0.004

0, 13, 26, 2, 74.7125, 21.0375, 0.230, 1.398, 0.004

1, 13, 27, 2, 74.7125, 21.0375, 0.350, 1.374, 0.004

0, 13, 26, 3, 74.7125, 21.0375, 0.230, 1.395, 0.004

1, 13, 27, 3, 74.7125, 21.0375, 0.370, 1.377, 0.004

0, 13, 26, 4, 74.7125, 21.0375, 0.230, 1.391, 0.004

1, 13, 27, 4, 74.7125, 21.0375, 0.370, 1.376, 0.004

0, 13, 26, 0, 74.7125, 21.2875, 0.230, 1.394, 0.004

1, 13, 27, 0, 74.7125, 21.2875, 0.360, 1.378, 0.004

0, 13, 26, 1, 74.7125, 21.2875, 0.230, 1.393, 0.004

1, 13, 27, 1, 74.7125, 21.2875, 0.350, 1.378, 0.004

0, 13, 26, 2, 74.7125, 21.2875, 0.230, 1.389, 0.004

1, 13, 27, 2, 74.7125, 21.2875, 0.360, 1.362, 0.004

0, 13, 26, 3, 74.7125, 21.2875, 0.240, 1.390, 0.004

1, 13, 27, 3, 74.7125, 21.2875, 0.360, 1.351, 0.004

0, 13, 26, 4, 74.7125, 21.2875, 0.230, 1.401, 0.004

1, 13, 27, 4, 74.7125, 21.2875, 0.360, 1.384, 0.004

0, 13, 26, 0, 74.7125, 21.5375, 0.230, 1.399, 0.004

1, 13, 27, 0, 74.7125, 21.5375, 0.350, 1.376, 0.004

0, 13, 26, 1, 74.7125, 21.5375, 0.230, 1.389, 0.004

1, 13, 27, 1, 74.7125, 21.5375, 0.350, 1.376, 0.004

0, 13, 26, 2, 74.7125, 21.5375, 0.230, 1.391, 0.004

1, 13, 27, 2, 74.7125, 21.5375, 0.350, 1.380, 0.004

0, 13, 26, 3, 74.7125, 21.5375, 0.230, 1.400, 0.004

1, 13, 27, 3, 74.7125, 21.5375, 0.360, 1.372, 0.004

0, 13, 26, 4, 74.7125, 21.5375, 0.230, 1.379, 0.004

1, 13, 27, 4, 74.7125, 21.5375, 0.340, 1.382, 0.004

0, 13, 26, 0, 74.7125, 21.7875, 0.230, 1.397, 0.004

1, 13, 27, 0, 74.7125, 21.7875, 0.340, 1.377, 0.004

0, 13, 26, 1, 74.7125, 21.7875, 0.230, 1.393, 0.004

1, 13, 27, 1, 74.7125, 21.7875, 0.340, 1.374, 0.004

0, 13, 26, 2, 74.7125, 21.7875, 0.230, 1.392, 0.004

1, 13, 27, 2, 74.7125, 21.7875, 0.350, 1.367, 0.004

0, 13, 26, 3, 74.7125, 21.7875, 0.230, 1.390, 0.004

1, 13, 27, 3, 74.7125, 21.7875, 0.360, 1.377, 0.004

0, 13, 26, 4, 74.7125, 21.7875, 0.230, 1.396, 0.004

1, 13, 27, 4, 74.7125, 21.7875, 0.350, 1.398, 0.004

0, 13, 26, 0, 74.7125, 22.0375, 0.230, 1.394, 0.004

1, 13, 27, 0, 74.7125, 22.0375, 0.350, 1.370, 0.004

0, 13, 26, 1, 74.7125, 22.0375, 0.230, 1.400, 0.004

1, 13, 27, 1, 74.7125, 22.0375, 0.350, 1.368, 0.004

0, 13, 26, 2, 74.7125, 22.0375, 0.230, 1.394, 0.004

1, 13, 27, 2, 74.7125, 22.0375, 0.350, 1.378, 0.004

0, 13, 26, 3, 74.7125, 22.0375, 0.230, 1.393, 0.004

1, 13, 27, 3, 74.7125, 22.0375, 0.350, 1.395, 0.004

0, 13, 26, 4, 74.7125, 22.0375, 0.230, 1.399, 0.004

1, 13, 27, 4, 74.7125, 22.0375, 0.340, 1.374, 0.004

0, 13, 26, 0, 74.7125, 22.2875, 0.230, 1.400, 0.004

1, 13, 27, 0, 74.7125, 22.2875, 0.330, 1.347, 0.004

0, 13, 26, 1, 74.7125, 22.2875, 0.230, 1.392, 0.004

1, 13, 27, 1, 74.7125, 22.2875, 0.320, 1.384, 0.004

0, 13, 26, 2, 74.7125, 22.2875, 0.230, 1.388, 0.004

1, 13, 27, 2, 74.7125, 22.2875, 0.330, 1.396, 0.004

0, 13, 26, 3, 74.7125, 22.2875, 0.230, 1.394, 0.004

1, 13, 27, 3, 74.7125, 22.2875, 0.310, 1.373, 0.004

0, 13, 26, 4, 74.7125, 22.2875, 0.230, 1.394, 0.004

1, 13, 27, 4, 74.7125, 22.2875, 0.330, 1.382, 0.004

0, 13, 26, 0, 74.7125, 22.5375, 0.230, 1.396, 0.004

1, 13, 27, 0, 74.7125, 22.5375, 0.300, 1.371, 0.004

0, 13, 26, 1, 74.7125, 22.5375, 0.230, 1.400, 0.004

1, 13, 27, 1, 74.7125, 22.5375, 0.310, 1.383, 0.004

0, 13, 26, 2, 74.7125, 22.5375, 0.230, 1.402, 0.004

1, 13, 27, 2, 74.7125, 22.5375, 0.320, 1.374, 0.004

0, 13, 26, 3, 74.7125, 22.5375, 0.230, 1.388, 0.004

1, 13, 27, 3, 74.7125, 22.5375, 0.310, 1.371, 0.004

0, 13, 26, 4, 74.7125, 22.5375, 0.230, 1.391, 0.004

1, 13, 27, 4, 74.7125, 22.5375, 0.320, 1.380, 0.004

0, 13, 26, 0, 74.7125, 22.7875, 0.230, 1.390, 0.004

1, 13, 27, 0, 74.7125, 22.7875, 0.290, 1.385, 0.004

0, 13, 26, 1, 74.7125, 22.7875, 0.230, 1.401, 0.004

1, 13, 27, 1, 74.7125, 22.7875, 0.290, 1.377, 0.004

0, 13, 26, 2, 74.7125, 22.7875, 0.230, 1.395, 0.004

1, 13, 27, 2, 74.7125, 22.7875, 0.290, 1.373, 0.004

0, 13, 26, 3, 74.7125, 22.7875, 0.230, 1.390, 0.004

1, 13, 27, 3, 74.7125, 22.7875, 0.290, 1.365, 0.004

0, 13, 26, 4, 74.7125, 22.7875, 0.230, 1.395, 0.004

1, 13, 27, 4, 74.7125, 22.7875, 0.280, 1.382, 0.004

0, 13, 26, 0, 74.7125, 23.0375, 0.240, 1.394, 0.004

1, 13, 27, 0, 74.7125, 23.0375, 0.270, 1.380, 0.004

0, 13, 26, 1, 74.7125, 23.0375, 0.230, 1.389, 0.004

1, 13, 27, 1, 74.7125, 23.0375, 0.260, 1.377, 0.004

0, 13, 26, 2, 74.7125, 23.0375, 0.230, 1.393, 0.004

1, 13, 27, 2, 74.7125, 23.0375, 0.270, 1.354, 0.004

0, 13, 26, 3, 74.7125, 23.0375, 0.230, 1.396, 0.004

1, 13, 27, 3, 74.7125, 23.0375, 0.270, 1.372, 0.004

0, 13, 26, 4, 74.7125, 23.0375, 0.230, 1.402, 0.004

1, 13, 27, 4, 74.7125, 23.0375, 0.260, 1.378, 0.004

0, 13, 26, 0, 74.7125, 23.2875, 0.240, 1.392, 0.004

1, 13, 27, 0, 74.7125, 23.2875, 0.230, 1.380, 0.004

0, 13, 26, 1, 74.7125, 23.2875, 0.230, 1.400, 0.004

1, 13, 27, 1, 74.7125, 23.2875, 0.230, 1.382, 0.004

0, 13, 26, 2, 74.7125, 23.2875, 0.230, 1.389, 0.004

1, 13, 27, 2, 74.7125, 23.2875, 0.230, 1.373, 0.004

0, 13, 26, 3, 74.7125, 23.2875, 0.230, 1.395, 0.004

1, 13, 27, 3, 74.7125, 23.2875, 0.240, 1.373, 0.004

0, 13, 26, 4, 74.7125, 23.2875, 0.240, 1.395, 0.004

1, 13, 27, 4, 74.7125, 23.2875, 0.230, 1.369, 0.004

0, 13, 26, 0, 74.7125, 23.5375, 0.230, 1.396, 0.004

1, 13, 27, 0, 74.7125, 23.5375, 0.210, 1.379, 0.004

0, 13, 26, 1, 74.7125, 23.5375, 0.230, 1.389, 0.004

1, 13, 27, 1, 74.7125, 23.5375, 0.210, 1.376, 0.004

0, 13, 26, 2, 74.7125, 23.5375, 0.230, 1.394, 0.004

1, 13, 27, 2, 74.7125, 23.5375, 0.210, 1.371, 0.004

0, 13, 26, 3, 74.7125, 23.5375, 0.230, 1.386, 0.004

1, 13, 27, 3, 74.7125, 23.5375, 0.210, 1.372, 0.004

0, 13, 26, 4, 74.7125, 23.5375, 0.230, 1.394, 0.004

1, 13, 27, 4, 74.7125, 23.5375, 0.210, 1.374, 0.004

0, 13, 26, 0, 74.7125, 23.7875, 0.230, 1.395, 0.004

1, 13, 27, 0, 74.7125, 23.7875, 0.200, 1.376, 0.004

0, 13, 26, 1, 74.7125, 23.7875, 0.230, 1.401, 0.004

1, 13, 27, 1, 74.7125, 23.7875, 0.200, 1.369, 0.004

0, 13, 26, 2, 74.7125, 23.7875, 0.230, 1.396, 0.004

1, 13, 27, 2, 74.7125, 23.7875, 0.190, 1.383, 0.004

0, 13, 26, 3, 74.7125, 23.7875, 0.240, 1.392, 0.004

1, 13, 27, 3, 74.7125, 23.7875, 0.190, 1.371, 0.004

0, 13, 26, 4, 74.7125, 23.7875, 0.230, 1.399, 0.004

1, 13, 27, 4, 74.7125, 23.7875, 0.200, 1.380, 0.004

0, 13, 26, 0, 74.7125, 24.0375, 0.230, 1.395, 0.004

1, 13, 27, 0, 74.7125, 24.0375, 0.200, 1.378, 0.004

0, 13, 26, 1, 74.7125, 24.0375, 0.240, 1.394, 0.004

1, 13, 27, 1, 74.7125, 24.0375, 0.200, 1.371, 0.004

0, 13, 26, 2, 74.7125, 24.0375, 0.240, 1.401, 0.004

1, 13, 27, 2, 74.7125, 24.0375, 0.190, 1.383, 0.004

0, 13, 26, 3, 74.7125, 24.0375, 0.240, 1.401, 0.004

1, 13, 27, 3, 74.7125, 24.0375, 0.200, 1.375, 0.004

0, 13, 26, 4, 74.7125, 24.0375, 0.240, 1.399, 0.004

1, 13, 27, 4, 74.7125, 24.0375, 0.190, 1.378, 0.004

0, 13, 26, 0, 74.7125, 24.2875, 0.240, 1.396, 0.004

1, 13, 27, 0, 74.7125, 24.2875, 0.190, 1.380, 0.004

0, 13, 26, 1, 74.7125, 24.2875, 0.250, 1.400, 0.004

1, 13, 27, 1, 74.7125, 24.2875, 0.190, 1.373, 0.004

0, 13, 26, 2, 74.7125, 24.2875, 0.240, 1.402, 0.004

1, 13, 27, 2, 74.7125, 24.2875, 0.190, 1.374, 0.004

0, 13, 26, 3, 74.7125, 24.2875, 0.250, 1.392, 0.004

1, 13, 27, 3, 74.7125, 24.2875, 0.190, 1.374, 0.004

0, 13, 26, 4, 74.7125, 24.2875, 0.240, 1.393, 0.004

1, 13, 27, 4, 74.7125, 24.2875, 0.180, 1.377, 0.004

0, 13, 26, 0, 74.7125, 24.5375, 0.260, 1.391, 0.004

1, 13, 27, 0, 74.7125, 24.5375, 0.190, 1.377, 0.004

0, 13, 26, 1, 74.7125, 24.5375, 0.250, 1.387, 0.004

1, 13, 27, 1, 74.7125, 24.5375, 0.190, 1.372, 0.004

0, 13, 26, 2, 74.7125, 24.5375, 0.260, 1.387, 0.004

1, 13, 27, 2, 74.7125, 24.5375, 0.190, 1.373, 0.004

0, 13, 26, 3, 74.7125, 24.5375, 0.260, 1.394, 0.004

1, 13, 27, 3, 74.7125, 24.5375, 0.190, 1.371, 0.004

0, 13, 26, 4, 74.7125, 24.5375, 0.250, 1.394, 0.004

1, 13, 27, 4, 74.7125, 24.5375, 0.190, 1.381, 0.004

0, 13, 26, 0, 74.7125, 24.7875, 0.280, 1.394, 0.004

1, 13, 27, 0, 74.7125, 24.7875, 0.190, 1.382, 0.004

0, 13, 26, 1, 74.7125, 24.7875, 0.280, 1.388, 0.004

1, 13, 27, 1, 74.7125, 24.7875, 0.190, 1.371, 0.004

0, 13, 26, 2, 74.7125, 24.7875, 0.270, 1.386, 0.004

1, 13, 27, 2, 74.7125, 24.7875, 0.190, 1.382, 0.004

0, 13, 26, 3, 74.7125, 24.7875, 0.270, 1.393, 0.004

1, 13, 27, 3, 74.7125, 24.7875, 0.180, 1.377, 0.004

0, 13, 26, 4, 74.7125, 24.7875, 0.270, 1.403, 0.004

1, 13, 27, 4, 74.7125, 24.7875, 0.190, 1.383, 0.004

0, 13, 26, 0, 74.7125, 25.0375, 0.300, 1.396, 0.004

1, 13, 27, 0, 74.7125, 25.0375, 0.190, 1.382, 0.004

0, 13, 26, 1, 74.7125, 25.0375, 0.300, 1.396, 0.004

1, 13, 27, 1, 74.7125, 25.0375, 0.190, 1.383, 0.004

0, 13, 26, 2, 74.7125, 25.0375, 0.300, 1.389, 0.004

1, 13, 27, 2, 74.7125, 25.0375, 0.190, 1.369, 0.004

0, 13, 26, 3, 74.7125, 25.0375, 0.310, 1.388, 0.004

1, 13, 27, 3, 74.7125, 25.0375, 0.190, 1.377, 0.004

0, 13, 26, 4, 74.7125, 25.0375, 0.300, 1.397, 0.004

1, 13, 27, 4, 74.7125, 25.0375, 0.190, 1.382, 0.004

0, 13, 26, 0, 74.7125, 25.2875, 0.320, 1.396, 0.004

1, 13, 27, 0, 74.7125, 25.2875, 0.190, 1.380, 0.004

0, 13, 26, 1, 74.7125, 25.2875, 0.310, 1.395, 0.004

1, 13, 27, 1, 74.7125, 25.2875, 0.190, 1.377, 0.004

0, 13, 26, 2, 74.7125, 25.2875, 0.310, 1.397, 0.004

1, 13, 27, 2, 74.7125, 25.2875, 0.190, 1.378, 0.004

0, 13, 26, 3, 74.7125, 25.2875, 0.310, 1.392, 0.004

1, 13, 27, 3, 74.7125, 25.2875, 0.190, 1.374, 0.004

0, 13, 26, 4, 74.7125, 25.2875, 0.310, 1.387, 0.004

1, 13, 27, 4, 74.7125, 25.2875, 0.190, 1.369, 0.004

0, 13, 26, 0, 74.7125, 25.5375, 0.320, 1.393, 0.004

1, 13, 27, 0, 74.7125, 25.5375, 0.190, 1.377, 0.004

0, 13, 26, 1, 74.7125, 25.5375, 0.320, 1.357, 0.004

1, 13, 27, 1, 74.7125, 25.5375, 0.190, 1.372, 0.004

0, 13, 26, 2, 74.7125, 25.5375, 0.330, 1.393, 0.004

1, 13, 27, 2, 74.7125, 25.5375, 0.190, 1.383, 0.004

0, 13, 26, 3, 74.7125, 25.5375, 0.320, 1.394, 0.004

1, 13, 27, 3, 74.7125, 25.5375, 0.190, 1.375, 0.004

0, 13, 26, 4, 74.7125, 25.5375, 0.320, 1.395, 0.004

1, 13, 27, 4, 74.7125, 25.5375, 0.190, 1.376, 0.004

0, 13, 26, 0, 74.7125, 25.7875, 0.340, 1.391, 0.004

1, 13, 27, 0, 74.7125, 25.7875, 0.190, 1.381, 0.004

0, 13, 26, 1, 74.7125, 25.7875, 0.330, 1.393, 0.004

1, 13, 27, 1, 74.7125, 25.7875, 0.190, 1.371, 0.004

0, 13, 26, 2, 74.7125, 25.7875, 0.330, 1.402, 0.004

1, 13, 27, 2, 74.7125, 25.7875, 0.190, 1.375, 0.004

0, 13, 26, 3, 74.7125, 25.7875, 0.330, 1.394, 0.004

1, 13, 27, 3, 74.7125, 25.7875, 0.190, 1.369, 0.004

0, 13, 26, 4, 74.7125, 25.7875, 0.320, 1.392, 0.004

1, 13, 27, 4, 74.7125, 25.7875, 0.190, 1.370, 0.004

0, 13, 26, 0, 74.7125, 26.0375, 0.330, 1.401, 0.004

1, 13, 27, 0, 74.7125, 26.0375, 0.190, 1.378, 0.004

0, 13, 26, 1, 74.7125, 26.0375, 0.340, 1.377, 0.004

1, 13, 27, 1, 74.7125, 26.0375, 0.190, 1.378, 0.004

0, 13, 26, 2, 74.7125, 26.0375, 0.330, 1.392, 0.004

1, 13, 27, 2, 74.7125, 26.0375, 0.190, 1.380, 0.004

0, 13, 26, 3, 74.7125, 26.0375, 0.330, 1.396, 0.004

1, 13, 27, 3, 74.7125, 26.0375, 0.190, 1.382, 0.004

0, 13, 26, 4, 74.7125, 26.0375, 0.330, 1.396, 0.004

1, 13, 27, 4, 74.7125, 26.0375, 0.190, 1.367, 0.004

0, 13, 26, 0, 74.7125, 26.2875, 0.340, 1.384, 0.004

1, 13, 27, 0, 74.7125, 26.2875, 0.190, 1.381, 0.004

0, 13, 26, 1, 74.7125, 26.2875, 0.330, 1.388, 0.004

1, 13, 27, 1, 74.7125, 26.2875, 0.190, 1.388, 0.004

0, 13, 26, 2, 74.7125, 26.2875, 0.330, 1.396, 0.004

1, 13, 27, 2, 74.7125, 26.2875, 0.190, 1.375, 0.004

0, 13, 26, 3, 74.7125, 26.2875, 0.340, 1.397, 0.004

1, 13, 27, 3, 74.7125, 26.2875, 0.190, 1.370, 0.004

0, 13, 26, 4, 74.7125, 26.2875, 0.330, 1.394, 0.004

1, 13, 27, 4, 74.7125, 26.2875, 0.190, 1.375, 0.004

0, 13, 26, 0, 74.7125, 26.5375, 0.350, 1.387, 0.004

1, 13, 27, 0, 74.7125, 26.5375, 0.190, 1.375, 0.004

0, 13, 26, 1, 74.7125, 26.5375, 0.330, 1.396, 0.004

1, 13, 27, 1, 74.7125, 26.5375, 0.190, 1.369, 0.004

0, 13, 26, 2, 74.7125, 26.5375, 0.330, 1.394, 0.004

1, 13, 27, 2, 74.7125, 26.5375, 0.190, 1.380, 0.004

0, 13, 26, 3, 74.7125, 26.5375, 0.340, 1.375, 0.004

1, 13, 27, 3, 74.7125, 26.5375, 0.190, 1.374, 0.004

0, 13, 26, 4, 74.7125, 26.5375, 0.340, 1.394, 0.004

1, 13, 27, 4, 74.7125, 26.5375, 0.180, 1.380, 0.004

0, 13, 26, 0, 74.7125, 26.7875, 0.340, 1.396, 0.004

1, 13, 27, 0, 74.7125, 26.7875, 0.190, 1.369, 0.004

0, 13, 26, 1, 74.7125, 26.7875, 0.340, 1.401, 0.004

1, 13, 27, 1, 74.7125, 26.7875, 0.180, 1.375, 0.004

0, 13, 26, 2, 74.7125, 26.7875, 0.340, 1.424, 0.004

1, 13, 27, 2, 74.7125, 26.7875, 0.180, 1.383, 0.004

0, 13, 26, 3, 74.7125, 26.7875, 0.340, 1.397, 0.004

1, 13, 27, 3, 74.7125, 26.7875, 0.190, 1.371, 0.004

0, 13, 26, 4, 74.7125, 26.7875, 0.340, 1.389, 0.004

1, 13, 27, 4, 74.7125, 26.7875, 0.180, 1.377, 0.004

0, 13, 26, 0, 74.7125, 27.0375, 0.340, 1.385, 0.004

1, 13, 27, 0, 74.7125, 27.0375, 0.190, 1.373, 0.004

0, 13, 26, 1, 74.7125, 27.0375, 0.340, 1.390, 0.004

1, 13, 27, 1, 74.7125, 27.0375, 0.190, 1.372, 0.004

0, 13, 26, 2, 74.7125, 27.0375, 0.360, 1.390, 0.004

1, 13, 27, 2, 74.7125, 27.0375, 0.190, 1.372, 0.004

0, 13, 26, 3, 74.7125, 27.0375, 0.340, 1.392, 0.004

1, 13, 27, 3, 74.7125, 27.0375, 0.180, 1.381, 0.004

0, 13, 26, 4, 74.7125, 27.0375, 0.340, 1.394, 0.004

1, 13, 27, 4, 74.7125, 27.0375, 0.190, 1.376, 0.004

0, 13, 26, 0, 74.7125, 27.2875, 0.340, 1.403, 0.004

1, 13, 27, 0, 74.7125, 27.2875, 0.190, 1.372, 0.004

0, 13, 26, 1, 74.7125, 27.2875, 0.340, 1.396, 0.004

1, 13, 27, 1, 74.7125, 27.2875, 0.190, 1.378, 0.004

0, 13, 26, 2, 74.7125, 27.2875, 0.340, 1.392, 0.004

1, 13, 27, 2, 74.7125, 27.2875, 0.190, 1.375, 0.004

0, 13, 26, 3, 74.7125, 27.2875, 0.340, 1.386, 0.004

1, 13, 27, 3, 74.7125, 27.2875, 0.180, 1.372, 0.004

0, 13, 26, 4, 74.7125, 27.2875, 0.340, 1.395, 0.004

1, 13, 27, 4, 74.7125, 27.2875, 0.180, 1.381, 0.004

0, 13, 26, 0, 74.7125, 27.5375, 0.350, 1.395, 0.004

1, 13, 27, 0, 74.7125, 27.5375, 0.180, 1.377, 0.004

0, 13, 26, 1, 74.7125, 27.5375, 0.340, 1.398, 0.004

1, 13, 27, 1, 74.7125, 27.5375, 0.190, 1.374, 0.004

0, 13, 26, 2, 74.7125, 27.5375, 0.340, 1.403, 0.004

1, 13, 27, 2, 74.7125, 27.5375, 0.180, 1.378, 0.004

0, 13, 26, 3, 74.7125, 27.5375, 0.340, 1.391, 0.004

1, 13, 27, 3, 74.7125, 27.5375, 0.190, 1.373, 0.004

0, 13, 26, 4, 74.7125, 27.5375, 0.340, 1.393, 0.004

1, 13, 27, 4, 74.7125, 27.5375, 0.190, 1.368, 0.004

0, 13, 26, 0, 74.7125, 27.7875, 0.350, 1.397, 0.004

1, 13, 27, 0, 74.7125, 27.7875, 0.190, 1.376, 0.004

0, 13, 26, 1, 74.7125, 27.7875, 0.340, 1.391, 0.004

1, 13, 27, 1, 74.7125, 27.7875, 0.180, 1.370, 0.004

0, 13, 26, 2, 74.7125, 27.7875, 0.350, 1.390, 0.004

1, 13, 27, 2, 74.7125, 27.7875, 0.190, 1.385, 0.004

0, 13, 26, 3, 74.7125, 27.7875, 0.340, 1.390, 0.004

1, 13, 27, 3, 74.7125, 27.7875, 0.180, 1.379, 0.004

0, 13, 26, 4, 74.7125, 27.7875, 0.340, 1.391, 0.004

1, 13, 27, 4, 74.7125, 27.7875, 0.180, 1.377, 0.004

0, 13, 26, 0, 74.7125, 28.0375, 0.340, 1.394, 0.004

1, 13, 27, 0, 74.7125, 28.0375, 0.190, 1.380, 0.004

0, 13, 26, 1, 74.7125, 28.0375, 0.350, 1.389, 0.004

1, 13, 27, 1, 74.7125, 28.0375, 0.190, 1.376, 0.004

0, 13, 26, 2, 74.7125, 28.0375, 0.350, 1.394, 0.004

1, 13, 27, 2, 74.7125, 28.0375, 0.190, 1.381, 0.004

0, 13, 26, 3, 74.7125, 28.0375, 0.340, 1.393, 0.004

1, 13, 27, 3, 74.7125, 28.0375, 0.190, 1.380, 0.004

0, 13, 26, 4, 74.7125, 28.0375, 0.360, 1.404, 0.004

1, 13, 27, 4, 74.7125, 28.0375, 0.190, 1.371, 0.004

0, 13, 26, 0, 74.7125, 28.2875, 0.360, 1.399, 0.004

1, 13, 27, 0, 74.7125, 28.2875, 0.190, 1.372, 0.004

0, 13, 26, 1, 74.7125, 28.2875, 0.340, 1.404, 0.004

1, 13, 27, 1, 74.7125, 28.2875, 0.180, 1.379, 0.004

0, 13, 26, 2, 74.7125, 28.2875, 0.340, 1.396, 0.004

1, 13, 27, 2, 74.7125, 28.2875, 0.190, 1.377, 0.004

0, 13, 26, 3, 74.7125, 28.2875, 0.360, 1.396, 0.004

1, 13, 27, 3, 74.7125, 28.2875, 0.190, 1.385, 0.004

0, 13, 26, 4, 74.7125, 28.2875, 0.330, 1.402, 0.004

1, 13, 27, 4, 74.7125, 28.2875, 0.190, 1.380, 0.004

0, 13, 26, 0, 74.7125, 28.5375, 0.350, 1.396, 0.004

1, 13, 27, 0, 74.7125, 28.5375, 0.190, 1.375, 0.004

0, 13, 26, 1, 74.7125, 28.5375, 0.350, 1.391, 0.004

1, 13, 27, 1, 74.7125, 28.5375, 0.190, 1.380, 0.004

0, 13, 26, 2, 74.7125, 28.5375, 0.350, 1.393, 0.004

1, 13, 27, 2, 74.7125, 28.5375, 0.180, 1.378, 0.004

0, 13, 26, 3, 74.7125, 28.5375, 0.350, 1.393, 0.004

1, 13, 27, 3, 74.7125, 28.5375, 0.180, 1.372, 0.004

0, 13, 26, 4, 74.7125, 28.5375, 0.340, 1.395, 0.004

1, 13, 27, 4, 74.7125, 28.5375, 0.180, 1.382, 0.004

0, 13, 26, 0, 74.7125, 28.7875, 0.350, 1.365, 0.004

1, 13, 27, 0, 74.7125, 28.7875, 0.190, 1.379, 0.004

0, 13, 26, 1, 74.7125, 28.7875, 0.350, 1.390, 0.004

1, 13, 27, 1, 74.7125, 28.7875, 0.180, 1.379, 0.004

0, 13, 26, 2, 74.7125, 28.7875, 0.350, 1.394, 0.004

1, 13, 27, 2, 74.7125, 28.7875, 0.190, 1.390, 0.004

0, 13, 26, 3, 74.7125, 28.7875, 0.340, 1.393, 0.004

1, 13, 27, 3, 74.7125, 28.7875, 0.190, 1.373, 0.004

0, 13, 26, 4, 74.7125, 28.7875, 0.350, 1.393, 0.004

1, 13, 27, 4, 74.7125, 28.7875, 0.180, 1.381, 0.004

0, 13, 26, 0, 74.7125, 29.0375, 0.350, 1.400, 0.004

1, 13, 27, 0, 74.7125, 29.0375, 0.180, 1.371, 0.004

0, 13, 26, 1, 74.7125, 29.0375, 0.350, 1.402, 0.004

1, 13, 27, 1, 74.7125, 29.0375, 0.190, 1.376, 0.004

0, 13, 26, 2, 74.7125, 29.0375, 0.350, 1.391, 0.004

1, 13, 27, 2, 74.7125, 29.0375, 0.180, 1.376, 0.004

0, 13, 26, 3, 74.7125, 29.0375, 0.350, 1.400, 0.004

1, 13, 27, 3, 74.7125, 29.0375, 0.190, 1.384, 0.004

0, 13, 26, 4, 74.7125, 29.0375, 0.340, 1.395, 0.004

1, 13, 27, 4, 74.7125, 29.0375, 0.190, 1.378, 0.004

0, 13, 26, 0, 74.7125, 29.2875, 0.340, 1.395, 0.004

1, 13, 27, 0, 74.7125, 29.2875, 0.180, 1.378, 0.004

0, 13, 26, 1, 74.7125, 29.2875, 0.360, 1.393, 0.004

1, 13, 27, 1, 74.7125, 29.2875, 0.190, 1.384, 0.004

0, 13, 26, 2, 74.7125, 29.2875, 0.340, 1.401, 0.004

1, 13, 27, 2, 74.7125, 29.2875, 0.180, 1.374, 0.004

0, 13, 26, 3, 74.7125, 29.2875, 0.340, 1.398, 0.004

1, 13, 27, 3, 74.7125, 29.2875, 0.180, 1.376, 0.004

0, 13, 26, 4, 74.7125, 29.2875, 0.340, 1.391, 0.004

1, 13, 27, 4, 74.7125, 29.2875, 0.190, 1.379, 0.004

0, 13, 26, 0, 74.7125, 29.5375, 0.350, 1.397, 0.004

1, 13, 27, 0, 74.7125, 29.5375, 0.180, 1.374, 0.004

0, 13, 26, 1, 74.7125, 29.5375, 0.350, 1.351, 0.004

1, 13, 27, 1, 74.7125, 29.5375, 0.190, 1.380, 0.004

0, 13, 26, 2, 74.7125, 29.5375, 0.350, 1.390, 0.004

1, 13, 27, 2, 74.7125, 29.5375, 0.190, 1.382, 0.004

0, 13, 26, 3, 74.7125, 29.5375, 0.360, 1.377, 0.004

1, 13, 27, 3, 74.7125, 29.5375, 0.190, 1.379, 0.004

0, 13, 26, 4, 74.7125, 29.5375, 0.350, 1.406, 0.004

1, 13, 27, 4, 74.7125, 29.5375, 0.190, 1.374, 0.004

0, 13, 26, 0, 74.7125, 29.7875, 0.350, 1.392, 0.004

1, 13, 27, 0, 74.7125, 29.7875, 0.190, 1.367, 0.004

0, 13, 26, 1, 74.7125, 29.7875, 0.350, 1.392, 0.004

1, 13, 27, 1, 74.7125, 29.7875, 0.180, 1.379, 0.004

0, 13, 26, 2, 74.7125, 29.7875, 0.340, 1.401, 0.004

1, 13, 27, 2, 74.7125, 29.7875, 0.180, 1.378, 0.004

0, 13, 26, 3, 74.7125, 29.7875, 0.340, 1.389, 0.004

1, 13, 27, 3, 74.7125, 29.7875, 0.190, 1.385, 0.004

0, 13, 26, 4, 74.7125, 29.7875, 0.340, 1.390, 0.004

1, 13, 27, 4, 74.7125, 29.7875, 0.190, 1.378, 0.004

0, 13, 26, 0, 74.7125, 30.0375, 0.360, 1.361, 0.004

1, 13, 27, 0, 74.7125, 30.0375, 0.190, 1.378, 0.004

0, 13, 26, 1, 74.7125, 30.0375, 0.350, 1.392, 0.004

1, 13, 27, 1, 74.7125, 30.0375, 0.180, 1.374, 0.004

0, 13, 26, 2, 74.7125, 30.0375, 0.350, 1.397, 0.004

1, 13, 27, 2, 74.7125, 30.0375, 0.180, 1.380, 0.004

0, 13, 26, 3, 74.7125, 30.0375, 0.340, 1.397, 0.004

1, 13, 27, 3, 74.7125, 30.0375, 0.190, 1.371, 0.004

0, 13, 26, 4, 74.7125, 30.0375, 0.350, 1.388, 0.004

1, 13, 27, 4, 74.7125, 30.0375, 0.180, 1.379, 0.004

0, 13, 26, 0, 74.7125, 30.2875, 0.340, 1.394, 0.004

1, 13, 27, 0, 74.7125, 30.2875, 0.190, 1.376, 0.004

0, 13, 26, 1, 74.7125, 30.2875, 0.340, 1.374, 0.004

1, 13, 27, 1, 74.7125, 30.2875, 0.180, 1.374, 0.004

0, 13, 26, 2, 74.7125, 30.2875, 0.340, 1.394, 0.004

1, 13, 27, 2, 74.7125, 30.2875, 0.180, 1.382, 0.004

0, 13, 26, 3, 74.7125, 30.2875, 0.350, 1.390, 0.004

1, 13, 27, 3, 74.7125, 30.2875, 0.190, 1.373, 0.004

0, 13, 26, 4, 74.7125, 30.2875, 0.350, 1.395, 0.004

1, 13, 27, 4, 74.7125, 30.2875, 0.180, 1.371, 0.004

0, 13, 26, 0, 74.7125, 30.5375, 0.340, 1.390, 0.004

1, 13, 27, 0, 74.7125, 30.5375, 0.190, 1.376, 0.004

0, 13, 26, 1, 74.7125, 30.5375, 0.350, 1.387, 0.004

1, 13, 27, 1, 74.7125, 30.5375, 0.180, 1.382, 0.004

0, 13, 26, 2, 74.7125, 30.5375, 0.360, 1.397, 0.004

1, 13, 27, 2, 74.7125, 30.5375, 0.180, 1.376, 0.004

0, 13, 26, 3, 74.7125, 30.5375, 0.360, 1.413, 0.004

1, 13, 27, 3, 74.7125, 30.5375, 0.180, 1.371, 0.004

0, 13, 26, 4, 74.7125, 30.5375, 0.350, 1.389, 0.004

1, 13, 27, 4, 74.7125, 30.5375, 0.180, 1.375, 0.004

0, 13, 26, 0, 74.7125, 30.7875, 0.360, 1.379, 0.004

1, 13, 27, 0, 74.7125, 30.7875, 0.180, 1.373, 0.004

0, 13, 26, 1, 74.7125, 30.7875, 0.340, 1.391, 0.004

1, 13, 27, 1, 74.7125, 30.7875, 0.180, 1.368, 0.004

0, 13, 26, 2, 74.7125, 30.7875, 0.340, 1.388, 0.004

1, 13, 27, 2, 74.7125, 30.7875, 0.190, 1.374, 0.004

0, 13, 26, 3, 74.7125, 30.7875, 0.350, 1.388, 0.004

1, 13, 27, 3, 74.7125, 30.7875, 0.180, 1.377, 0.004

0, 13, 26, 4, 74.7125, 30.7875, 0.350, 1.386, 0.004

1, 13, 27, 4, 74.7125, 30.7875, 0.190, 1.371, 0.004

0, 13, 26, 0, 74.7125, 31.0375, 0.350, 1.381, 0.004

1, 13, 27, 0, 74.7125, 31.0375, 0.190, 1.371, 0.004

0, 13, 26, 1, 74.7125, 31.0375, 0.350, 1.390, 0.004

1, 13, 27, 1, 74.7125, 31.0375, 0.180, 1.376, 0.004

0, 13, 26, 2, 74.7125, 31.0375, 0.350, 1.398, 0.004

1, 13, 27, 2, 74.7125, 31.0375, 0.190, 1.370, 0.004

0, 13, 26, 3, 74.7125, 31.0375, 0.350, 1.401, 0.004

1, 13, 27, 3, 74.7125, 31.0375, 0.190, 1.374, 0.004

0, 13, 26, 4, 74.7125, 31.0375, 0.350, 1.390, 0.004

1, 13, 27, 4, 74.7125, 31.0375, 0.190, 1.378, 0.004

0, 13, 26, 0, 74.7125, 31.2875, 0.350, 1.404, 0.004

1, 13, 27, 0, 74.7125, 31.2875, 0.180, 1.373, 0.004

0, 13, 26, 1, 74.7125, 31.2875, 0.360, 1.398, 0.004

1, 13, 27, 1, 74.7125, 31.2875, 0.180, 1.383, 0.004

0, 13, 26, 2, 74.7125, 31.2875, 0.360, 1.394, 0.004

1, 13, 27, 2, 74.7125, 31.2875, 0.180, 1.366, 0.004

0, 13, 26, 3, 74.7125, 31.2875, 0.350, 1.393, 0.004

1, 13, 27, 3, 74.7125, 31.2875, 0.190, 1.385, 0.004

0, 13, 26, 4, 74.7125, 31.2875, 0.350, 1.388, 0.004

1, 13, 27, 4, 74.7125, 31.2875, 0.180, 1.376, 0.004

0, 13, 26, 0, 74.7125, 31.5375, 0.360, 1.395, 0.004

1, 13, 27, 0, 74.7125, 31.5375, 0.180, 1.377, 0.004

0, 13, 26, 1, 74.7125, 31.5375, 0.350, 1.392, 0.004

1, 13, 27, 1, 74.7125, 31.5375, 0.190, 1.374, 0.004

0, 13, 26, 2, 74.7125, 31.5375, 0.350, 1.388, 0.004

1, 13, 27, 2, 74.7125, 31.5375, 0.180, 1.375, 0.004

0, 13, 26, 3, 74.7125, 31.5375, 0.350, 1.394, 0.004

1, 13, 27, 3, 74.7125, 31.5375, 0.190, 1.373, 0.004

0, 13, 26, 4, 74.7125, 31.5375, 0.350, 1.401, 0.004

1, 13, 27, 4, 74.7125, 31.5375, 0.180, 1.377, 0.004

0, 13, 26, 0, 74.7125, 31.7875, 0.350, 1.394, 0.004

1, 13, 27, 0, 74.7125, 31.7875, 0.180, 1.367, 0.004

0, 13, 26, 1, 74.7125, 31.7875, 0.350, 1.396, 0.004

1, 13, 27, 1, 74.7125, 31.7875, 0.190, 1.371, 0.004

0, 13, 26, 2, 74.7125, 31.7875, 0.350, 1.384, 0.004

1, 13, 27, 2, 74.7125, 31.7875, 0.190, 1.370, 0.004

0, 13, 26, 3, 74.7125, 31.7875, 0.350, 1.391, 0.004

1, 13, 27, 3, 74.7125, 31.7875, 0.180, 1.379, 0.004

0, 13, 26, 4, 74.7125, 31.7875, 0.350, 1.398, 0.004

1, 13, 27, 4, 74.7125, 31.7875, 0.180, 1.378, 0.004

0, 13, 26, 0, 74.7125, 32.0375, 0.350, 1.396, 0.004

1, 13, 27, 0, 74.7125, 32.0375, 0.190, 1.373, 0.004

0, 13, 26, 1, 74.7125, 32.0375, 0.350, 1.392, 0.004

1, 13, 27, 1, 74.7125, 32.0375, 0.190, 1.374, 0.004

0, 13, 26, 2, 74.7125, 32.0375, 0.350, 1.405, 0.004

1, 13, 27, 2, 74.7125, 32.0375, 0.180, 1.375, 0.004

0, 13, 26, 3, 74.7125, 32.0375, 0.350, 1.384, 0.004

1, 13, 27, 3, 74.7125, 32.0375, 0.180, 1.378, 0.004

0, 13, 26, 4, 74.7125, 32.0375, 0.340, 1.364, 0.004

1, 13, 27, 4, 74.7125, 32.0375, 0.180, 1.378, 0.004

0, 13, 26, 0, 74.7125, 32.2875, 0.340, 1.405, 0.004

1, 13, 27, 0, 74.7125, 32.2875, 0.180, 1.378, 0.004

0, 13, 26, 1, 74.7125, 32.2875, 0.350, 1.393, 0.004

1, 13, 27, 1, 74.7125, 32.2875, 0.190, 1.373, 0.004

0, 13, 26, 2, 74.7125, 32.2875, 0.340, 1.398, 0.004

1, 13, 27, 2, 74.7125, 32.2875, 0.180, 1.371, 0.004

0, 13, 26, 3, 74.7125, 32.2875, 0.360, 1.393, 0.004

1, 13, 27, 3, 74.7125, 32.2875, 0.190, 1.383, 0.004

0, 13, 26, 4, 74.7125, 32.2875, 0.350, 1.393, 0.004

1, 13, 27, 4, 74.7125, 32.2875, 0.180, 1.380, 0.004

0, 13, 26, 0, 74.7125, 32.5375, 0.350, 1.386, 0.004

1, 13, 27, 0, 74.7125, 32.5375, 0.190, 1.373, 0.004

0, 13, 26, 1, 74.7125, 32.5375, 0.350, 1.396, 0.004

1, 13, 27, 1, 74.7125, 32.5375, 0.190, 1.377, 0.004

0, 13, 26, 2, 74.7125, 32.5375, 0.350, 1.391, 0.004

1, 13, 27, 2, 74.7125, 32.5375, 0.190, 1.379, 0.004

0, 13, 26, 3, 74.7125, 32.5375, 0.350, 1.398, 0.004

1, 13, 27, 3, 74.7125, 32.5375, 0.180, 1.383, 0.004

0, 13, 26, 4, 74.7125, 32.5375, 0.360, 1.393, 0.004

1, 13, 27, 4, 74.7125, 32.5375, 0.180, 1.368, 0.004

0, 13, 26, 0, 74.7125, 32.7875, 0.350, 1.390, 0.004

1, 13, 27, 0, 74.7125, 32.7875, 0.180, 1.381, 0.004

0, 13, 26, 1, 74.7125, 32.7875, 0.350, 1.373, 0.004

1, 13, 27, 1, 74.7125, 32.7875, 0.190, 1.371, 0.004

0, 13, 26, 2, 74.7125, 32.7875, 0.360, 1.393, 0.004

1, 13, 27, 2, 74.7125, 32.7875, 0.180, 1.385, 0.004

0, 13, 26, 3, 74.7125, 32.7875, 0.340, 1.387, 0.004

1, 13, 27, 3, 74.7125, 32.7875, 0.180, 1.385, 0.004

0, 13, 26, 4, 74.7125, 32.7875, 0.360, 1.392, 0.004

1, 13, 27, 4, 74.7125, 32.7875, 0.180, 1.369, 0.004

0, 13, 26, 0, 74.7125, 33.0375, 0.360, 1.353, 0.004

1, 13, 27, 0, 74.7125, 33.0375, 0.190, 1.379, 0.004

0, 13, 26, 1, 74.7125, 33.0375, 0.350, 1.400, 0.004

1, 13, 27, 1, 74.7125, 33.0375, 0.190, 1.381, 0.004

0, 13, 26, 2, 74.7125, 33.0375, 0.350, 1.400, 0.004

1, 13, 27, 2, 74.7125, 33.0375, 0.180, 1.369, 0.004

0, 13, 26, 3, 74.7125, 33.0375, 0.350, 1.391, 0.004

1, 13, 27, 3, 74.7125, 33.0375, 0.180, 1.367, 0.004

0, 13, 26, 4, 74.7125, 33.0375, 0.340, 1.401, 0.004

1, 13, 27, 4, 74.7125, 33.0375, 0.180, 1.368, 0.004

0, 13, 26, 0, 74.7125, 33.2875, 0.350, 1.391, 0.004

1, 13, 27, 0, 74.7125, 33.2875, 0.180, 1.377, 0.004

0, 13, 26, 1, 74.7125, 33.2875, 0.350, 1.401, 0.004

1, 13, 27, 1, 74.7125, 33.2875, 0.190, 1.380, 0.004

0, 13, 26, 2, 74.7125, 33.2875, 0.350, 1.391, 0.004

1, 13, 27, 2, 74.7125, 33.2875, 0.190, 1.375, 0.004

0, 13, 26, 3, 74.7125, 33.2875, 0.350, 1.403, 0.004

1, 13, 27, 3, 74.7125, 33.2875, 0.180, 1.380, 0.004

0, 13, 26, 4, 74.7125, 33.2875, 0.350, 1.387, 0.004

1, 13, 27, 4, 74.7125, 33.2875, 0.180, 1.375, 0.004

0, 13, 26, 0, 74.7125, 33.5375, 0.350, 1.401, 0.004

1, 13, 27, 0, 74.7125, 33.5375, 0.180, 1.374, 0.004

0, 13, 26, 1, 74.7125, 33.5375, 0.340, 1.389, 0.004

1, 13, 27, 1, 74.7125, 33.5375, 0.180, 1.370, 0.004

0, 13, 26, 2, 74.7125, 33.5375, 0.340, 1.392, 0.004

1, 13, 27, 2, 74.7125, 33.5375, 0.180, 1.378, 0.004

0, 13, 26, 3, 74.7125, 33.5375, 0.350, 1.402, 0.004

1, 13, 27, 3, 74.7125, 33.5375, 0.180, 1.379, 0.004

0, 13, 26, 4, 74.7125, 33.5375, 0.360, 1.374, 0.004

1, 13, 27, 4, 74.7125, 33.5375, 0.180, 1.378, 0.004

0, 13, 26, 0, 74.7125, 33.7875, 0.350, 1.389, 0.004

1, 13, 27, 0, 74.7125, 33.7875, 0.180, 1.377, 0.004

0, 13, 26, 1, 74.7125, 33.7875, 0.340, 1.390, 0.004

1, 13, 27, 1, 74.7125, 33.7875, 0.180, 1.378, 0.004

0, 13, 26, 2, 74.7125, 33.7875, 0.340, 1.400, 0.004

1, 13, 27, 2, 74.7125, 33.7875, 0.180, 1.368, 0.004

0, 13, 26, 3, 74.7125, 33.7875, 0.340, 1.401, 0.004

1, 13, 27, 3, 74.7125, 33.7875, 0.190, 1.371, 0.004

0, 13, 26, 4, 74.7125, 33.7875, 0.340, 1.376, 0.004

1, 13, 27, 4, 74.7125, 33.7875, 0.180, 1.376, 0.004

0, 13, 26, 0, 74.7125, 34.0375, 0.360, 1.392, 0.004

1, 13, 27, 0, 74.7125, 34.0375, 0.190, 1.383, 0.004

0, 13, 26, 1, 74.7125, 34.0375, 0.340, 1.396, 0.004

1, 13, 27, 1, 74.7125, 34.0375, 0.180, 1.379, 0.004

0, 13, 26, 2, 74.7125, 34.0375, 0.360, 1.391, 0.004

1, 13, 27, 2, 74.7125, 34.0375, 0.180, 1.385, 0.004

0, 13, 26, 3, 74.7125, 34.0375, 0.350, 1.386, 0.004

1, 13, 27, 3, 74.7125, 34.0375, 0.180, 1.380, 0.004

0, 13, 26, 4, 74.7125, 34.0375, 0.350, 1.395, 0.004

1, 13, 27, 4, 74.7125, 34.0375, 0.180, 1.374, 0.004

0, 13, 26, 0, 74.7125, 34.2875, 0.340, 1.392, 0.004

1, 13, 27, 0, 74.7125, 34.2875, 0.180, 1.382, 0.004

0, 13, 26, 1, 74.7125, 34.2875, 0.350, 1.393, 0.004

1, 13, 27, 1, 74.7125, 34.2875, 0.180, 1.381, 0.004

0, 13, 26, 2, 74.7125, 34.2875, 0.340, 1.397, 0.004

1, 13, 27, 2, 74.7125, 34.2875, 0.180, 1.368, 0.004

0, 13, 26, 3, 74.7125, 34.2875, 0.350, 1.359, 0.004

1, 13, 27, 3, 74.7125, 34.2875, 0.180, 1.376, 0.004

0, 13, 26, 4, 74.7125, 34.2875, 0.350, 1.395, 0.004

1, 13, 27, 4, 74.7125, 34.2875, 0.180, 1.372, 0.004

0, 13, 26, 0, 74.7125, 34.5375, 0.350, 1.387, 0.004

1, 13, 27, 0, 74.7125, 34.5375, 0.180, 1.376, 0.004

0, 13, 26, 1, 74.7125, 34.5375, 0.350, 1.390, 0.004

1, 13, 27, 1, 74.7125, 34.5375, 0.180, 1.375, 0.004

0, 13, 26, 2, 74.7125, 34.5375, 0.340, 1.378, 0.004

1, 13, 27, 2, 74.7125, 34.5375, 0.180, 1.375, 0.004

0, 13, 26, 3, 74.7125, 34.5375, 0.340, 1.397, 0.004

1, 13, 27, 3, 74.7125, 34.5375, 0.180, 1.381, 0.004

0, 13, 26, 4, 74.7125, 34.5375, 0.350, 1.396, 0.004

1, 13, 27, 4, 74.7125, 34.5375, 0.190, 1.375, 0.004

0, 13, 26, 0, 74.7125, 34.7875, 0.350, 1.396, 0.004

1, 13, 27, 0, 74.7125, 34.7875, 0.190, 1.377, 0.004

0, 13, 26, 1, 74.7125, 34.7875, 0.350, 1.391, 0.004

1, 13, 27, 1, 74.7125, 34.7875, 0.190, 1.371, 0.004

0, 13, 26, 2, 74.7125, 34.7875, 0.350, 1.387, 0.004

1, 13, 27, 2, 74.7125, 34.7875, 0.180, 1.373, 0.004

0, 13, 26, 3, 74.7125, 34.7875, 0.350, 1.398, 0.004

1, 13, 27, 3, 74.7125, 34.7875, 0.180, 1.381, 0.004

0, 13, 26, 4, 74.7125, 34.7875, 0.340, 1.394, 0.004

1, 13, 27, 4, 74.7125, 34.7875, 0.180, 1.374, 0.004

0, 13, 26, 0, 74.7125, 35.0375, 0.350, 1.395, 0.004

1, 13, 27, 0, 74.7125, 35.0375, 0.190, 1.382, 0.004

0, 13, 26, 1, 74.7125, 35.0375, 0.350, 1.383, 0.004

1, 13, 27, 1, 74.7125, 35.0375, 0.180, 1.377, 0.004

0, 13, 26, 2, 74.7125, 35.0375, 0.350, 1.396, 0.004

1, 13, 27, 2, 74.7125, 35.0375, 0.190, 1.366, 0.004

0, 13, 26, 3, 74.7125, 35.0375, 0.350, 1.391, 0.004

1, 13, 27, 3, 74.7125, 35.0375, 0.190, 1.377, 0.004

0, 13, 26, 4, 74.7125, 35.0375, 0.340, 1.393, 0.004

1, 13, 27, 4, 74.7125, 35.0375, 0.190, 1.380, 0.004

0, 13, 26, 0, 74.7125, 35.2875, 0.340, 1.400, 0.004

1, 13, 27, 0, 74.7125, 35.2875, 0.180, 1.380, 0.004

0, 13, 26, 1, 74.7125, 35.2875, 0.340, 1.398, 0.004

1, 13, 27, 1, 74.7125, 35.2875, 0.180, 1.374, 0.004

0, 13, 26, 2, 74.7125, 35.2875, 0.340, 1.395, 0.004

1, 13, 27, 2, 74.7125, 35.2875, 0.190, 1.373, 0.004

0, 13, 26, 3, 74.7125, 35.2875, 0.350, 1.391, 0.004

1, 13, 27, 3, 74.7125, 35.2875, 0.190, 1.378, 0.004

0, 13, 26, 4, 74.7125, 35.2875, 0.340, 1.393, 0.004

1, 13, 27, 4, 74.7125, 35.2875, 0.180, 1.377, 0.004

0, 13, 26, 0, 74.7125, 35.5375, 0.350, 1.389, 0.004

1, 13, 27, 0, 74.7125, 35.5375, 0.190, 1.379, 0.004

0, 13, 26, 1, 74.7125, 35.5375, 0.360, 1.394, 0.004

1, 13, 27, 1, 74.7125, 35.5375, 0.180, 1.376, 0.004

0, 13, 26, 2, 74.7125, 35.5375, 0.360, 1.394, 0.004

1, 13, 27, 2, 74.7125, 35.5375, 0.180, 1.376, 0.004

0, 13, 26, 3, 74.7125, 35.5375, 0.350, 1.394, 0.004

1, 13, 27, 3, 74.7125, 35.5375, 0.180, 1.376, 0.004

0, 13, 26, 4, 74.7125, 35.5375, 0.350, 1.390, 0.004

1, 13, 27, 4, 74.7125, 35.5375, 0.180, 1.375, 0.004

0, 13, 26, 0, 74.7125, 35.7875, 0.360, 1.393, 0.004

1, 13, 27, 0, 74.7125, 35.7875, 0.190, 1.378, 0.004

0, 13, 26, 1, 74.7125, 35.7875, 0.340, 1.400, 0.004

1, 13, 27, 1, 74.7125, 35.7875, 0.190, 1.374, 0.004

0, 13, 26, 2, 74.7125, 35.7875, 0.350, 1.389, 0.004

1, 13, 27, 2, 74.7125, 35.7875, 0.180, 1.377, 0.004

0, 13, 26, 3, 74.7125, 35.7875, 0.340, 1.409, 0.004

1, 13, 27, 3, 74.7125, 35.7875, 0.180, 1.375, 0.004

0, 13, 26, 4, 74.7125, 35.7875, 0.350, 1.384, 0.004

1, 13, 27, 4, 74.7125, 35.7875, 0.180, 1.378, 0.004

0, 13, 26, 0, 74.7125, 36.0375, 0.360, 1.372, 0.004

1, 13, 27, 0, 74.7125, 36.0375, 0.190, 1.378, 0.004

0, 13, 26, 1, 74.7125, 36.0375, 0.350, 1.388, 0.004

1, 13, 27, 1, 74.7125, 36.0375, 0.190, 1.374, 0.004

0, 13, 26, 2, 74.7125, 36.0375, 0.340, 1.394, 0.004

1, 13, 27, 2, 74.7125, 36.0375, 0.180, 1.377, 0.004

0, 13, 26, 3, 74.7125, 36.0375, 0.350, 1.389, 0.004

1, 13, 27, 3, 74.7125, 36.0375, 0.190, 1.376, 0.004

0, 13, 26, 4, 74.7125, 36.0375, 0.340, 1.393, 0.004

1, 13, 27, 4, 74.7125, 36.0375, 0.180, 1.376, 0.004

0, 13, 26, 0, 74.7125, 36.2875, 0.350, 1.387, 0.004

1, 13, 27, 0, 74.7125, 36.2875, 0.180, 1.378, 0.004

0, 13, 26, 1, 74.7125, 36.2875, 0.340, 1.396, 0.004

1, 13, 27, 1, 74.7125, 36.2875, 0.180, 1.381, 0.004

0, 13, 26, 2, 74.7125, 36.2875, 0.340, 1.370, 0.004

1, 13, 27, 2, 74.7125, 36.2875, 0.180, 1.379, 0.004

0, 13, 26, 3, 74.7125, 36.2875, 0.360, 1.386, 0.004

1, 13, 27, 3, 74.7125, 36.2875, 0.180, 1.380, 0.004

0, 13, 26, 4, 74.7125, 36.2875, 0.360, 1.391, 0.004

1, 13, 27, 4, 74.7125, 36.2875, 0.180, 1.376, 0.004

0, 13, 26, 0, 74.7125, 36.5375, 0.350, 1.388, 0.004

1, 13, 27, 0, 74.7125, 36.5375, 0.180, 1.386, 0.004

0, 13, 26, 1, 74.7125, 36.5375, 0.350, 1.393, 0.004

1, 13, 27, 1, 74.7125, 36.5375, 0.180, 1.380, 0.004

0, 13, 26, 2, 74.7125, 36.5375, 0.350, 1.391, 0.004

1, 13, 27, 2, 74.7125, 36.5375, 0.180, 1.383, 0.004

0, 13, 26, 3, 74.7125, 36.5375, 0.350, 1.394, 0.004

1, 13, 27, 3, 74.7125, 36.5375, 0.180, 1.378, 0.004

0, 13, 26, 4, 74.7125, 36.5375, 0.350, 1.400, 0.004

1, 13, 27, 4, 74.7125, 36.5375, 0.180, 1.371, 0.004

0, 13, 26, 0, 74.7125, 36.7875, 0.350, 1.393, 0.004

1, 13, 27, 0, 74.7125, 36.7875, 0.180, 1.378, 0.004

0, 13, 26, 1, 74.7125, 36.7875, 0.340, 1.393, 0.004

1, 13, 27, 1, 74.7125, 36.7875, 0.180, 1.377, 0.004

0, 13, 26, 2, 74.7125, 36.7875, 0.350, 1.388, 0.004

1, 13, 27, 2, 74.7125, 36.7875, 0.190, 1.374, 0.004

0, 13, 26, 3, 74.7125, 36.7875, 0.350, 1.390, 0.004

1, 13, 27, 3, 74.7125, 36.7875, 0.180, 1.373, 0.004

0, 13, 26, 4, 74.7125, 36.7875, 0.350, 1.383, 0.004

1, 13, 27, 4, 74.7125, 36.7875, 0.180, 1.377, 0.004

0, 13, 26, 0, 74.7125, 37.0375, 0.350, 1.386, 0.004

1, 13, 27, 0, 74.7125, 37.0375, 0.190, 1.386, 0.004

0, 13, 26, 1, 74.7125, 37.0375, 0.350, 1.391, 0.004

1, 13, 27, 1, 74.7125, 37.0375, 0.180, 1.379, 0.004

0, 13, 26, 2, 74.7125, 37.0375, 0.340, 1.386, 0.004

1, 13, 27, 2, 74.7125, 37.0375, 0.180, 1.384, 0.004

0, 13, 26, 3, 74.7125, 37.0375, 0.350, 1.392, 0.004

1, 13, 27, 3, 74.7125, 37.0375, 0.180, 1.379, 0.004

0, 13, 26, 4, 74.7125, 37.0375, 0.340, 1.389, 0.004

1, 13, 27, 4, 74.7125, 37.0375, 0.180, 1.376, 0.004

0, 13, 26, 0, 74.7125, 37.2875, 0.350, 1.397, 0.004

1, 13, 27, 0, 74.7125, 37.2875, 0.180, 1.386, 0.004

0, 13, 26, 1, 74.7125, 37.2875, 0.340, 1.376, 0.004

1, 13, 27, 1, 74.7125, 37.2875, 0.180, 1.382, 0.004

0, 13, 26, 2, 74.7125, 37.2875, 0.350, 1.383, 0.004

1, 13, 27, 2, 74.7125, 37.2875, 0.190, 1.375, 0.004

0, 13, 26, 3, 74.7125, 37.2875, 0.350, 1.397, 0.004

1, 13, 27, 3, 74.7125, 37.2875, 0.180, 1.373, 0.004

0, 13, 26, 4, 74.7125, 37.2875, 0.350, 1.387, 0.004

1, 13, 27, 4, 74.7125, 37.2875, 0.190, 1.371, 0.004

0, 13, 26, 0, 74.7125, 37.5375, 0.350, 1.391, 0.004

1, 13, 27, 0, 74.7125, 37.5375, 0.180, 1.378, 0.004

0, 13, 26, 1, 74.7125, 37.5375, 0.360, 1.398, 0.004

1, 13, 27, 1, 74.7125, 37.5375, 0.180, 1.377, 0.004

0, 13, 26, 2, 74.7125, 37.5375, 0.340, 1.388, 0.004

1, 13, 27, 2, 74.7125, 37.5375, 0.180, 1.374, 0.004

0, 13, 26, 3, 74.7125, 37.5375, 0.350, 1.394, 0.004

1, 13, 27, 3, 74.7125, 37.5375, 0.190, 1.373, 0.004

0, 13, 26, 4, 74.7125, 37.5375, 0.350, 1.394, 0.004

1, 13, 27, 4, 74.7125, 37.5375, 0.180, 1.369, 0.004

0, 13, 26, 0, 74.7125, 37.7875, 0.350, 1.384, 0.004

1, 13, 27, 0, 74.7125, 37.7875, 0.190, 1.378, 0.004

0, 13, 26, 1, 74.7125, 37.7875, 0.350, 1.398, 0.004

1, 13, 27, 1, 74.7125, 37.7875, 0.180, 1.374, 0.004

0, 13, 26, 2, 74.7125, 37.7875, 0.340, 1.399, 0.004

1, 13, 27, 2, 74.7125, 37.7875, 0.190, 1.364, 0.004

0, 13, 26, 3, 74.7125, 37.7875, 0.340, 1.390, 0.004

1, 13, 27, 3, 74.7125, 37.7875, 0.190, 1.376, 0.004

0, 13, 26, 4, 74.7125, 37.7875, 0.350, 1.394, 0.004

1, 13, 27, 4, 74.7125, 37.7875, 0.190, 1.379, 0.004

0, 13, 26, 0, 74.7125, 38.0375, 0.340, 1.389, 0.004

1, 13, 27, 0, 74.7125, 38.0375, 0.180, 1.381, 0.004

0, 13, 26, 1, 74.7125, 38.0375, 0.360, 1.388, 0.004

1, 13, 27, 1, 74.7125, 38.0375, 0.180, 1.373, 0.004

0, 13, 26, 2, 74.7125, 38.0375, 0.350, 1.389, 0.004

1, 13, 27, 2, 74.7125, 38.0375, 0.190, 1.374, 0.004

0, 13, 26, 3, 74.7125, 38.0375, 0.340, 1.392, 0.004

1, 13, 27, 3, 74.7125, 38.0375, 0.190, 1.380, 0.004

0, 13, 26, 4, 74.7125, 38.0375, 0.350, 1.387, 0.004

1, 13, 27, 4, 74.7125, 38.0375, 0.180, 1.375, 0.004

0, 13, 26, 0, 74.7125, 38.2875, 0.360, 1.397, 0.004

1, 13, 27, 0, 74.7125, 38.2875, 0.180, 1.375, 0.004

0, 13, 26, 1, 74.7125, 38.2875, 0.350, 1.375, 0.004

1, 13, 27, 1, 74.7125, 38.2875, 0.180, 1.373, 0.004

0, 13, 26, 2, 74.7125, 38.2875, 0.350, 1.390, 0.004

1, 13, 27, 2, 74.7125, 38.2875, 0.180, 1.378, 0.004

0, 13, 26, 3, 74.7125, 38.2875, 0.350, 1.391, 0.004

1, 13, 27, 3, 74.7125, 38.2875, 0.180, 1.369, 0.004

0, 13, 26, 4, 74.7125, 38.2875, 0.350, 1.387, 0.004

1, 13, 27, 4, 74.7125, 38.2875, 0.180, 1.379, 0.004

0, 13, 26, 0, 74.7125, 38.5375, 0.350, 1.396, 0.004

1, 13, 27, 0, 74.7125, 38.5375, 0.180, 1.377, 0.004

0, 13, 26, 1, 74.7125, 38.5375, 0.340, 1.396, 0.004

1, 13, 27, 1, 74.7125, 38.5375, 0.180, 1.376, 0.004

0, 13, 26, 2, 74.7125, 38.5375, 0.350, 1.399, 0.004

1, 13, 27, 2, 74.7125, 38.5375, 0.180, 1.375, 0.004

0, 13, 26, 3, 74.7125, 38.5375, 0.350, 1.380, 0.004

1, 13, 27, 3, 74.7125, 38.5375, 0.180, 1.379, 0.004

0, 13, 26, 4, 74.7125, 38.5375, 0.350, 1.392, 0.004

1, 13, 27, 4, 74.7125, 38.5375, 0.180, 1.375, 0.004

