Test Sector:
Device ID, Channel, Tile ID, trial, x, y, IMON, RMON, VCOMP
xorigincm, xfinalcm, xsteplengthcm, xsteps = 80.2307, 80.2307, 0, 126
yorigincm, yfinalcm, ysteplengthcm, nRepeat = 7.67586, 39.3241, 0.25, 5
0, 14, 28, 0, 0, 0, 0.180, 1.405, 0.004

1, 14, 29, 0, 0, 0, 0.180, 1.377, 0.004

0, 14, 28, 1, 0, 0, 0.190, 1.400, 0.004

1, 14, 29, 1, 0, 0, 0.180, 1.385, 0.004

0, 14, 28, 2, 0, 0, 0.190, 1.401, 0.004

1, 14, 29, 2, 0, 0, 0.190, 1.385, 0.004

0, 14, 28, 3, 0, 0, 0.180, 1.402, 0.004

1, 14, 29, 3, 0, 0, 0.190, 1.384, 0.004

0, 14, 28, 4, 0, 0, 0.180, 1.399, 0.004

1, 14, 29, 4, 0, 0, 0.190, 1.380, 0.004

0, 14, 28, 0, 80.2307, 7.67586, 0.180, 1.396, 0.004

1, 14, 29, 0, 80.2307, 7.67586, 0.400, 1.383, 0.004

0, 14, 28, 1, 80.2307, 7.67586, 0.180, 1.395, 0.004

1, 14, 29, 1, 80.2307, 7.67586, 0.410, 1.378, 0.004

0, 14, 28, 2, 80.2307, 7.67586, 0.190, 1.401, 0.004

1, 14, 29, 2, 80.2307, 7.67586, 0.400, 1.379, 0.004

0, 14, 28, 3, 80.2307, 7.67586, 0.180, 1.402, 0.004

1, 14, 29, 3, 80.2307, 7.67586, 0.390, 1.390, 0.004

0, 14, 28, 4, 80.2307, 7.67586, 0.180, 1.399, 0.004

1, 14, 29, 4, 80.2307, 7.67586, 0.400, 1.380, 0.004

0, 14, 28, 0, 80.2307, 7.92586, 0.190, 1.396, 0.004

1, 14, 29, 0, 80.2307, 7.92586, 0.390, 1.390, 0.004

0, 14, 28, 1, 80.2307, 7.92586, 0.180, 1.398, 0.004

1, 14, 29, 1, 80.2307, 7.92586, 0.400, 1.375, 0.004

0, 14, 28, 2, 80.2307, 7.92586, 0.190, 1.401, 0.004

1, 14, 29, 2, 80.2307, 7.92586, 0.380, 1.384, 0.004

0, 14, 28, 3, 80.2307, 7.92586, 0.190, 1.402, 0.004

1, 14, 29, 3, 80.2307, 7.92586, 0.420, 1.376, 0.004

0, 14, 28, 4, 80.2307, 7.92586, 0.180, 1.400, 0.004

1, 14, 29, 4, 80.2307, 7.92586, 0.390, 1.387, 0.004

0, 14, 28, 0, 80.2307, 8.17586, 0.180, 1.401, 0.004

1, 14, 29, 0, 80.2307, 8.17586, 0.400, 1.388, 0.004

0, 14, 28, 1, 80.2307, 8.17586, 0.190, 1.402, 0.004

1, 14, 29, 1, 80.2307, 8.17586, 0.400, 1.383, 0.004

0, 14, 28, 2, 80.2307, 8.17586, 0.190, 1.394, 0.004

1, 14, 29, 2, 80.2307, 8.17586, 0.370, 1.383, 0.004

0, 14, 28, 3, 80.2307, 8.17586, 0.180, 1.399, 0.004

1, 14, 29, 3, 80.2307, 8.17586, 0.390, 1.356, 0.004

0, 14, 28, 4, 80.2307, 8.17586, 0.180, 1.402, 0.004

1, 14, 29, 4, 80.2307, 8.17586, 0.400, 1.383, 0.004

0, 14, 28, 0, 80.2307, 8.42586, 0.190, 1.392, 0.004

1, 14, 29, 0, 80.2307, 8.42586, 0.410, 1.381, 0.004

0, 14, 28, 1, 80.2307, 8.42586, 0.190, 1.395, 0.004

1, 14, 29, 1, 80.2307, 8.42586, 0.400, 1.385, 0.004

0, 14, 28, 2, 80.2307, 8.42586, 0.190, 1.401, 0.004

1, 14, 29, 2, 80.2307, 8.42586, 0.380, 1.376, 0.004

0, 14, 28, 3, 80.2307, 8.42586, 0.190, 1.392, 0.004

1, 14, 29, 3, 80.2307, 8.42586, 0.390, 1.384, 0.004

0, 14, 28, 4, 80.2307, 8.42586, 0.190, 1.401, 0.004

1, 14, 29, 4, 80.2307, 8.42586, 0.410, 1.377, 0.004

0, 14, 28, 0, 80.2307, 8.67586, 0.180, 1.402, 0.004

1, 14, 29, 0, 80.2307, 8.67586, 0.390, 1.377, 0.004

0, 14, 28, 1, 80.2307, 8.67586, 0.190, 1.396, 0.004

1, 14, 29, 1, 80.2307, 8.67586, 0.420, 1.380, 0.004

0, 14, 28, 2, 80.2307, 8.67586, 0.190, 1.398, 0.004

1, 14, 29, 2, 80.2307, 8.67586, 0.410, 1.302, 0.004

0, 14, 28, 3, 80.2307, 8.67586, 0.180, 1.399, 0.004

1, 14, 29, 3, 80.2307, 8.67586, 0.400, 1.381, 0.004

0, 14, 28, 4, 80.2307, 8.67586, 0.190, 1.402, 0.004

1, 14, 29, 4, 80.2307, 8.67586, 0.390, 1.381, 0.004

0, 14, 28, 0, 80.2307, 8.92586, 0.190, 1.395, 0.004

1, 14, 29, 0, 80.2307, 8.92586, 0.420, 1.377, 0.004

0, 14, 28, 1, 80.2307, 8.92586, 0.180, 1.398, 0.004

1, 14, 29, 1, 80.2307, 8.92586, 0.390, 1.379, 0.004

0, 14, 28, 2, 80.2307, 8.92586, 0.190, 1.402, 0.004

1, 14, 29, 2, 80.2307, 8.92586, 0.400, 1.386, 0.004

0, 14, 28, 3, 80.2307, 8.92586, 0.180, 1.395, 0.004

1, 14, 29, 3, 80.2307, 8.92586, 0.370, 1.389, 0.004

0, 14, 28, 4, 80.2307, 8.92586, 0.190, 1.403, 0.004

1, 14, 29, 4, 80.2307, 8.92586, 0.400, 1.386, 0.004

0, 14, 28, 0, 80.2307, 9.17586, 0.190, 1.392, 0.004

1, 14, 29, 0, 80.2307, 9.17586, 0.400, 1.381, 0.004

0, 14, 28, 1, 80.2307, 9.17586, 0.190, 1.394, 0.004

1, 14, 29, 1, 80.2307, 9.17586, 0.380, 1.384, 0.004

0, 14, 28, 2, 80.2307, 9.17586, 0.190, 1.397, 0.004

1, 14, 29, 2, 80.2307, 9.17586, 0.390, 1.363, 0.004

0, 14, 28, 3, 80.2307, 9.17586, 0.180, 1.394, 0.004

1, 14, 29, 3, 80.2307, 9.17586, 0.400, 1.350, 0.004

0, 14, 28, 4, 80.2307, 9.17586, 0.190, 1.397, 0.004

1, 14, 29, 4, 80.2307, 9.17586, 0.400, 1.389, 0.004

0, 14, 28, 0, 80.2307, 9.42586, 0.190, 1.397, 0.004

1, 14, 29, 0, 80.2307, 9.42586, 0.400, 1.388, 0.004

0, 14, 28, 1, 80.2307, 9.42586, 0.180, 1.402, 0.004

1, 14, 29, 1, 80.2307, 9.42586, 0.380, 1.384, 0.004

0, 14, 28, 2, 80.2307, 9.42586, 0.190, 1.399, 0.004

1, 14, 29, 2, 80.2307, 9.42586, 0.400, 1.390, 0.004

0, 14, 28, 3, 80.2307, 9.42586, 0.180, 1.402, 0.004

1, 14, 29, 3, 80.2307, 9.42586, 0.390, 1.396, 0.004

0, 14, 28, 4, 80.2307, 9.42586, 0.190, 1.398, 0.004

1, 14, 29, 4, 80.2307, 9.42586, 0.390, 1.377, 0.004

0, 14, 28, 0, 80.2307, 9.67586, 0.180, 1.397, 0.004

1, 14, 29, 0, 80.2307, 9.67586, 0.400, 1.372, 0.004

0, 14, 28, 1, 80.2307, 9.67586, 0.190, 1.393, 0.004

1, 14, 29, 1, 80.2307, 9.67586, 0.400, 1.383, 0.004

0, 14, 28, 2, 80.2307, 9.67586, 0.190, 1.394, 0.004

1, 14, 29, 2, 80.2307, 9.67586, 0.400, 1.382, 0.004

0, 14, 28, 3, 80.2307, 9.67586, 0.190, 1.401, 0.004

1, 14, 29, 3, 80.2307, 9.67586, 0.400, 1.384, 0.004

0, 14, 28, 4, 80.2307, 9.67586, 0.190, 1.399, 0.004

1, 14, 29, 4, 80.2307, 9.67586, 0.400, 1.389, 0.004

0, 14, 28, 0, 80.2307, 9.92586, 0.190, 1.387, 0.004

1, 14, 29, 0, 80.2307, 9.92586, 0.390, 1.351, 0.004

0, 14, 28, 1, 80.2307, 9.92586, 0.190, 1.394, 0.004

1, 14, 29, 1, 80.2307, 9.92586, 0.400, 1.378, 0.004

0, 14, 28, 2, 80.2307, 9.92586, 0.190, 1.401, 0.004

1, 14, 29, 2, 80.2307, 9.92586, 0.400, 1.375, 0.004

0, 14, 28, 3, 80.2307, 9.92586, 0.190, 1.406, 0.004

1, 14, 29, 3, 80.2307, 9.92586, 0.390, 1.386, 0.004

0, 14, 28, 4, 80.2307, 9.92586, 0.180, 1.390, 0.004

1, 14, 29, 4, 80.2307, 9.92586, 0.410, 1.379, 0.004

0, 14, 28, 0, 80.2307, 10.1759, 0.190, 1.395, 0.004

1, 14, 29, 0, 80.2307, 10.1759, 0.390, 1.385, 0.004

0, 14, 28, 1, 80.2307, 10.1759, 0.190, 1.393, 0.004

1, 14, 29, 1, 80.2307, 10.1759, 0.400, 1.373, 0.004

0, 14, 28, 2, 80.2307, 10.1759, 0.190, 1.391, 0.004

1, 14, 29, 2, 80.2307, 10.1759, 0.380, 1.385, 0.004

0, 14, 28, 3, 80.2307, 10.1759, 0.190, 1.397, 0.004

1, 14, 29, 3, 80.2307, 10.1759, 0.390, 1.381, 0.004

0, 14, 28, 4, 80.2307, 10.1759, 0.180, 1.406, 0.004

1, 14, 29, 4, 80.2307, 10.1759, 0.390, 1.384, 0.004

0, 14, 28, 0, 80.2307, 10.4259, 0.190, 1.397, 0.004

1, 14, 29, 0, 80.2307, 10.4259, 0.390, 1.384, 0.004

0, 14, 28, 1, 80.2307, 10.4259, 0.190, 1.395, 0.004

1, 14, 29, 1, 80.2307, 10.4259, 0.400, 1.388, 0.004

0, 14, 28, 2, 80.2307, 10.4259, 0.190, 1.398, 0.004

1, 14, 29, 2, 80.2307, 10.4259, 0.400, 1.378, 0.004

0, 14, 28, 3, 80.2307, 10.4259, 0.180, 1.401, 0.004

1, 14, 29, 3, 80.2307, 10.4259, 0.400, 1.388, 0.004

0, 14, 28, 4, 80.2307, 10.4259, 0.190, 1.395, 0.004

1, 14, 29, 4, 80.2307, 10.4259, 0.390, 1.384, 0.004

0, 14, 28, 0, 80.2307, 10.6759, 0.190, 1.392, 0.004

1, 14, 29, 0, 80.2307, 10.6759, 0.400, 1.382, 0.004

0, 14, 28, 1, 80.2307, 10.6759, 0.190, 1.397, 0.004

1, 14, 29, 1, 80.2307, 10.6759, 0.390, 1.385, 0.004

0, 14, 28, 2, 80.2307, 10.6759, 0.190, 1.398, 0.004

1, 14, 29, 2, 80.2307, 10.6759, 0.390, 1.341, 0.004

0, 14, 28, 3, 80.2307, 10.6759, 0.190, 1.400, 0.004

1, 14, 29, 3, 80.2307, 10.6759, 0.400, 1.377, 0.004

0, 14, 28, 4, 80.2307, 10.6759, 0.190, 1.399, 0.004

1, 14, 29, 4, 80.2307, 10.6759, 0.380, 1.391, 0.004

0, 14, 28, 0, 80.2307, 10.9259, 0.180, 1.401, 0.004

1, 14, 29, 0, 80.2307, 10.9259, 0.390, 1.376, 0.004

0, 14, 28, 1, 80.2307, 10.9259, 0.190, 1.399, 0.004

1, 14, 29, 1, 80.2307, 10.9259, 0.390, 1.375, 0.004

0, 14, 28, 2, 80.2307, 10.9259, 0.190, 1.405, 0.004

1, 14, 29, 2, 80.2307, 10.9259, 0.400, 1.386, 0.004

0, 14, 28, 3, 80.2307, 10.9259, 0.190, 1.393, 0.004

1, 14, 29, 3, 80.2307, 10.9259, 0.400, 1.379, 0.004

0, 14, 28, 4, 80.2307, 10.9259, 0.190, 1.394, 0.004

1, 14, 29, 4, 80.2307, 10.9259, 0.380, 1.383, 0.004

0, 14, 28, 0, 80.2307, 11.1759, 0.190, 1.404, 0.004

1, 14, 29, 0, 80.2307, 11.1759, 0.400, 1.383, 0.004

0, 14, 28, 1, 80.2307, 11.1759, 0.190, 1.394, 0.004

1, 14, 29, 1, 80.2307, 11.1759, 0.390, 1.375, 0.004

0, 14, 28, 2, 80.2307, 11.1759, 0.180, 1.397, 0.004

1, 14, 29, 2, 80.2307, 11.1759, 0.390, 1.355, 0.004

0, 14, 28, 3, 80.2307, 11.1759, 0.180, 1.400, 0.004

1, 14, 29, 3, 80.2307, 11.1759, 0.400, 1.389, 0.004

0, 14, 28, 4, 80.2307, 11.1759, 0.180, 1.393, 0.004

1, 14, 29, 4, 80.2307, 11.1759, 0.400, 1.383, 0.004

0, 14, 28, 0, 80.2307, 11.4259, 0.180, 1.399, 0.004

1, 14, 29, 0, 80.2307, 11.4259, 0.380, 1.382, 0.004

0, 14, 28, 1, 80.2307, 11.4259, 0.190, 1.395, 0.004

1, 14, 29, 1, 80.2307, 11.4259, 0.410, 1.380, 0.004

0, 14, 28, 2, 80.2307, 11.4259, 0.190, 1.393, 0.004

1, 14, 29, 2, 80.2307, 11.4259, 0.390, 1.381, 0.004

0, 14, 28, 3, 80.2307, 11.4259, 0.190, 1.403, 0.004

1, 14, 29, 3, 80.2307, 11.4259, 0.380, 1.383, 0.004

0, 14, 28, 4, 80.2307, 11.4259, 0.190, 1.389, 0.004

1, 14, 29, 4, 80.2307, 11.4259, 0.390, 1.382, 0.004

0, 14, 28, 0, 80.2307, 11.6759, 0.190, 1.395, 0.004

1, 14, 29, 0, 80.2307, 11.6759, 0.390, 1.394, 0.004

0, 14, 28, 1, 80.2307, 11.6759, 0.190, 1.399, 0.004

1, 14, 29, 1, 80.2307, 11.6759, 0.400, 1.384, 0.004

0, 14, 28, 2, 80.2307, 11.6759, 0.190, 1.400, 0.004

1, 14, 29, 2, 80.2307, 11.6759, 0.380, 1.388, 0.004

0, 14, 28, 3, 80.2307, 11.6759, 0.190, 1.391, 0.004

1, 14, 29, 3, 80.2307, 11.6759, 0.410, 1.381, 0.004

0, 14, 28, 4, 80.2307, 11.6759, 0.180, 1.397, 0.004

1, 14, 29, 4, 80.2307, 11.6759, 0.410, 1.380, 0.004

0, 14, 28, 0, 80.2307, 11.9259, 0.190, 1.407, 0.004

1, 14, 29, 0, 80.2307, 11.9259, 0.390, 1.330, 0.004

0, 14, 28, 1, 80.2307, 11.9259, 0.190, 1.397, 0.004

1, 14, 29, 1, 80.2307, 11.9259, 0.390, 1.385, 0.004

0, 14, 28, 2, 80.2307, 11.9259, 0.190, 1.397, 0.004

1, 14, 29, 2, 80.2307, 11.9259, 0.390, 1.376, 0.004

0, 14, 28, 3, 80.2307, 11.9259, 0.190, 1.400, 0.004

1, 14, 29, 3, 80.2307, 11.9259, 0.410, 1.388, 0.004

0, 14, 28, 4, 80.2307, 11.9259, 0.190, 1.398, 0.004

1, 14, 29, 4, 80.2307, 11.9259, 0.410, 1.384, 0.004

0, 14, 28, 0, 80.2307, 12.1759, 0.180, 1.402, 0.004

1, 14, 29, 0, 80.2307, 12.1759, 0.400, 1.381, 0.004

0, 14, 28, 1, 80.2307, 12.1759, 0.190, 1.403, 0.004

1, 14, 29, 1, 80.2307, 12.1759, 0.400, 1.382, 0.004

0, 14, 28, 2, 80.2307, 12.1759, 0.180, 1.394, 0.004

1, 14, 29, 2, 80.2307, 12.1759, 0.390, 1.365, 0.004

0, 14, 28, 3, 80.2307, 12.1759, 0.190, 1.394, 0.004

1, 14, 29, 3, 80.2307, 12.1759, 0.400, 1.381, 0.004

0, 14, 28, 4, 80.2307, 12.1759, 0.180, 1.400, 0.004

1, 14, 29, 4, 80.2307, 12.1759, 0.400, 1.375, 0.004

0, 14, 28, 0, 80.2307, 12.4259, 0.190, 1.395, 0.004

1, 14, 29, 0, 80.2307, 12.4259, 0.410, 1.377, 0.004

0, 14, 28, 1, 80.2307, 12.4259, 0.190, 1.409, 0.004

1, 14, 29, 1, 80.2307, 12.4259, 0.400, 1.376, 0.004

0, 14, 28, 2, 80.2307, 12.4259, 0.190, 1.397, 0.004

1, 14, 29, 2, 80.2307, 12.4259, 0.400, 1.387, 0.004

0, 14, 28, 3, 80.2307, 12.4259, 0.180, 1.399, 0.004

1, 14, 29, 3, 80.2307, 12.4259, 0.400, 1.384, 0.004

0, 14, 28, 4, 80.2307, 12.4259, 0.180, 1.398, 0.004

1, 14, 29, 4, 80.2307, 12.4259, 0.400, 1.382, 0.004

0, 14, 28, 0, 80.2307, 12.6759, 0.190, 1.394, 0.004

1, 14, 29, 0, 80.2307, 12.6759, 0.370, 1.387, 0.004

0, 14, 28, 1, 80.2307, 12.6759, 0.190, 1.399, 0.004

1, 14, 29, 1, 80.2307, 12.6759, 0.380, 1.379, 0.004

0, 14, 28, 2, 80.2307, 12.6759, 0.180, 1.400, 0.004

1, 14, 29, 2, 80.2307, 12.6759, 0.410, 1.377, 0.004

0, 14, 28, 3, 80.2307, 12.6759, 0.180, 1.403, 0.004

1, 14, 29, 3, 80.2307, 12.6759, 0.400, 1.382, 0.004

0, 14, 28, 4, 80.2307, 12.6759, 0.190, 1.397, 0.004

1, 14, 29, 4, 80.2307, 12.6759, 0.390, 1.382, 0.004

0, 14, 28, 0, 80.2307, 12.9259, 0.180, 1.393, 0.004

1, 14, 29, 0, 80.2307, 12.9259, 0.410, 1.384, 0.004

0, 14, 28, 1, 80.2307, 12.9259, 0.190, 1.399, 0.004

1, 14, 29, 1, 80.2307, 12.9259, 0.400, 1.382, 0.004

0, 14, 28, 2, 80.2307, 12.9259, 0.190, 1.397, 0.004

1, 14, 29, 2, 80.2307, 12.9259, 0.390, 1.384, 0.004

0, 14, 28, 3, 80.2307, 12.9259, 0.190, 1.393, 0.004

1, 14, 29, 3, 80.2307, 12.9259, 0.370, 1.403, 0.004

0, 14, 28, 4, 80.2307, 12.9259, 0.190, 1.400, 0.004

1, 14, 29, 4, 80.2307, 12.9259, 0.380, 1.383, 0.004

0, 14, 28, 0, 80.2307, 13.1759, 0.180, 1.399, 0.004

1, 14, 29, 0, 80.2307, 13.1759, 0.400, 1.384, 0.004

0, 14, 28, 1, 80.2307, 13.1759, 0.190, 1.393, 0.004

1, 14, 29, 1, 80.2307, 13.1759, 0.400, 1.375, 0.004

0, 14, 28, 2, 80.2307, 13.1759, 0.190, 1.394, 0.004

1, 14, 29, 2, 80.2307, 13.1759, 0.400, 1.378, 0.004

0, 14, 28, 3, 80.2307, 13.1759, 0.180, 1.398, 0.004

1, 14, 29, 3, 80.2307, 13.1759, 0.400, 1.371, 0.004

0, 14, 28, 4, 80.2307, 13.1759, 0.190, 1.404, 0.004

1, 14, 29, 4, 80.2307, 13.1759, 0.390, 1.391, 0.004

0, 14, 28, 0, 80.2307, 13.4259, 0.190, 1.391, 0.004

1, 14, 29, 0, 80.2307, 13.4259, 0.400, 1.373, 0.004

0, 14, 28, 1, 80.2307, 13.4259, 0.180, 1.398, 0.004

1, 14, 29, 1, 80.2307, 13.4259, 0.400, 1.367, 0.004

0, 14, 28, 2, 80.2307, 13.4259, 0.190, 1.390, 0.004

1, 14, 29, 2, 80.2307, 13.4259, 0.410, 1.371, 0.004

0, 14, 28, 3, 80.2307, 13.4259, 0.190, 1.400, 0.004

1, 14, 29, 3, 80.2307, 13.4259, 0.390, 1.375, 0.004

0, 14, 28, 4, 80.2307, 13.4259, 0.190, 1.401, 0.004

1, 14, 29, 4, 80.2307, 13.4259, 0.390, 1.379, 0.004

0, 14, 28, 0, 80.2307, 13.6759, 0.180, 1.396, 0.004

1, 14, 29, 0, 80.2307, 13.6759, 0.400, 1.391, 0.004

0, 14, 28, 1, 80.2307, 13.6759, 0.180, 1.399, 0.004

1, 14, 29, 1, 80.2307, 13.6759, 0.390, 1.355, 0.004

0, 14, 28, 2, 80.2307, 13.6759, 0.180, 1.397, 0.004

1, 14, 29, 2, 80.2307, 13.6759, 0.410, 1.392, 0.004

0, 14, 28, 3, 80.2307, 13.6759, 0.190, 1.392, 0.004

1, 14, 29, 3, 80.2307, 13.6759, 0.380, 1.386, 0.004

0, 14, 28, 4, 80.2307, 13.6759, 0.180, 1.397, 0.004

1, 14, 29, 4, 80.2307, 13.6759, 0.390, 1.382, 0.004

0, 14, 28, 0, 80.2307, 13.9259, 0.190, 1.402, 0.004

1, 14, 29, 0, 80.2307, 13.9259, 0.400, 1.389, 0.004

0, 14, 28, 1, 80.2307, 13.9259, 0.190, 1.397, 0.004

1, 14, 29, 1, 80.2307, 13.9259, 0.390, 1.388, 0.004

0, 14, 28, 2, 80.2307, 13.9259, 0.190, 1.398, 0.004

1, 14, 29, 2, 80.2307, 13.9259, 0.390, 1.377, 0.004

0, 14, 28, 3, 80.2307, 13.9259, 0.190, 1.393, 0.004

1, 14, 29, 3, 80.2307, 13.9259, 0.380, 1.385, 0.004

0, 14, 28, 4, 80.2307, 13.9259, 0.190, 1.400, 0.004

1, 14, 29, 4, 80.2307, 13.9259, 0.390, 1.381, 0.004

0, 14, 28, 0, 80.2307, 14.1759, 0.180, 1.400, 0.004

1, 14, 29, 0, 80.2307, 14.1759, 0.380, 1.345, 0.004

0, 14, 28, 1, 80.2307, 14.1759, 0.190, 1.400, 0.004

1, 14, 29, 1, 80.2307, 14.1759, 0.400, 1.373, 0.004

0, 14, 28, 2, 80.2307, 14.1759, 0.190, 1.396, 0.004

1, 14, 29, 2, 80.2307, 14.1759, 0.390, 1.381, 0.004

0, 14, 28, 3, 80.2307, 14.1759, 0.190, 1.394, 0.004

1, 14, 29, 3, 80.2307, 14.1759, 0.390, 1.381, 0.004

0, 14, 28, 4, 80.2307, 14.1759, 0.190, 1.398, 0.004

1, 14, 29, 4, 80.2307, 14.1759, 0.400, 1.381, 0.004

0, 14, 28, 0, 80.2307, 14.4259, 0.190, 1.405, 0.004

1, 14, 29, 0, 80.2307, 14.4259, 0.380, 1.384, 0.004

0, 14, 28, 1, 80.2307, 14.4259, 0.180, 1.399, 0.004

1, 14, 29, 1, 80.2307, 14.4259, 0.400, 1.373, 0.004

0, 14, 28, 2, 80.2307, 14.4259, 0.190, 1.401, 0.004

1, 14, 29, 2, 80.2307, 14.4259, 0.380, 1.385, 0.004

0, 14, 28, 3, 80.2307, 14.4259, 0.190, 1.397, 0.004

1, 14, 29, 3, 80.2307, 14.4259, 0.390, 1.383, 0.004

0, 14, 28, 4, 80.2307, 14.4259, 0.190, 1.402, 0.004

1, 14, 29, 4, 80.2307, 14.4259, 0.380, 1.374, 0.004

0, 14, 28, 0, 80.2307, 14.6759, 0.180, 1.396, 0.004

1, 14, 29, 0, 80.2307, 14.6759, 0.410, 1.392, 0.004

0, 14, 28, 1, 80.2307, 14.6759, 0.190, 1.397, 0.004

1, 14, 29, 1, 80.2307, 14.6759, 0.390, 1.390, 0.004

0, 14, 28, 2, 80.2307, 14.6759, 0.190, 1.395, 0.004

1, 14, 29, 2, 80.2307, 14.6759, 0.400, 1.378, 0.004

0, 14, 28, 3, 80.2307, 14.6759, 0.180, 1.401, 0.004

1, 14, 29, 3, 80.2307, 14.6759, 0.390, 1.387, 0.004

0, 14, 28, 4, 80.2307, 14.6759, 0.190, 1.394, 0.004

1, 14, 29, 4, 80.2307, 14.6759, 0.400, 1.377, 0.004

0, 14, 28, 0, 80.2307, 14.9259, 0.180, 1.404, 0.004

1, 14, 29, 0, 80.2307, 14.9259, 0.380, 1.382, 0.004

0, 14, 28, 1, 80.2307, 14.9259, 0.190, 1.403, 0.004

1, 14, 29, 1, 80.2307, 14.9259, 0.380, 1.396, 0.004

0, 14, 28, 2, 80.2307, 14.9259, 0.190, 1.405, 0.004

1, 14, 29, 2, 80.2307, 14.9259, 0.380, 1.379, 0.004

0, 14, 28, 3, 80.2307, 14.9259, 0.190, 1.395, 0.004

1, 14, 29, 3, 80.2307, 14.9259, 0.400, 1.366, 0.004

0, 14, 28, 4, 80.2307, 14.9259, 0.190, 1.395, 0.004

1, 14, 29, 4, 80.2307, 14.9259, 0.400, 1.386, 0.004

0, 14, 28, 0, 80.2307, 15.1759, 0.190, 1.392, 0.004

1, 14, 29, 0, 80.2307, 15.1759, 0.390, 1.376, 0.004

0, 14, 28, 1, 80.2307, 15.1759, 0.190, 1.391, 0.004

1, 14, 29, 1, 80.2307, 15.1759, 0.380, 1.387, 0.004

0, 14, 28, 2, 80.2307, 15.1759, 0.190, 1.397, 0.004

1, 14, 29, 2, 80.2307, 15.1759, 0.400, 1.377, 0.004

0, 14, 28, 3, 80.2307, 15.1759, 0.190, 1.392, 0.004

1, 14, 29, 3, 80.2307, 15.1759, 0.380, 1.391, 0.004

0, 14, 28, 4, 80.2307, 15.1759, 0.190, 1.399, 0.004

1, 14, 29, 4, 80.2307, 15.1759, 0.410, 1.366, 0.004

0, 14, 28, 0, 80.2307, 15.4259, 0.190, 1.400, 0.004

1, 14, 29, 0, 80.2307, 15.4259, 0.390, 1.366, 0.004

0, 14, 28, 1, 80.2307, 15.4259, 0.180, 1.397, 0.004

1, 14, 29, 1, 80.2307, 15.4259, 0.400, 1.387, 0.004

0, 14, 28, 2, 80.2307, 15.4259, 0.190, 1.402, 0.004

1, 14, 29, 2, 80.2307, 15.4259, 0.400, 1.382, 0.004

0, 14, 28, 3, 80.2307, 15.4259, 0.190, 1.401, 0.004

1, 14, 29, 3, 80.2307, 15.4259, 0.390, 1.387, 0.004

0, 14, 28, 4, 80.2307, 15.4259, 0.180, 1.396, 0.004

1, 14, 29, 4, 80.2307, 15.4259, 0.410, 1.374, 0.004

0, 14, 28, 0, 80.2307, 15.6759, 0.180, 1.391, 0.004

1, 14, 29, 0, 80.2307, 15.6759, 0.380, 1.387, 0.004

0, 14, 28, 1, 80.2307, 15.6759, 0.190, 1.392, 0.004

1, 14, 29, 1, 80.2307, 15.6759, 0.380, 1.375, 0.004

0, 14, 28, 2, 80.2307, 15.6759, 0.180, 1.395, 0.004

1, 14, 29, 2, 80.2307, 15.6759, 0.400, 1.375, 0.004

0, 14, 28, 3, 80.2307, 15.6759, 0.190, 1.398, 0.004

1, 14, 29, 3, 80.2307, 15.6759, 0.390, 1.387, 0.004

0, 14, 28, 4, 80.2307, 15.6759, 0.180, 1.391, 0.004

1, 14, 29, 4, 80.2307, 15.6759, 0.390, 1.383, 0.004

0, 14, 28, 0, 80.2307, 15.9259, 0.180, 1.395, 0.004

1, 14, 29, 0, 80.2307, 15.9259, 0.400, 1.382, 0.004

0, 14, 28, 1, 80.2307, 15.9259, 0.190, 1.394, 0.004

1, 14, 29, 1, 80.2307, 15.9259, 0.400, 1.383, 0.004

0, 14, 28, 2, 80.2307, 15.9259, 0.180, 1.398, 0.004

1, 14, 29, 2, 80.2307, 15.9259, 0.390, 1.388, 0.004

0, 14, 28, 3, 80.2307, 15.9259, 0.180, 1.400, 0.004

1, 14, 29, 3, 80.2307, 15.9259, 0.390, 1.384, 0.004

0, 14, 28, 4, 80.2307, 15.9259, 0.180, 1.395, 0.004

1, 14, 29, 4, 80.2307, 15.9259, 0.400, 1.388, 0.004

0, 14, 28, 0, 80.2307, 16.1759, 0.190, 1.394, 0.004

1, 14, 29, 0, 80.2307, 16.1759, 0.400, 1.368, 0.004

0, 14, 28, 1, 80.2307, 16.1759, 0.190, 1.399, 0.004

1, 14, 29, 1, 80.2307, 16.1759, 0.400, 1.372, 0.004

0, 14, 28, 2, 80.2307, 16.1759, 0.180, 1.394, 0.004

1, 14, 29, 2, 80.2307, 16.1759, 0.400, 1.382, 0.004

0, 14, 28, 3, 80.2307, 16.1759, 0.180, 1.414, 0.004

1, 14, 29, 3, 80.2307, 16.1759, 0.390, 1.378, 0.004

0, 14, 28, 4, 80.2307, 16.1759, 0.190, 1.408, 0.004

1, 14, 29, 4, 80.2307, 16.1759, 0.390, 1.379, 0.004

0, 14, 28, 0, 80.2307, 16.4259, 0.190, 1.397, 0.004

1, 14, 29, 0, 80.2307, 16.4259, 0.390, 1.352, 0.004

0, 14, 28, 1, 80.2307, 16.4259, 0.190, 1.398, 0.004

1, 14, 29, 1, 80.2307, 16.4259, 0.380, 1.393, 0.004

0, 14, 28, 2, 80.2307, 16.4259, 0.180, 1.392, 0.004

1, 14, 29, 2, 80.2307, 16.4259, 0.410, 1.387, 0.004

0, 14, 28, 3, 80.2307, 16.4259, 0.190, 1.404, 0.004

1, 14, 29, 3, 80.2307, 16.4259, 0.400, 1.356, 0.004

0, 14, 28, 4, 80.2307, 16.4259, 0.190, 1.394, 0.004

1, 14, 29, 4, 80.2307, 16.4259, 0.400, 1.344, 0.004

0, 14, 28, 0, 80.2307, 16.6759, 0.190, 1.402, 0.004

1, 14, 29, 0, 80.2307, 16.6759, 0.390, 1.382, 0.004

0, 14, 28, 1, 80.2307, 16.6759, 0.180, 1.399, 0.004

1, 14, 29, 1, 80.2307, 16.6759, 0.410, 1.410, 0.004

0, 14, 28, 2, 80.2307, 16.6759, 0.190, 1.401, 0.004

1, 14, 29, 2, 80.2307, 16.6759, 0.400, 1.374, 0.004

0, 14, 28, 3, 80.2307, 16.6759, 0.190, 1.399, 0.004

1, 14, 29, 3, 80.2307, 16.6759, 0.390, 1.379, 0.004

0, 14, 28, 4, 80.2307, 16.6759, 0.190, 1.400, 0.004

1, 14, 29, 4, 80.2307, 16.6759, 0.410, 1.388, 0.004

0, 14, 28, 0, 80.2307, 16.9259, 0.190, 1.400, 0.004

1, 14, 29, 0, 80.2307, 16.9259, 0.390, 1.384, 0.004

0, 14, 28, 1, 80.2307, 16.9259, 0.190, 1.399, 0.004

1, 14, 29, 1, 80.2307, 16.9259, 0.390, 1.389, 0.004

0, 14, 28, 2, 80.2307, 16.9259, 0.180, 1.391, 0.004

1, 14, 29, 2, 80.2307, 16.9259, 0.400, 1.401, 0.004

0, 14, 28, 3, 80.2307, 16.9259, 0.190, 1.404, 0.004

1, 14, 29, 3, 80.2307, 16.9259, 0.390, 1.382, 0.004

0, 14, 28, 4, 80.2307, 16.9259, 0.190, 1.398, 0.004

1, 14, 29, 4, 80.2307, 16.9259, 0.390, 1.390, 0.004

0, 14, 28, 0, 80.2307, 17.1759, 0.180, 1.393, 0.004

1, 14, 29, 0, 80.2307, 17.1759, 0.420, 1.398, 0.004

0, 14, 28, 1, 80.2307, 17.1759, 0.190, 1.395, 0.004

1, 14, 29, 1, 80.2307, 17.1759, 0.410, 1.348, 0.004

0, 14, 28, 2, 80.2307, 17.1759, 0.190, 1.398, 0.004

1, 14, 29, 2, 80.2307, 17.1759, 0.410, 1.382, 0.004

0, 14, 28, 3, 80.2307, 17.1759, 0.180, 1.403, 0.004

1, 14, 29, 3, 80.2307, 17.1759, 0.390, 1.378, 0.004

0, 14, 28, 4, 80.2307, 17.1759, 0.180, 1.393, 0.004

1, 14, 29, 4, 80.2307, 17.1759, 0.400, 1.383, 0.004

0, 14, 28, 0, 80.2307, 17.4259, 0.190, 1.402, 0.004

1, 14, 29, 0, 80.2307, 17.4259, 0.390, 1.378, 0.004

0, 14, 28, 1, 80.2307, 17.4259, 0.190, 1.403, 0.004

1, 14, 29, 1, 80.2307, 17.4259, 0.410, 1.385, 0.004

0, 14, 28, 2, 80.2307, 17.4259, 0.190, 1.400, 0.004

1, 14, 29, 2, 80.2307, 17.4259, 0.420, 1.380, 0.004

0, 14, 28, 3, 80.2307, 17.4259, 0.190, 1.400, 0.004

1, 14, 29, 3, 80.2307, 17.4259, 0.400, 1.376, 0.004

0, 14, 28, 4, 80.2307, 17.4259, 0.190, 1.394, 0.004

1, 14, 29, 4, 80.2307, 17.4259, 0.400, 1.323, 0.004

0, 14, 28, 0, 80.2307, 17.6759, 0.180, 1.393, 0.004

1, 14, 29, 0, 80.2307, 17.6759, 0.400, 1.378, 0.004

0, 14, 28, 1, 80.2307, 17.6759, 0.180, 1.396, 0.004

1, 14, 29, 1, 80.2307, 17.6759, 0.400, 1.388, 0.004

0, 14, 28, 2, 80.2307, 17.6759, 0.190, 1.403, 0.004

1, 14, 29, 2, 80.2307, 17.6759, 0.400, 1.374, 0.004

0, 14, 28, 3, 80.2307, 17.6759, 0.190, 1.390, 0.004

1, 14, 29, 3, 80.2307, 17.6759, 0.400, 1.378, 0.004

0, 14, 28, 4, 80.2307, 17.6759, 0.190, 1.404, 0.004

1, 14, 29, 4, 80.2307, 17.6759, 0.380, 1.387, 0.004

0, 14, 28, 0, 80.2307, 17.9259, 0.190, 1.401, 0.004

1, 14, 29, 0, 80.2307, 17.9259, 0.400, 1.389, 0.004

0, 14, 28, 1, 80.2307, 17.9259, 0.190, 1.400, 0.004

1, 14, 29, 1, 80.2307, 17.9259, 0.400, 1.385, 0.004

0, 14, 28, 2, 80.2307, 17.9259, 0.190, 1.401, 0.004

1, 14, 29, 2, 80.2307, 17.9259, 0.400, 1.386, 0.004

0, 14, 28, 3, 80.2307, 17.9259, 0.190, 1.396, 0.004

1, 14, 29, 3, 80.2307, 17.9259, 0.400, 1.383, 0.004

0, 14, 28, 4, 80.2307, 17.9259, 0.190, 1.395, 0.004

1, 14, 29, 4, 80.2307, 17.9259, 0.400, 1.381, 0.004

0, 14, 28, 0, 80.2307, 18.1759, 0.190, 1.395, 0.004

1, 14, 29, 0, 80.2307, 18.1759, 0.410, 1.390, 0.004

0, 14, 28, 1, 80.2307, 18.1759, 0.190, 1.397, 0.004

1, 14, 29, 1, 80.2307, 18.1759, 0.400, 1.381, 0.004

0, 14, 28, 2, 80.2307, 18.1759, 0.180, 1.397, 0.004

1, 14, 29, 2, 80.2307, 18.1759, 0.400, 1.377, 0.004

0, 14, 28, 3, 80.2307, 18.1759, 0.190, 1.396, 0.004

1, 14, 29, 3, 80.2307, 18.1759, 0.410, 1.357, 0.004

0, 14, 28, 4, 80.2307, 18.1759, 0.190, 1.393, 0.004

1, 14, 29, 4, 80.2307, 18.1759, 0.410, 1.364, 0.004

0, 14, 28, 0, 80.2307, 18.4259, 0.190, 1.402, 0.004

1, 14, 29, 0, 80.2307, 18.4259, 0.390, 1.384, 0.004

0, 14, 28, 1, 80.2307, 18.4259, 0.190, 1.399, 0.004

1, 14, 29, 1, 80.2307, 18.4259, 0.400, 1.383, 0.004

0, 14, 28, 2, 80.2307, 18.4259, 0.190, 1.403, 0.004

1, 14, 29, 2, 80.2307, 18.4259, 0.420, 1.390, 0.004

0, 14, 28, 3, 80.2307, 18.4259, 0.190, 1.397, 0.004

1, 14, 29, 3, 80.2307, 18.4259, 0.400, 1.386, 0.004

0, 14, 28, 4, 80.2307, 18.4259, 0.190, 1.393, 0.004

1, 14, 29, 4, 80.2307, 18.4259, 0.400, 1.391, 0.004

0, 14, 28, 0, 80.2307, 18.6759, 0.190, 1.400, 0.004

1, 14, 29, 0, 80.2307, 18.6759, 0.380, 1.373, 0.004

0, 14, 28, 1, 80.2307, 18.6759, 0.190, 1.400, 0.004

1, 14, 29, 1, 80.2307, 18.6759, 0.390, 1.389, 0.004

0, 14, 28, 2, 80.2307, 18.6759, 0.190, 1.399, 0.004

1, 14, 29, 2, 80.2307, 18.6759, 0.400, 1.373, 0.004

0, 14, 28, 3, 80.2307, 18.6759, 0.190, 1.401, 0.004

1, 14, 29, 3, 80.2307, 18.6759, 0.380, 1.385, 0.004

0, 14, 28, 4, 80.2307, 18.6759, 0.190, 1.403, 0.004

1, 14, 29, 4, 80.2307, 18.6759, 0.400, 1.381, 0.004

0, 14, 28, 0, 80.2307, 18.9259, 0.190, 1.402, 0.004

1, 14, 29, 0, 80.2307, 18.9259, 0.390, 1.371, 0.004

0, 14, 28, 1, 80.2307, 18.9259, 0.190, 1.398, 0.004

1, 14, 29, 1, 80.2307, 18.9259, 0.400, 1.386, 0.004

0, 14, 28, 2, 80.2307, 18.9259, 0.190, 1.397, 0.004

1, 14, 29, 2, 80.2307, 18.9259, 0.390, 1.387, 0.004

0, 14, 28, 3, 80.2307, 18.9259, 0.190, 1.393, 0.004

1, 14, 29, 3, 80.2307, 18.9259, 0.390, 1.370, 0.004

0, 14, 28, 4, 80.2307, 18.9259, 0.190, 1.399, 0.004

1, 14, 29, 4, 80.2307, 18.9259, 0.390, 1.386, 0.004

0, 14, 28, 0, 80.2307, 19.1759, 0.190, 1.397, 0.004

1, 14, 29, 0, 80.2307, 19.1759, 0.400, 1.346, 0.004

0, 14, 28, 1, 80.2307, 19.1759, 0.190, 1.397, 0.004

1, 14, 29, 1, 80.2307, 19.1759, 0.420, 1.385, 0.004

0, 14, 28, 2, 80.2307, 19.1759, 0.190, 1.395, 0.004

1, 14, 29, 2, 80.2307, 19.1759, 0.400, 1.383, 0.004

0, 14, 28, 3, 80.2307, 19.1759, 0.190, 1.393, 0.004

1, 14, 29, 3, 80.2307, 19.1759, 0.400, 1.379, 0.004

0, 14, 28, 4, 80.2307, 19.1759, 0.190, 1.404, 0.004

1, 14, 29, 4, 80.2307, 19.1759, 0.390, 1.382, 0.004

0, 14, 28, 0, 80.2307, 19.4259, 0.190, 1.392, 0.004

1, 14, 29, 0, 80.2307, 19.4259, 0.390, 1.373, 0.004

0, 14, 28, 1, 80.2307, 19.4259, 0.190, 1.391, 0.004

1, 14, 29, 1, 80.2307, 19.4259, 0.390, 1.379, 0.004

0, 14, 28, 2, 80.2307, 19.4259, 0.190, 1.397, 0.004

1, 14, 29, 2, 80.2307, 19.4259, 0.390, 1.347, 0.004

0, 14, 28, 3, 80.2307, 19.4259, 0.190, 1.394, 0.004

1, 14, 29, 3, 80.2307, 19.4259, 0.400, 1.390, 0.004

0, 14, 28, 4, 80.2307, 19.4259, 0.190, 1.394, 0.004

1, 14, 29, 4, 80.2307, 19.4259, 0.390, 1.376, 0.004

0, 14, 28, 0, 80.2307, 19.6759, 0.190, 1.397, 0.004

1, 14, 29, 0, 80.2307, 19.6759, 0.380, 1.386, 0.004

0, 14, 28, 1, 80.2307, 19.6759, 0.190, 1.400, 0.004

1, 14, 29, 1, 80.2307, 19.6759, 0.370, 1.378, 0.004

0, 14, 28, 2, 80.2307, 19.6759, 0.190, 1.393, 0.004

1, 14, 29, 2, 80.2307, 19.6759, 0.400, 1.383, 0.004

0, 14, 28, 3, 80.2307, 19.6759, 0.190, 1.402, 0.004

1, 14, 29, 3, 80.2307, 19.6759, 0.380, 1.383, 0.004

0, 14, 28, 4, 80.2307, 19.6759, 0.190, 1.394, 0.004

1, 14, 29, 4, 80.2307, 19.6759, 0.400, 1.382, 0.004

0, 14, 28, 0, 80.2307, 19.9259, 0.180, 1.397, 0.004

1, 14, 29, 0, 80.2307, 19.9259, 0.390, 1.375, 0.004

0, 14, 28, 1, 80.2307, 19.9259, 0.190, 1.399, 0.004

1, 14, 29, 1, 80.2307, 19.9259, 0.400, 1.377, 0.004

0, 14, 28, 2, 80.2307, 19.9259, 0.190, 1.394, 0.004

1, 14, 29, 2, 80.2307, 19.9259, 0.380, 1.385, 0.004

0, 14, 28, 3, 80.2307, 19.9259, 0.190, 1.393, 0.004

1, 14, 29, 3, 80.2307, 19.9259, 0.410, 1.369, 0.004

0, 14, 28, 4, 80.2307, 19.9259, 0.190, 1.396, 0.004

1, 14, 29, 4, 80.2307, 19.9259, 0.400, 1.378, 0.004

0, 14, 28, 0, 80.2307, 20.1759, 0.190, 1.394, 0.004

1, 14, 29, 0, 80.2307, 20.1759, 0.400, 1.381, 0.004

0, 14, 28, 1, 80.2307, 20.1759, 0.190, 1.399, 0.004

1, 14, 29, 1, 80.2307, 20.1759, 0.390, 1.380, 0.004

0, 14, 28, 2, 80.2307, 20.1759, 0.180, 1.399, 0.004

1, 14, 29, 2, 80.2307, 20.1759, 0.390, 1.382, 0.004

0, 14, 28, 3, 80.2307, 20.1759, 0.190, 1.397, 0.004

1, 14, 29, 3, 80.2307, 20.1759, 0.380, 1.381, 0.004

0, 14, 28, 4, 80.2307, 20.1759, 0.190, 1.396, 0.004

1, 14, 29, 4, 80.2307, 20.1759, 0.400, 1.381, 0.004

0, 14, 28, 0, 80.2307, 20.4259, 0.190, 1.399, 0.004

1, 14, 29, 0, 80.2307, 20.4259, 0.390, 1.386, 0.004

0, 14, 28, 1, 80.2307, 20.4259, 0.180, 1.396, 0.004

1, 14, 29, 1, 80.2307, 20.4259, 0.390, 1.386, 0.004

0, 14, 28, 2, 80.2307, 20.4259, 0.180, 1.405, 0.004

1, 14, 29, 2, 80.2307, 20.4259, 0.390, 1.384, 0.004

0, 14, 28, 3, 80.2307, 20.4259, 0.190, 1.391, 0.004

1, 14, 29, 3, 80.2307, 20.4259, 0.390, 1.379, 0.004

0, 14, 28, 4, 80.2307, 20.4259, 0.190, 1.401, 0.004

1, 14, 29, 4, 80.2307, 20.4259, 0.390, 1.379, 0.004

0, 14, 28, 0, 80.2307, 20.6759, 0.190, 1.397, 0.004

1, 14, 29, 0, 80.2307, 20.6759, 0.410, 1.390, 0.004

0, 14, 28, 1, 80.2307, 20.6759, 0.190, 1.395, 0.004

1, 14, 29, 1, 80.2307, 20.6759, 0.390, 1.371, 0.004

0, 14, 28, 2, 80.2307, 20.6759, 0.190, 1.395, 0.004

1, 14, 29, 2, 80.2307, 20.6759, 0.400, 1.372, 0.004

0, 14, 28, 3, 80.2307, 20.6759, 0.190, 1.396, 0.004

1, 14, 29, 3, 80.2307, 20.6759, 0.380, 1.381, 0.004

0, 14, 28, 4, 80.2307, 20.6759, 0.190, 1.394, 0.004

1, 14, 29, 4, 80.2307, 20.6759, 0.390, 1.385, 0.004

0, 14, 28, 0, 80.2307, 20.9259, 0.190, 1.392, 0.004

1, 14, 29, 0, 80.2307, 20.9259, 0.390, 1.375, 0.004

0, 14, 28, 1, 80.2307, 20.9259, 0.190, 1.394, 0.004

1, 14, 29, 1, 80.2307, 20.9259, 0.380, 1.385, 0.004

0, 14, 28, 2, 80.2307, 20.9259, 0.190, 1.399, 0.004

1, 14, 29, 2, 80.2307, 20.9259, 0.390, 1.385, 0.004

0, 14, 28, 3, 80.2307, 20.9259, 0.190, 1.391, 0.004

1, 14, 29, 3, 80.2307, 20.9259, 0.400, 1.371, 0.004

0, 14, 28, 4, 80.2307, 20.9259, 0.190, 1.395, 0.004

1, 14, 29, 4, 80.2307, 20.9259, 0.390, 1.388, 0.004

0, 14, 28, 0, 80.2307, 21.1759, 0.190, 1.400, 0.004

1, 14, 29, 0, 80.2307, 21.1759, 0.380, 1.384, 0.004

0, 14, 28, 1, 80.2307, 21.1759, 0.190, 1.406, 0.004

1, 14, 29, 1, 80.2307, 21.1759, 0.400, 1.378, 0.004

0, 14, 28, 2, 80.2307, 21.1759, 0.190, 1.400, 0.004

1, 14, 29, 2, 80.2307, 21.1759, 0.380, 1.374, 0.004

0, 14, 28, 3, 80.2307, 21.1759, 0.190, 1.396, 0.004

1, 14, 29, 3, 80.2307, 21.1759, 0.370, 1.395, 0.004

0, 14, 28, 4, 80.2307, 21.1759, 0.190, 1.394, 0.004

1, 14, 29, 4, 80.2307, 21.1759, 0.390, 1.378, 0.004

0, 14, 28, 0, 80.2307, 21.4259, 0.190, 1.398, 0.004

1, 14, 29, 0, 80.2307, 21.4259, 0.370, 1.378, 0.004

0, 14, 28, 1, 80.2307, 21.4259, 0.190, 1.394, 0.004

1, 14, 29, 1, 80.2307, 21.4259, 0.390, 1.384, 0.004

0, 14, 28, 2, 80.2307, 21.4259, 0.190, 1.395, 0.004

1, 14, 29, 2, 80.2307, 21.4259, 0.390, 1.380, 0.004

0, 14, 28, 3, 80.2307, 21.4259, 0.190, 1.395, 0.004

1, 14, 29, 3, 80.2307, 21.4259, 0.380, 1.376, 0.004

0, 14, 28, 4, 80.2307, 21.4259, 0.190, 1.396, 0.004

1, 14, 29, 4, 80.2307, 21.4259, 0.380, 1.386, 0.004

0, 14, 28, 0, 80.2307, 21.6759, 0.190, 1.399, 0.004

1, 14, 29, 0, 80.2307, 21.6759, 0.390, 1.385, 0.004

0, 14, 28, 1, 80.2307, 21.6759, 0.190, 1.391, 0.004

1, 14, 29, 1, 80.2307, 21.6759, 0.380, 1.379, 0.004

0, 14, 28, 2, 80.2307, 21.6759, 0.190, 1.401, 0.004

1, 14, 29, 2, 80.2307, 21.6759, 0.390, 1.381, 0.004

0, 14, 28, 3, 80.2307, 21.6759, 0.190, 1.395, 0.004

1, 14, 29, 3, 80.2307, 21.6759, 0.370, 1.381, 0.004

0, 14, 28, 4, 80.2307, 21.6759, 0.190, 1.400, 0.004

1, 14, 29, 4, 80.2307, 21.6759, 0.380, 1.377, 0.004

0, 14, 28, 0, 80.2307, 21.9259, 0.190, 1.398, 0.004

1, 14, 29, 0, 80.2307, 21.9259, 0.360, 1.378, 0.004

0, 14, 28, 1, 80.2307, 21.9259, 0.190, 1.404, 0.004

1, 14, 29, 1, 80.2307, 21.9259, 0.380, 1.378, 0.004

0, 14, 28, 2, 80.2307, 21.9259, 0.190, 1.395, 0.004

1, 14, 29, 2, 80.2307, 21.9259, 0.370, 1.382, 0.004

0, 14, 28, 3, 80.2307, 21.9259, 0.190, 1.401, 0.004

1, 14, 29, 3, 80.2307, 21.9259, 0.380, 1.387, 0.004

0, 14, 28, 4, 80.2307, 21.9259, 0.190, 1.399, 0.004

1, 14, 29, 4, 80.2307, 21.9259, 0.370, 1.387, 0.004

0, 14, 28, 0, 80.2307, 22.1759, 0.200, 1.404, 0.004

1, 14, 29, 0, 80.2307, 22.1759, 0.350, 1.397, 0.004

0, 14, 28, 1, 80.2307, 22.1759, 0.190, 1.395, 0.004

1, 14, 29, 1, 80.2307, 22.1759, 0.360, 1.383, 0.004

0, 14, 28, 2, 80.2307, 22.1759, 0.180, 1.399, 0.004

1, 14, 29, 2, 80.2307, 22.1759, 0.360, 1.385, 0.004

0, 14, 28, 3, 80.2307, 22.1759, 0.190, 1.397, 0.004

1, 14, 29, 3, 80.2307, 22.1759, 0.360, 1.384, 0.004

0, 14, 28, 4, 80.2307, 22.1759, 0.190, 1.404, 0.004

1, 14, 29, 4, 80.2307, 22.1759, 0.360, 1.374, 0.004

0, 14, 28, 0, 80.2307, 22.4259, 0.190, 1.406, 0.004

1, 14, 29, 0, 80.2307, 22.4259, 0.340, 1.364, 0.004

0, 14, 28, 1, 80.2307, 22.4259, 0.190, 1.405, 0.004

1, 14, 29, 1, 80.2307, 22.4259, 0.340, 1.384, 0.004

0, 14, 28, 2, 80.2307, 22.4259, 0.190, 1.400, 0.004

1, 14, 29, 2, 80.2307, 22.4259, 0.350, 1.384, 0.004

0, 14, 28, 3, 80.2307, 22.4259, 0.190, 1.390, 0.004

1, 14, 29, 3, 80.2307, 22.4259, 0.340, 1.383, 0.004

0, 14, 28, 4, 80.2307, 22.4259, 0.190, 1.402, 0.004

1, 14, 29, 4, 80.2307, 22.4259, 0.360, 1.377, 0.004

0, 14, 28, 0, 80.2307, 22.6759, 0.190, 1.397, 0.004

1, 14, 29, 0, 80.2307, 22.6759, 0.330, 1.394, 0.004

0, 14, 28, 1, 80.2307, 22.6759, 0.190, 1.394, 0.004

1, 14, 29, 1, 80.2307, 22.6759, 0.320, 1.384, 0.004

0, 14, 28, 2, 80.2307, 22.6759, 0.190, 1.401, 0.004

1, 14, 29, 2, 80.2307, 22.6759, 0.330, 1.384, 0.004

0, 14, 28, 3, 80.2307, 22.6759, 0.190, 1.397, 0.004

1, 14, 29, 3, 80.2307, 22.6759, 0.330, 1.379, 0.004

0, 14, 28, 4, 80.2307, 22.6759, 0.190, 1.402, 0.004

1, 14, 29, 4, 80.2307, 22.6759, 0.320, 1.383, 0.004

0, 14, 28, 0, 80.2307, 22.9259, 0.190, 1.399, 0.004

1, 14, 29, 0, 80.2307, 22.9259, 0.310, 1.377, 0.004

0, 14, 28, 1, 80.2307, 22.9259, 0.190, 1.402, 0.004

1, 14, 29, 1, 80.2307, 22.9259, 0.300, 1.384, 0.004

0, 14, 28, 2, 80.2307, 22.9259, 0.190, 1.398, 0.004

1, 14, 29, 2, 80.2307, 22.9259, 0.300, 1.377, 0.004

0, 14, 28, 3, 80.2307, 22.9259, 0.190, 1.408, 0.004

1, 14, 29, 3, 80.2307, 22.9259, 0.310, 1.380, 0.004

0, 14, 28, 4, 80.2307, 22.9259, 0.190, 1.390, 0.004

1, 14, 29, 4, 80.2307, 22.9259, 0.300, 1.385, 0.004

0, 14, 28, 0, 80.2307, 23.1759, 0.190, 1.397, 0.004

1, 14, 29, 0, 80.2307, 23.1759, 0.270, 1.384, 0.004

0, 14, 28, 1, 80.2307, 23.1759, 0.190, 1.400, 0.004

1, 14, 29, 1, 80.2307, 23.1759, 0.260, 1.386, 0.004

0, 14, 28, 2, 80.2307, 23.1759, 0.190, 1.405, 0.004

1, 14, 29, 2, 80.2307, 23.1759, 0.260, 1.391, 0.004

0, 14, 28, 3, 80.2307, 23.1759, 0.190, 1.407, 0.004

1, 14, 29, 3, 80.2307, 23.1759, 0.270, 1.378, 0.004

0, 14, 28, 4, 80.2307, 23.1759, 0.190, 1.401, 0.004

1, 14, 29, 4, 80.2307, 23.1759, 0.270, 1.368, 0.004

0, 14, 28, 0, 80.2307, 23.4259, 0.190, 1.394, 0.004

1, 14, 29, 0, 80.2307, 23.4259, 0.230, 1.375, 0.004

0, 14, 28, 1, 80.2307, 23.4259, 0.190, 1.375, 0.004

1, 14, 29, 1, 80.2307, 23.4259, 0.220, 1.383, 0.004

0, 14, 28, 2, 80.2307, 23.4259, 0.190, 1.396, 0.004

1, 14, 29, 2, 80.2307, 23.4259, 0.230, 1.386, 0.004

0, 14, 28, 3, 80.2307, 23.4259, 0.190, 1.390, 0.004

1, 14, 29, 3, 80.2307, 23.4259, 0.220, 1.387, 0.004

0, 14, 28, 4, 80.2307, 23.4259, 0.180, 1.403, 0.004

1, 14, 29, 4, 80.2307, 23.4259, 0.230, 1.390, 0.004

0, 14, 28, 0, 80.2307, 23.6759, 0.190, 1.398, 0.004

1, 14, 29, 0, 80.2307, 23.6759, 0.210, 1.386, 0.004

0, 14, 28, 1, 80.2307, 23.6759, 0.190, 1.396, 0.004

1, 14, 29, 1, 80.2307, 23.6759, 0.210, 1.382, 0.004

0, 14, 28, 2, 80.2307, 23.6759, 0.190, 1.401, 0.004

1, 14, 29, 2, 80.2307, 23.6759, 0.210, 1.378, 0.004

0, 14, 28, 3, 80.2307, 23.6759, 0.190, 1.398, 0.004

1, 14, 29, 3, 80.2307, 23.6759, 0.200, 1.385, 0.004

0, 14, 28, 4, 80.2307, 23.6759, 0.190, 1.397, 0.004

1, 14, 29, 4, 80.2307, 23.6759, 0.210, 1.379, 0.004

0, 14, 28, 0, 80.2307, 23.9259, 0.190, 1.401, 0.004

1, 14, 29, 0, 80.2307, 23.9259, 0.200, 1.376, 0.004

0, 14, 28, 1, 80.2307, 23.9259, 0.200, 1.395, 0.004

1, 14, 29, 1, 80.2307, 23.9259, 0.200, 1.386, 0.004

0, 14, 28, 2, 80.2307, 23.9259, 0.200, 1.398, 0.004

1, 14, 29, 2, 80.2307, 23.9259, 0.200, 1.387, 0.004

0, 14, 28, 3, 80.2307, 23.9259, 0.190, 1.401, 0.004

1, 14, 29, 3, 80.2307, 23.9259, 0.190, 1.385, 0.004

0, 14, 28, 4, 80.2307, 23.9259, 0.200, 1.401, 0.004

1, 14, 29, 4, 80.2307, 23.9259, 0.200, 1.389, 0.004

0, 14, 28, 0, 80.2307, 24.1759, 0.210, 1.400, 0.004

1, 14, 29, 0, 80.2307, 24.1759, 0.190, 1.385, 0.004

0, 14, 28, 1, 80.2307, 24.1759, 0.200, 1.403, 0.004

1, 14, 29, 1, 80.2307, 24.1759, 0.190, 1.382, 0.004

0, 14, 28, 2, 80.2307, 24.1759, 0.200, 1.402, 0.004

1, 14, 29, 2, 80.2307, 24.1759, 0.200, 1.377, 0.004

0, 14, 28, 3, 80.2307, 24.1759, 0.200, 1.395, 0.004

1, 14, 29, 3, 80.2307, 24.1759, 0.190, 1.384, 0.004

0, 14, 28, 4, 80.2307, 24.1759, 0.200, 1.390, 0.004

1, 14, 29, 4, 80.2307, 24.1759, 0.200, 1.384, 0.004

0, 14, 28, 0, 80.2307, 24.4259, 0.230, 1.394, 0.004

1, 14, 29, 0, 80.2307, 24.4259, 0.190, 1.382, 0.004

0, 14, 28, 1, 80.2307, 24.4259, 0.210, 1.404, 0.004

1, 14, 29, 1, 80.2307, 24.4259, 0.190, 1.387, 0.004

0, 14, 28, 2, 80.2307, 24.4259, 0.230, 1.387, 0.004

1, 14, 29, 2, 80.2307, 24.4259, 0.190, 1.382, 0.004

0, 14, 28, 3, 80.2307, 24.4259, 0.230, 1.382, 0.004

1, 14, 29, 3, 80.2307, 24.4259, 0.200, 1.387, 0.004

0, 14, 28, 4, 80.2307, 24.4259, 0.230, 1.395, 0.004

1, 14, 29, 4, 80.2307, 24.4259, 0.190, 1.389, 0.004

0, 14, 28, 0, 80.2307, 24.6759, 0.250, 1.396, 0.004

1, 14, 29, 0, 80.2307, 24.6759, 0.190, 1.380, 0.004

0, 14, 28, 1, 80.2307, 24.6759, 0.260, 1.411, 0.004

1, 14, 29, 1, 80.2307, 24.6759, 0.190, 1.390, 0.004

0, 14, 28, 2, 80.2307, 24.6759, 0.250, 1.401, 0.004

1, 14, 29, 2, 80.2307, 24.6759, 0.190, 1.379, 0.004

0, 14, 28, 3, 80.2307, 24.6759, 0.250, 1.397, 0.004

1, 14, 29, 3, 80.2307, 24.6759, 0.190, 1.386, 0.004

0, 14, 28, 4, 80.2307, 24.6759, 0.250, 1.394, 0.004

1, 14, 29, 4, 80.2307, 24.6759, 0.200, 1.389, 0.004

0, 14, 28, 0, 80.2307, 24.9259, 0.300, 1.390, 0.004

1, 14, 29, 0, 80.2307, 24.9259, 0.190, 1.384, 0.004

0, 14, 28, 1, 80.2307, 24.9259, 0.290, 1.397, 0.004

1, 14, 29, 1, 80.2307, 24.9259, 0.190, 1.382, 0.004

0, 14, 28, 2, 80.2307, 24.9259, 0.310, 1.394, 0.004

1, 14, 29, 2, 80.2307, 24.9259, 0.200, 1.384, 0.004

0, 14, 28, 3, 80.2307, 24.9259, 0.290, 1.390, 0.004

1, 14, 29, 3, 80.2307, 24.9259, 0.200, 1.377, 0.004

0, 14, 28, 4, 80.2307, 24.9259, 0.290, 1.389, 0.004

1, 14, 29, 4, 80.2307, 24.9259, 0.190, 1.389, 0.004

0, 14, 28, 0, 80.2307, 25.1759, 0.320, 1.397, 0.004

1, 14, 29, 0, 80.2307, 25.1759, 0.190, 1.390, 0.004

0, 14, 28, 1, 80.2307, 25.1759, 0.330, 1.397, 0.004

1, 14, 29, 1, 80.2307, 25.1759, 0.190, 1.389, 0.004

0, 14, 28, 2, 80.2307, 25.1759, 0.320, 1.351, 0.004

1, 14, 29, 2, 80.2307, 25.1759, 0.190, 1.389, 0.004

0, 14, 28, 3, 80.2307, 25.1759, 0.330, 1.399, 0.004

1, 14, 29, 3, 80.2307, 25.1759, 0.190, 1.377, 0.004

0, 14, 28, 4, 80.2307, 25.1759, 0.310, 1.412, 0.004

1, 14, 29, 4, 80.2307, 25.1759, 0.190, 1.387, 0.004

0, 14, 28, 0, 80.2307, 25.4259, 0.340, 1.387, 0.004

1, 14, 29, 0, 80.2307, 25.4259, 0.190, 1.380, 0.004

0, 14, 28, 1, 80.2307, 25.4259, 0.340, 1.401, 0.004

1, 14, 29, 1, 80.2307, 25.4259, 0.190, 1.379, 0.004

0, 14, 28, 2, 80.2307, 25.4259, 0.350, 1.401, 0.004

1, 14, 29, 2, 80.2307, 25.4259, 0.200, 1.379, 0.004

0, 14, 28, 3, 80.2307, 25.4259, 0.330, 1.404, 0.004

1, 14, 29, 3, 80.2307, 25.4259, 0.190, 1.389, 0.004

0, 14, 28, 4, 80.2307, 25.4259, 0.320, 1.404, 0.004

1, 14, 29, 4, 80.2307, 25.4259, 0.190, 1.384, 0.004

0, 14, 28, 0, 80.2307, 25.6759, 0.350, 1.397, 0.004

1, 14, 29, 0, 80.2307, 25.6759, 0.190, 1.378, 0.004

0, 14, 28, 1, 80.2307, 25.6759, 0.340, 1.396, 0.004

1, 14, 29, 1, 80.2307, 25.6759, 0.190, 1.381, 0.004

0, 14, 28, 2, 80.2307, 25.6759, 0.340, 1.396, 0.004

1, 14, 29, 2, 80.2307, 25.6759, 0.190, 1.382, 0.004

0, 14, 28, 3, 80.2307, 25.6759, 0.340, 1.364, 0.004

1, 14, 29, 3, 80.2307, 25.6759, 0.190, 1.382, 0.004

0, 14, 28, 4, 80.2307, 25.6759, 0.350, 1.394, 0.004

1, 14, 29, 4, 80.2307, 25.6759, 0.190, 1.376, 0.004

0, 14, 28, 0, 80.2307, 25.9259, 0.370, 1.391, 0.004

1, 14, 29, 0, 80.2307, 25.9259, 0.190, 1.388, 0.004

0, 14, 28, 1, 80.2307, 25.9259, 0.350, 1.404, 0.004

1, 14, 29, 1, 80.2307, 25.9259, 0.190, 1.374, 0.004

0, 14, 28, 2, 80.2307, 25.9259, 0.350, 1.399, 0.004

1, 14, 29, 2, 80.2307, 25.9259, 0.190, 1.378, 0.004

0, 14, 28, 3, 80.2307, 25.9259, 0.370, 1.396, 0.004

1, 14, 29, 3, 80.2307, 25.9259, 0.190, 1.384, 0.004

0, 14, 28, 4, 80.2307, 25.9259, 0.350, 1.369, 0.004

1, 14, 29, 4, 80.2307, 25.9259, 0.190, 1.381, 0.004

0, 14, 28, 0, 80.2307, 26.1759, 0.370, 1.399, 0.004

1, 14, 29, 0, 80.2307, 26.1759, 0.190, 1.382, 0.004

0, 14, 28, 1, 80.2307, 26.1759, 0.360, 1.399, 0.004

1, 14, 29, 1, 80.2307, 26.1759, 0.190, 1.392, 0.004

0, 14, 28, 2, 80.2307, 26.1759, 0.350, 1.385, 0.004

1, 14, 29, 2, 80.2307, 26.1759, 0.190, 1.386, 0.004

0, 14, 28, 3, 80.2307, 26.1759, 0.360, 1.396, 0.004

1, 14, 29, 3, 80.2307, 26.1759, 0.200, 1.387, 0.004

0, 14, 28, 4, 80.2307, 26.1759, 0.380, 1.393, 0.004

1, 14, 29, 4, 80.2307, 26.1759, 0.190, 1.382, 0.004

0, 14, 28, 0, 80.2307, 26.4259, 0.370, 1.363, 0.004

1, 14, 29, 0, 80.2307, 26.4259, 0.190, 1.386, 0.004

0, 14, 28, 1, 80.2307, 26.4259, 0.360, 1.397, 0.004

1, 14, 29, 1, 80.2307, 26.4259, 0.190, 1.391, 0.004

0, 14, 28, 2, 80.2307, 26.4259, 0.370, 1.393, 0.004

1, 14, 29, 2, 80.2307, 26.4259, 0.190, 1.383, 0.004

0, 14, 28, 3, 80.2307, 26.4259, 0.370, 1.400, 0.004

1, 14, 29, 3, 80.2307, 26.4259, 0.190, 1.379, 0.004

0, 14, 28, 4, 80.2307, 26.4259, 0.370, 1.390, 0.004

1, 14, 29, 4, 80.2307, 26.4259, 0.190, 1.388, 0.004

0, 14, 28, 0, 80.2307, 26.6759, 0.370, 1.401, 0.004

1, 14, 29, 0, 80.2307, 26.6759, 0.190, 1.381, 0.004

0, 14, 28, 1, 80.2307, 26.6759, 0.360, 1.398, 0.004

1, 14, 29, 1, 80.2307, 26.6759, 0.190, 1.380, 0.004

0, 14, 28, 2, 80.2307, 26.6759, 0.380, 1.400, 0.004

1, 14, 29, 2, 80.2307, 26.6759, 0.190, 1.386, 0.004

0, 14, 28, 3, 80.2307, 26.6759, 0.370, 1.403, 0.004

1, 14, 29, 3, 80.2307, 26.6759, 0.190, 1.384, 0.004

0, 14, 28, 4, 80.2307, 26.6759, 0.370, 1.393, 0.004

1, 14, 29, 4, 80.2307, 26.6759, 0.190, 1.383, 0.004

0, 14, 28, 0, 80.2307, 26.9259, 0.380, 1.393, 0.004

1, 14, 29, 0, 80.2307, 26.9259, 0.190, 1.390, 0.004

0, 14, 28, 1, 80.2307, 26.9259, 0.370, 1.386, 0.004

1, 14, 29, 1, 80.2307, 26.9259, 0.190, 1.387, 0.004

0, 14, 28, 2, 80.2307, 26.9259, 0.370, 1.408, 0.004

1, 14, 29, 2, 80.2307, 26.9259, 0.190, 1.386, 0.004

0, 14, 28, 3, 80.2307, 26.9259, 0.370, 1.408, 0.004

1, 14, 29, 3, 80.2307, 26.9259, 0.190, 1.381, 0.004

0, 14, 28, 4, 80.2307, 26.9259, 0.370, 1.366, 0.004

1, 14, 29, 4, 80.2307, 26.9259, 0.190, 1.387, 0.004

0, 14, 28, 0, 80.2307, 27.1759, 0.390, 1.398, 0.004

1, 14, 29, 0, 80.2307, 27.1759, 0.190, 1.378, 0.004

0, 14, 28, 1, 80.2307, 27.1759, 0.370, 1.394, 0.004

1, 14, 29, 1, 80.2307, 27.1759, 0.190, 1.382, 0.004

0, 14, 28, 2, 80.2307, 27.1759, 0.370, 1.395, 0.004

1, 14, 29, 2, 80.2307, 27.1759, 0.190, 1.382, 0.004

0, 14, 28, 3, 80.2307, 27.1759, 0.360, 1.391, 0.004

1, 14, 29, 3, 80.2307, 27.1759, 0.190, 1.387, 0.004

0, 14, 28, 4, 80.2307, 27.1759, 0.360, 1.399, 0.004

1, 14, 29, 4, 80.2307, 27.1759, 0.190, 1.387, 0.004

0, 14, 28, 0, 80.2307, 27.4259, 0.360, 1.396, 0.004

1, 14, 29, 0, 80.2307, 27.4259, 0.190, 1.380, 0.004

0, 14, 28, 1, 80.2307, 27.4259, 0.380, 1.401, 0.004

1, 14, 29, 1, 80.2307, 27.4259, 0.190, 1.377, 0.004

0, 14, 28, 2, 80.2307, 27.4259, 0.370, 1.388, 0.004

1, 14, 29, 2, 80.2307, 27.4259, 0.190, 1.383, 0.004

0, 14, 28, 3, 80.2307, 27.4259, 0.360, 1.394, 0.004

1, 14, 29, 3, 80.2307, 27.4259, 0.190, 1.384, 0.004

0, 14, 28, 4, 80.2307, 27.4259, 0.370, 1.392, 0.004

1, 14, 29, 4, 80.2307, 27.4259, 0.190, 1.382, 0.004

0, 14, 28, 0, 80.2307, 27.6759, 0.380, 1.392, 0.004

1, 14, 29, 0, 80.2307, 27.6759, 0.190, 1.388, 0.004

0, 14, 28, 1, 80.2307, 27.6759, 0.380, 1.390, 0.004

1, 14, 29, 1, 80.2307, 27.6759, 0.190, 1.381, 0.004

0, 14, 28, 2, 80.2307, 27.6759, 0.370, 1.378, 0.004

1, 14, 29, 2, 80.2307, 27.6759, 0.190, 1.382, 0.004

0, 14, 28, 3, 80.2307, 27.6759, 0.350, 1.369, 0.004

1, 14, 29, 3, 80.2307, 27.6759, 0.190, 1.380, 0.004

0, 14, 28, 4, 80.2307, 27.6759, 0.370, 1.391, 0.004

1, 14, 29, 4, 80.2307, 27.6759, 0.190, 1.380, 0.004

0, 14, 28, 0, 80.2307, 27.9259, 0.370, 1.393, 0.004

1, 14, 29, 0, 80.2307, 27.9259, 0.190, 1.382, 0.004

0, 14, 28, 1, 80.2307, 27.9259, 0.370, 1.409, 0.004

1, 14, 29, 1, 80.2307, 27.9259, 0.190, 1.385, 0.004

0, 14, 28, 2, 80.2307, 27.9259, 0.380, 1.399, 0.004

1, 14, 29, 2, 80.2307, 27.9259, 0.190, 1.381, 0.004

0, 14, 28, 3, 80.2307, 27.9259, 0.390, 1.400, 0.004

1, 14, 29, 3, 80.2307, 27.9259, 0.190, 1.389, 0.004

0, 14, 28, 4, 80.2307, 27.9259, 0.360, 1.395, 0.004

1, 14, 29, 4, 80.2307, 27.9259, 0.190, 1.377, 0.004

0, 14, 28, 0, 80.2307, 28.1759, 0.370, 1.395, 0.004

1, 14, 29, 0, 80.2307, 28.1759, 0.190, 1.382, 0.004

0, 14, 28, 1, 80.2307, 28.1759, 0.360, 1.400, 0.004

1, 14, 29, 1, 80.2307, 28.1759, 0.190, 1.379, 0.004

0, 14, 28, 2, 80.2307, 28.1759, 0.360, 1.402, 0.004

1, 14, 29, 2, 80.2307, 28.1759, 0.190, 1.385, 0.004

0, 14, 28, 3, 80.2307, 28.1759, 0.370, 1.398, 0.004

1, 14, 29, 3, 80.2307, 28.1759, 0.190, 1.386, 0.004

0, 14, 28, 4, 80.2307, 28.1759, 0.370, 1.400, 0.004

1, 14, 29, 4, 80.2307, 28.1759, 0.190, 1.385, 0.004

0, 14, 28, 0, 80.2307, 28.4259, 0.370, 1.382, 0.004

1, 14, 29, 0, 80.2307, 28.4259, 0.200, 1.375, 0.004

0, 14, 28, 1, 80.2307, 28.4259, 0.360, 1.399, 0.004

1, 14, 29, 1, 80.2307, 28.4259, 0.190, 1.381, 0.004

0, 14, 28, 2, 80.2307, 28.4259, 0.370, 1.390, 0.004

1, 14, 29, 2, 80.2307, 28.4259, 0.190, 1.385, 0.004

0, 14, 28, 3, 80.2307, 28.4259, 0.370, 1.397, 0.004

1, 14, 29, 3, 80.2307, 28.4259, 0.190, 1.388, 0.004

0, 14, 28, 4, 80.2307, 28.4259, 0.380, 1.397, 0.004

1, 14, 29, 4, 80.2307, 28.4259, 0.190, 1.384, 0.004

0, 14, 28, 0, 80.2307, 28.6759, 0.380, 1.385, 0.004

1, 14, 29, 0, 80.2307, 28.6759, 0.190, 1.387, 0.004

0, 14, 28, 1, 80.2307, 28.6759, 0.360, 1.390, 0.004

1, 14, 29, 1, 80.2307, 28.6759, 0.190, 1.387, 0.004

0, 14, 28, 2, 80.2307, 28.6759, 0.370, 1.396, 0.004

1, 14, 29, 2, 80.2307, 28.6759, 0.190, 1.390, 0.004

0, 14, 28, 3, 80.2307, 28.6759, 0.360, 1.408, 0.004

1, 14, 29, 3, 80.2307, 28.6759, 0.190, 1.383, 0.004

0, 14, 28, 4, 80.2307, 28.6759, 0.360, 1.391, 0.004

1, 14, 29, 4, 80.2307, 28.6759, 0.190, 1.386, 0.004

0, 14, 28, 0, 80.2307, 28.9259, 0.370, 1.402, 0.004

1, 14, 29, 0, 80.2307, 28.9259, 0.190, 1.378, 0.004

0, 14, 28, 1, 80.2307, 28.9259, 0.380, 1.406, 0.004

1, 14, 29, 1, 80.2307, 28.9259, 0.190, 1.385, 0.004

0, 14, 28, 2, 80.2307, 28.9259, 0.370, 1.397, 0.004

1, 14, 29, 2, 80.2307, 28.9259, 0.190, 1.379, 0.004

0, 14, 28, 3, 80.2307, 28.9259, 0.360, 1.403, 0.004

1, 14, 29, 3, 80.2307, 28.9259, 0.190, 1.384, 0.004

0, 14, 28, 4, 80.2307, 28.9259, 0.370, 1.382, 0.004

1, 14, 29, 4, 80.2307, 28.9259, 0.190, 1.384, 0.004

0, 14, 28, 0, 80.2307, 29.1759, 0.360, 1.401, 0.004

1, 14, 29, 0, 80.2307, 29.1759, 0.190, 1.387, 0.004

0, 14, 28, 1, 80.2307, 29.1759, 0.370, 1.400, 0.004

1, 14, 29, 1, 80.2307, 29.1759, 0.190, 1.381, 0.004

0, 14, 28, 2, 80.2307, 29.1759, 0.380, 1.392, 0.004

1, 14, 29, 2, 80.2307, 29.1759, 0.190, 1.381, 0.004

0, 14, 28, 3, 80.2307, 29.1759, 0.380, 1.392, 0.004

1, 14, 29, 3, 80.2307, 29.1759, 0.190, 1.389, 0.004

0, 14, 28, 4, 80.2307, 29.1759, 0.370, 1.382, 0.004

1, 14, 29, 4, 80.2307, 29.1759, 0.190, 1.384, 0.004

0, 14, 28, 0, 80.2307, 29.4259, 0.370, 1.397, 0.004

1, 14, 29, 0, 80.2307, 29.4259, 0.190, 1.385, 0.004

0, 14, 28, 1, 80.2307, 29.4259, 0.370, 1.343, 0.004

1, 14, 29, 1, 80.2307, 29.4259, 0.190, 1.383, 0.004

0, 14, 28, 2, 80.2307, 29.4259, 0.360, 1.366, 0.004

1, 14, 29, 2, 80.2307, 29.4259, 0.190, 1.391, 0.004

0, 14, 28, 3, 80.2307, 29.4259, 0.370, 1.392, 0.004

1, 14, 29, 3, 80.2307, 29.4259, 0.190, 1.381, 0.004

0, 14, 28, 4, 80.2307, 29.4259, 0.370, 1.409, 0.004

1, 14, 29, 4, 80.2307, 29.4259, 0.190, 1.389, 0.004

0, 14, 28, 0, 80.2307, 29.6759, 0.380, 1.404, 0.004

1, 14, 29, 0, 80.2307, 29.6759, 0.190, 1.385, 0.004

0, 14, 28, 1, 80.2307, 29.6759, 0.380, 1.395, 0.004

1, 14, 29, 1, 80.2307, 29.6759, 0.180, 1.385, 0.004

0, 14, 28, 2, 80.2307, 29.6759, 0.370, 1.397, 0.004

1, 14, 29, 2, 80.2307, 29.6759, 0.180, 1.387, 0.004

0, 14, 28, 3, 80.2307, 29.6759, 0.370, 1.398, 0.004

1, 14, 29, 3, 80.2307, 29.6759, 0.190, 1.383, 0.004

0, 14, 28, 4, 80.2307, 29.6759, 0.380, 1.390, 0.004

1, 14, 29, 4, 80.2307, 29.6759, 0.190, 1.381, 0.004

0, 14, 28, 0, 80.2307, 29.9259, 0.370, 1.396, 0.004

1, 14, 29, 0, 80.2307, 29.9259, 0.190, 1.387, 0.004

0, 14, 28, 1, 80.2307, 29.9259, 0.370, 1.387, 0.004

1, 14, 29, 1, 80.2307, 29.9259, 0.190, 1.379, 0.004

0, 14, 28, 2, 80.2307, 29.9259, 0.370, 1.398, 0.004

1, 14, 29, 2, 80.2307, 29.9259, 0.180, 1.382, 0.004

0, 14, 28, 3, 80.2307, 29.9259, 0.380, 1.396, 0.004

1, 14, 29, 3, 80.2307, 29.9259, 0.190, 1.387, 0.004

0, 14, 28, 4, 80.2307, 29.9259, 0.380, 1.391, 0.004

1, 14, 29, 4, 80.2307, 29.9259, 0.180, 1.389, 0.004

0, 14, 28, 0, 80.2307, 30.1759, 0.380, 1.388, 0.004

1, 14, 29, 0, 80.2307, 30.1759, 0.190, 1.382, 0.004

0, 14, 28, 1, 80.2307, 30.1759, 0.380, 1.388, 0.004

1, 14, 29, 1, 80.2307, 30.1759, 0.190, 1.378, 0.004

0, 14, 28, 2, 80.2307, 30.1759, 0.370, 1.390, 0.004

1, 14, 29, 2, 80.2307, 30.1759, 0.190, 1.379, 0.004

0, 14, 28, 3, 80.2307, 30.1759, 0.380, 1.419, 0.004

1, 14, 29, 3, 80.2307, 30.1759, 0.190, 1.383, 0.004

0, 14, 28, 4, 80.2307, 30.1759, 0.380, 1.392, 0.004

1, 14, 29, 4, 80.2307, 30.1759, 0.190, 1.389, 0.004

0, 14, 28, 0, 80.2307, 30.4259, 0.370, 1.392, 0.004

1, 14, 29, 0, 80.2307, 30.4259, 0.190, 1.378, 0.004

0, 14, 28, 1, 80.2307, 30.4259, 0.360, 1.393, 0.004

1, 14, 29, 1, 80.2307, 30.4259, 0.190, 1.374, 0.004

0, 14, 28, 2, 80.2307, 30.4259, 0.370, 1.393, 0.004

1, 14, 29, 2, 80.2307, 30.4259, 0.190, 1.379, 0.004

0, 14, 28, 3, 80.2307, 30.4259, 0.380, 1.406, 0.004

1, 14, 29, 3, 80.2307, 30.4259, 0.190, 1.380, 0.004

0, 14, 28, 4, 80.2307, 30.4259, 0.370, 1.391, 0.004

1, 14, 29, 4, 80.2307, 30.4259, 0.190, 1.386, 0.004

0, 14, 28, 0, 80.2307, 30.6759, 0.370, 1.404, 0.004

1, 14, 29, 0, 80.2307, 30.6759, 0.190, 1.382, 0.004

0, 14, 28, 1, 80.2307, 30.6759, 0.360, 1.382, 0.004

1, 14, 29, 1, 80.2307, 30.6759, 0.190, 1.380, 0.004

0, 14, 28, 2, 80.2307, 30.6759, 0.380, 1.399, 0.004

1, 14, 29, 2, 80.2307, 30.6759, 0.190, 1.388, 0.004

0, 14, 28, 3, 80.2307, 30.6759, 0.370, 1.409, 0.004

1, 14, 29, 3, 80.2307, 30.6759, 0.180, 1.380, 0.004

0, 14, 28, 4, 80.2307, 30.6759, 0.380, 1.395, 0.004

1, 14, 29, 4, 80.2307, 30.6759, 0.190, 1.378, 0.004

0, 14, 28, 0, 80.2307, 30.9259, 0.390, 1.389, 0.004

1, 14, 29, 0, 80.2307, 30.9259, 0.190, 1.387, 0.004

0, 14, 28, 1, 80.2307, 30.9259, 0.380, 1.395, 0.004

1, 14, 29, 1, 80.2307, 30.9259, 0.180, 1.382, 0.004

0, 14, 28, 2, 80.2307, 30.9259, 0.360, 1.403, 0.004

1, 14, 29, 2, 80.2307, 30.9259, 0.190, 1.386, 0.004

0, 14, 28, 3, 80.2307, 30.9259, 0.380, 1.397, 0.004

1, 14, 29, 3, 80.2307, 30.9259, 0.190, 1.383, 0.004

0, 14, 28, 4, 80.2307, 30.9259, 0.380, 1.393, 0.004

1, 14, 29, 4, 80.2307, 30.9259, 0.190, 1.391, 0.004

0, 14, 28, 0, 80.2307, 31.1759, 0.380, 1.394, 0.004

1, 14, 29, 0, 80.2307, 31.1759, 0.190, 1.380, 0.004

0, 14, 28, 1, 80.2307, 31.1759, 0.370, 1.357, 0.004

1, 14, 29, 1, 80.2307, 31.1759, 0.190, 1.381, 0.004

0, 14, 28, 2, 80.2307, 31.1759, 0.380, 1.394, 0.004

1, 14, 29, 2, 80.2307, 31.1759, 0.190, 1.384, 0.004

0, 14, 28, 3, 80.2307, 31.1759, 0.380, 1.393, 0.004

1, 14, 29, 3, 80.2307, 31.1759, 0.180, 1.386, 0.004

0, 14, 28, 4, 80.2307, 31.1759, 0.370, 1.356, 0.004

1, 14, 29, 4, 80.2307, 31.1759, 0.190, 1.376, 0.004

0, 14, 28, 0, 80.2307, 31.4259, 0.380, 1.391, 0.004

1, 14, 29, 0, 80.2307, 31.4259, 0.190, 1.383, 0.004

0, 14, 28, 1, 80.2307, 31.4259, 0.380, 1.398, 0.004

1, 14, 29, 1, 80.2307, 31.4259, 0.190, 1.384, 0.004

0, 14, 28, 2, 80.2307, 31.4259, 0.370, 1.391, 0.004

1, 14, 29, 2, 80.2307, 31.4259, 0.190, 1.385, 0.004

0, 14, 28, 3, 80.2307, 31.4259, 0.360, 1.395, 0.004

1, 14, 29, 3, 80.2307, 31.4259, 0.190, 1.382, 0.004

0, 14, 28, 4, 80.2307, 31.4259, 0.360, 1.393, 0.004

1, 14, 29, 4, 80.2307, 31.4259, 0.190, 1.387, 0.004

0, 14, 28, 0, 80.2307, 31.6759, 0.370, 1.394, 0.004

1, 14, 29, 0, 80.2307, 31.6759, 0.190, 1.386, 0.004

0, 14, 28, 1, 80.2307, 31.6759, 0.360, 1.414, 0.004

1, 14, 29, 1, 80.2307, 31.6759, 0.180, 1.388, 0.004

0, 14, 28, 2, 80.2307, 31.6759, 0.370, 1.390, 0.004

1, 14, 29, 2, 80.2307, 31.6759, 0.190, 1.388, 0.004

0, 14, 28, 3, 80.2307, 31.6759, 0.370, 1.394, 0.004

1, 14, 29, 3, 80.2307, 31.6759, 0.190, 1.387, 0.004

0, 14, 28, 4, 80.2307, 31.6759, 0.360, 1.381, 0.004

1, 14, 29, 4, 80.2307, 31.6759, 0.190, 1.378, 0.004

0, 14, 28, 0, 80.2307, 31.9259, 0.380, 1.398, 0.004

1, 14, 29, 0, 80.2307, 31.9259, 0.190, 1.382, 0.004

0, 14, 28, 1, 80.2307, 31.9259, 0.380, 1.387, 0.004

1, 14, 29, 1, 80.2307, 31.9259, 0.190, 1.381, 0.004

0, 14, 28, 2, 80.2307, 31.9259, 0.380, 1.398, 0.004

1, 14, 29, 2, 80.2307, 31.9259, 0.190, 1.385, 0.004

0, 14, 28, 3, 80.2307, 31.9259, 0.370, 1.393, 0.004

1, 14, 29, 3, 80.2307, 31.9259, 0.190, 1.381, 0.004

0, 14, 28, 4, 80.2307, 31.9259, 0.380, 1.401, 0.004

1, 14, 29, 4, 80.2307, 31.9259, 0.190, 1.386, 0.004

0, 14, 28, 0, 80.2307, 32.1759, 0.370, 1.396, 0.004

1, 14, 29, 0, 80.2307, 32.1759, 0.180, 1.377, 0.004

0, 14, 28, 1, 80.2307, 32.1759, 0.370, 1.410, 0.004

1, 14, 29, 1, 80.2307, 32.1759, 0.190, 1.377, 0.004

0, 14, 28, 2, 80.2307, 32.1759, 0.380, 1.395, 0.004

1, 14, 29, 2, 80.2307, 32.1759, 0.190, 1.388, 0.004

0, 14, 28, 3, 80.2307, 32.1759, 0.360, 1.393, 0.004

1, 14, 29, 3, 80.2307, 32.1759, 0.190, 1.383, 0.004

0, 14, 28, 4, 80.2307, 32.1759, 0.380, 1.376, 0.004

1, 14, 29, 4, 80.2307, 32.1759, 0.190, 1.393, 0.004

0, 14, 28, 0, 80.2307, 32.4259, 0.370, 1.402, 0.004

1, 14, 29, 0, 80.2307, 32.4259, 0.180, 1.388, 0.004

0, 14, 28, 1, 80.2307, 32.4259, 0.360, 1.391, 0.004

1, 14, 29, 1, 80.2307, 32.4259, 0.190, 1.384, 0.004

0, 14, 28, 2, 80.2307, 32.4259, 0.380, 1.392, 0.004

1, 14, 29, 2, 80.2307, 32.4259, 0.180, 1.381, 0.004

0, 14, 28, 3, 80.2307, 32.4259, 0.380, 1.401, 0.004

1, 14, 29, 3, 80.2307, 32.4259, 0.190, 1.390, 0.004

0, 14, 28, 4, 80.2307, 32.4259, 0.360, 1.390, 0.004

1, 14, 29, 4, 80.2307, 32.4259, 0.180, 1.386, 0.004

0, 14, 28, 0, 80.2307, 32.6759, 0.370, 1.378, 0.004

1, 14, 29, 0, 80.2307, 32.6759, 0.190, 1.379, 0.004

0, 14, 28, 1, 80.2307, 32.6759, 0.360, 1.399, 0.004

1, 14, 29, 1, 80.2307, 32.6759, 0.180, 1.382, 0.004

0, 14, 28, 2, 80.2307, 32.6759, 0.370, 1.401, 0.004

1, 14, 29, 2, 80.2307, 32.6759, 0.190, 1.383, 0.004

0, 14, 28, 3, 80.2307, 32.6759, 0.370, 1.395, 0.004

1, 14, 29, 3, 80.2307, 32.6759, 0.190, 1.383, 0.004

0, 14, 28, 4, 80.2307, 32.6759, 0.370, 1.397, 0.004

1, 14, 29, 4, 80.2307, 32.6759, 0.180, 1.383, 0.004

0, 14, 28, 0, 80.2307, 32.9259, 0.380, 1.397, 0.004

1, 14, 29, 0, 80.2307, 32.9259, 0.190, 1.385, 0.004

0, 14, 28, 1, 80.2307, 32.9259, 0.370, 1.403, 0.004

1, 14, 29, 1, 80.2307, 32.9259, 0.180, 1.384, 0.004

0, 14, 28, 2, 80.2307, 32.9259, 0.370, 1.362, 0.004

1, 14, 29, 2, 80.2307, 32.9259, 0.190, 1.386, 0.004

0, 14, 28, 3, 80.2307, 32.9259, 0.380, 1.428, 0.004

1, 14, 29, 3, 80.2307, 32.9259, 0.190, 1.377, 0.004

0, 14, 28, 4, 80.2307, 32.9259, 0.370, 1.398, 0.004

1, 14, 29, 4, 80.2307, 32.9259, 0.180, 1.383, 0.004

0, 14, 28, 0, 80.2307, 33.1759, 0.370, 1.399, 0.004

1, 14, 29, 0, 80.2307, 33.1759, 0.180, 1.376, 0.004

0, 14, 28, 1, 80.2307, 33.1759, 0.370, 1.398, 0.004

1, 14, 29, 1, 80.2307, 33.1759, 0.180, 1.384, 0.004

0, 14, 28, 2, 80.2307, 33.1759, 0.380, 1.369, 0.004

1, 14, 29, 2, 80.2307, 33.1759, 0.180, 1.382, 0.004

0, 14, 28, 3, 80.2307, 33.1759, 0.380, 1.401, 0.004

1, 14, 29, 3, 80.2307, 33.1759, 0.180, 1.385, 0.004

0, 14, 28, 4, 80.2307, 33.1759, 0.380, 1.402, 0.004

1, 14, 29, 4, 80.2307, 33.1759, 0.190, 1.383, 0.004

0, 14, 28, 0, 80.2307, 33.4259, 0.380, 1.387, 0.004

1, 14, 29, 0, 80.2307, 33.4259, 0.180, 1.383, 0.004

0, 14, 28, 1, 80.2307, 33.4259, 0.380, 1.397, 0.004

1, 14, 29, 1, 80.2307, 33.4259, 0.180, 1.388, 0.004

0, 14, 28, 2, 80.2307, 33.4259, 0.370, 1.392, 0.004

1, 14, 29, 2, 80.2307, 33.4259, 0.180, 1.381, 0.004

0, 14, 28, 3, 80.2307, 33.4259, 0.380, 1.400, 0.004

1, 14, 29, 3, 80.2307, 33.4259, 0.190, 1.382, 0.004

0, 14, 28, 4, 80.2307, 33.4259, 0.370, 1.386, 0.004

1, 14, 29, 4, 80.2307, 33.4259, 0.190, 1.383, 0.004

0, 14, 28, 0, 80.2307, 33.6759, 0.370, 1.393, 0.004

1, 14, 29, 0, 80.2307, 33.6759, 0.190, 1.382, 0.004

0, 14, 28, 1, 80.2307, 33.6759, 0.380, 1.397, 0.004

1, 14, 29, 1, 80.2307, 33.6759, 0.180, 1.373, 0.004

0, 14, 28, 2, 80.2307, 33.6759, 0.370, 1.352, 0.004

1, 14, 29, 2, 80.2307, 33.6759, 0.190, 1.391, 0.004

0, 14, 28, 3, 80.2307, 33.6759, 0.370, 1.385, 0.004

1, 14, 29, 3, 80.2307, 33.6759, 0.190, 1.383, 0.004

0, 14, 28, 4, 80.2307, 33.6759, 0.380, 1.404, 0.004

1, 14, 29, 4, 80.2307, 33.6759, 0.180, 1.384, 0.004

0, 14, 28, 0, 80.2307, 33.9259, 0.380, 1.397, 0.004

1, 14, 29, 0, 80.2307, 33.9259, 0.180, 1.387, 0.004

0, 14, 28, 1, 80.2307, 33.9259, 0.370, 1.384, 0.004

1, 14, 29, 1, 80.2307, 33.9259, 0.190, 1.381, 0.004

0, 14, 28, 2, 80.2307, 33.9259, 0.360, 1.405, 0.004

1, 14, 29, 2, 80.2307, 33.9259, 0.190, 1.381, 0.004

0, 14, 28, 3, 80.2307, 33.9259, 0.370, 1.391, 0.004

1, 14, 29, 3, 80.2307, 33.9259, 0.180, 1.382, 0.004

0, 14, 28, 4, 80.2307, 33.9259, 0.370, 1.393, 0.004

1, 14, 29, 4, 80.2307, 33.9259, 0.190, 1.381, 0.004

0, 14, 28, 0, 80.2307, 34.1759, 0.380, 1.388, 0.004

1, 14, 29, 0, 80.2307, 34.1759, 0.190, 1.380, 0.004

0, 14, 28, 1, 80.2307, 34.1759, 0.370, 1.396, 0.004

1, 14, 29, 1, 80.2307, 34.1759, 0.190, 1.395, 0.004

0, 14, 28, 2, 80.2307, 34.1759, 0.380, 1.390, 0.004

1, 14, 29, 2, 80.2307, 34.1759, 0.190, 1.390, 0.004

0, 14, 28, 3, 80.2307, 34.1759, 0.370, 1.404, 0.004

1, 14, 29, 3, 80.2307, 34.1759, 0.190, 1.381, 0.004

0, 14, 28, 4, 80.2307, 34.1759, 0.380, 1.369, 0.004

1, 14, 29, 4, 80.2307, 34.1759, 0.190, 1.390, 0.004

0, 14, 28, 0, 80.2307, 34.4259, 0.380, 1.395, 0.004

1, 14, 29, 0, 80.2307, 34.4259, 0.190, 1.389, 0.004

0, 14, 28, 1, 80.2307, 34.4259, 0.390, 1.397, 0.004

1, 14, 29, 1, 80.2307, 34.4259, 0.190, 1.385, 0.004

0, 14, 28, 2, 80.2307, 34.4259, 0.360, 1.382, 0.004

1, 14, 29, 2, 80.2307, 34.4259, 0.190, 1.388, 0.004

0, 14, 28, 3, 80.2307, 34.4259, 0.380, 1.400, 0.004

1, 14, 29, 3, 80.2307, 34.4259, 0.190, 1.378, 0.004

0, 14, 28, 4, 80.2307, 34.4259, 0.380, 1.408, 0.004

1, 14, 29, 4, 80.2307, 34.4259, 0.180, 1.387, 0.004

0, 14, 28, 0, 80.2307, 34.6759, 0.370, 1.364, 0.004

1, 14, 29, 0, 80.2307, 34.6759, 0.180, 1.382, 0.004

0, 14, 28, 1, 80.2307, 34.6759, 0.370, 1.390, 0.004

1, 14, 29, 1, 80.2307, 34.6759, 0.190, 1.388, 0.004

0, 14, 28, 2, 80.2307, 34.6759, 0.370, 1.391, 0.004

1, 14, 29, 2, 80.2307, 34.6759, 0.190, 1.371, 0.004

0, 14, 28, 3, 80.2307, 34.6759, 0.370, 1.395, 0.004

1, 14, 29, 3, 80.2307, 34.6759, 0.180, 1.382, 0.004

0, 14, 28, 4, 80.2307, 34.6759, 0.370, 1.399, 0.004

1, 14, 29, 4, 80.2307, 34.6759, 0.180, 1.381, 0.004

0, 14, 28, 0, 80.2307, 34.9259, 0.380, 1.400, 0.004

1, 14, 29, 0, 80.2307, 34.9259, 0.190, 1.391, 0.004

0, 14, 28, 1, 80.2307, 34.9259, 0.380, 1.396, 0.004

1, 14, 29, 1, 80.2307, 34.9259, 0.180, 1.385, 0.004

0, 14, 28, 2, 80.2307, 34.9259, 0.360, 1.399, 0.004

1, 14, 29, 2, 80.2307, 34.9259, 0.190, 1.386, 0.004

0, 14, 28, 3, 80.2307, 34.9259, 0.380, 1.399, 0.004

1, 14, 29, 3, 80.2307, 34.9259, 0.190, 1.380, 0.004

0, 14, 28, 4, 80.2307, 34.9259, 0.370, 1.374, 0.004

1, 14, 29, 4, 80.2307, 34.9259, 0.190, 1.386, 0.004

0, 14, 28, 0, 80.2307, 35.1759, 0.370, 1.360, 0.004

1, 14, 29, 0, 80.2307, 35.1759, 0.180, 1.385, 0.004

0, 14, 28, 1, 80.2307, 35.1759, 0.370, 1.392, 0.004

1, 14, 29, 1, 80.2307, 35.1759, 0.190, 1.384, 0.004

0, 14, 28, 2, 80.2307, 35.1759, 0.390, 1.416, 0.004

1, 14, 29, 2, 80.2307, 35.1759, 0.190, 1.382, 0.004

0, 14, 28, 3, 80.2307, 35.1759, 0.380, 1.397, 0.004

1, 14, 29, 3, 80.2307, 35.1759, 0.190, 1.385, 0.004

0, 14, 28, 4, 80.2307, 35.1759, 0.370, 1.395, 0.004

1, 14, 29, 4, 80.2307, 35.1759, 0.180, 1.389, 0.004

0, 14, 28, 0, 80.2307, 35.4259, 0.370, 1.399, 0.004

1, 14, 29, 0, 80.2307, 35.4259, 0.180, 1.384, 0.004

0, 14, 28, 1, 80.2307, 35.4259, 0.360, 1.389, 0.004

1, 14, 29, 1, 80.2307, 35.4259, 0.180, 1.380, 0.004

0, 14, 28, 2, 80.2307, 35.4259, 0.370, 1.392, 0.004

1, 14, 29, 2, 80.2307, 35.4259, 0.190, 1.383, 0.004

0, 14, 28, 3, 80.2307, 35.4259, 0.370, 1.396, 0.004

1, 14, 29, 3, 80.2307, 35.4259, 0.190, 1.385, 0.004

0, 14, 28, 4, 80.2307, 35.4259, 0.370, 1.395, 0.004

1, 14, 29, 4, 80.2307, 35.4259, 0.190, 1.388, 0.004

0, 14, 28, 0, 80.2307, 35.6759, 0.380, 1.396, 0.004

1, 14, 29, 0, 80.2307, 35.6759, 0.190, 1.380, 0.004

0, 14, 28, 1, 80.2307, 35.6759, 0.370, 1.375, 0.004

1, 14, 29, 1, 80.2307, 35.6759, 0.190, 1.380, 0.004

0, 14, 28, 2, 80.2307, 35.6759, 0.370, 1.394, 0.004

1, 14, 29, 2, 80.2307, 35.6759, 0.190, 1.383, 0.004

0, 14, 28, 3, 80.2307, 35.6759, 0.370, 1.395, 0.004

1, 14, 29, 3, 80.2307, 35.6759, 0.180, 1.381, 0.004

0, 14, 28, 4, 80.2307, 35.6759, 0.370, 1.401, 0.004

1, 14, 29, 4, 80.2307, 35.6759, 0.190, 1.380, 0.004

0, 14, 28, 0, 80.2307, 35.9259, 0.380, 1.396, 0.004

1, 14, 29, 0, 80.2307, 35.9259, 0.190, 1.388, 0.004

0, 14, 28, 1, 80.2307, 35.9259, 0.370, 1.411, 0.004

1, 14, 29, 1, 80.2307, 35.9259, 0.180, 1.383, 0.004

0, 14, 28, 2, 80.2307, 35.9259, 0.380, 1.399, 0.004

1, 14, 29, 2, 80.2307, 35.9259, 0.190, 1.387, 0.004

0, 14, 28, 3, 80.2307, 35.9259, 0.380, 1.394, 0.004

1, 14, 29, 3, 80.2307, 35.9259, 0.190, 1.389, 0.004

0, 14, 28, 4, 80.2307, 35.9259, 0.360, 1.400, 0.004

1, 14, 29, 4, 80.2307, 35.9259, 0.180, 1.379, 0.004

0, 14, 28, 0, 80.2307, 36.1759, 0.380, 1.392, 0.004

1, 14, 29, 0, 80.2307, 36.1759, 0.180, 1.382, 0.004

0, 14, 28, 1, 80.2307, 36.1759, 0.380, 1.394, 0.004

1, 14, 29, 1, 80.2307, 36.1759, 0.180, 1.388, 0.004

0, 14, 28, 2, 80.2307, 36.1759, 0.380, 1.402, 0.004

1, 14, 29, 2, 80.2307, 36.1759, 0.190, 1.387, 0.004

0, 14, 28, 3, 80.2307, 36.1759, 0.370, 1.402, 0.004

1, 14, 29, 3, 80.2307, 36.1759, 0.180, 1.376, 0.004

0, 14, 28, 4, 80.2307, 36.1759, 0.380, 1.394, 0.004

1, 14, 29, 4, 80.2307, 36.1759, 0.190, 1.381, 0.004

0, 14, 28, 0, 80.2307, 36.4259, 0.370, 1.392, 0.004

1, 14, 29, 0, 80.2307, 36.4259, 0.180, 1.378, 0.004

0, 14, 28, 1, 80.2307, 36.4259, 0.370, 1.399, 0.004

1, 14, 29, 1, 80.2307, 36.4259, 0.190, 1.381, 0.004

0, 14, 28, 2, 80.2307, 36.4259, 0.380, 1.402, 0.004

1, 14, 29, 2, 80.2307, 36.4259, 0.190, 1.383, 0.004

0, 14, 28, 3, 80.2307, 36.4259, 0.370, 1.410, 0.004

1, 14, 29, 3, 80.2307, 36.4259, 0.180, 1.383, 0.004

0, 14, 28, 4, 80.2307, 36.4259, 0.370, 1.397, 0.004

1, 14, 29, 4, 80.2307, 36.4259, 0.190, 1.386, 0.004

0, 14, 28, 0, 80.2307, 36.6759, 0.370, 1.405, 0.004

1, 14, 29, 0, 80.2307, 36.6759, 0.190, 1.387, 0.004

0, 14, 28, 1, 80.2307, 36.6759, 0.360, 1.397, 0.004

1, 14, 29, 1, 80.2307, 36.6759, 0.190, 1.383, 0.004

0, 14, 28, 2, 80.2307, 36.6759, 0.380, 1.357, 0.004

1, 14, 29, 2, 80.2307, 36.6759, 0.190, 1.386, 0.004

0, 14, 28, 3, 80.2307, 36.6759, 0.370, 1.388, 0.004

1, 14, 29, 3, 80.2307, 36.6759, 0.180, 1.394, 0.004

0, 14, 28, 4, 80.2307, 36.6759, 0.370, 1.392, 0.004

1, 14, 29, 4, 80.2307, 36.6759, 0.180, 1.388, 0.004

0, 14, 28, 0, 80.2307, 36.9259, 0.370, 1.386, 0.004

1, 14, 29, 0, 80.2307, 36.9259, 0.180, 1.388, 0.004

0, 14, 28, 1, 80.2307, 36.9259, 0.370, 1.403, 0.004

1, 14, 29, 1, 80.2307, 36.9259, 0.190, 1.385, 0.004

0, 14, 28, 2, 80.2307, 36.9259, 0.370, 1.400, 0.004

1, 14, 29, 2, 80.2307, 36.9259, 0.180, 1.390, 0.004

0, 14, 28, 3, 80.2307, 36.9259, 0.380, 1.403, 0.004

1, 14, 29, 3, 80.2307, 36.9259, 0.180, 1.386, 0.004

0, 14, 28, 4, 80.2307, 36.9259, 0.380, 1.394, 0.004

1, 14, 29, 4, 80.2307, 36.9259, 0.190, 1.388, 0.004

0, 14, 28, 0, 80.2307, 37.1759, 0.370, 1.401, 0.004

1, 14, 29, 0, 80.2307, 37.1759, 0.190, 1.375, 0.004

0, 14, 28, 1, 80.2307, 37.1759, 0.370, 1.396, 0.004

1, 14, 29, 1, 80.2307, 37.1759, 0.190, 1.394, 0.004

0, 14, 28, 2, 80.2307, 37.1759, 0.370, 1.395, 0.004

1, 14, 29, 2, 80.2307, 37.1759, 0.180, 1.386, 0.004

0, 14, 28, 3, 80.2307, 37.1759, 0.390, 1.393, 0.004

1, 14, 29, 3, 80.2307, 37.1759, 0.190, 1.389, 0.004

0, 14, 28, 4, 80.2307, 37.1759, 0.370, 1.391, 0.004

1, 14, 29, 4, 80.2307, 37.1759, 0.180, 1.379, 0.004

0, 14, 28, 0, 80.2307, 37.4259, 0.380, 1.396, 0.004

1, 14, 29, 0, 80.2307, 37.4259, 0.190, 1.379, 0.004

0, 14, 28, 1, 80.2307, 37.4259, 0.380, 1.393, 0.004

1, 14, 29, 1, 80.2307, 37.4259, 0.190, 1.380, 0.004

0, 14, 28, 2, 80.2307, 37.4259, 0.380, 1.392, 0.004

1, 14, 29, 2, 80.2307, 37.4259, 0.190, 1.374, 0.004

0, 14, 28, 3, 80.2307, 37.4259, 0.380, 1.393, 0.004

1, 14, 29, 3, 80.2307, 37.4259, 0.180, 1.373, 0.004

0, 14, 28, 4, 80.2307, 37.4259, 0.380, 1.370, 0.004

1, 14, 29, 4, 80.2307, 37.4259, 0.180, 1.378, 0.004

0, 14, 28, 0, 80.2307, 37.6759, 0.370, 1.395, 0.004

1, 14, 29, 0, 80.2307, 37.6759, 0.180, 1.379, 0.004

0, 14, 28, 1, 80.2307, 37.6759, 0.380, 1.394, 0.004

1, 14, 29, 1, 80.2307, 37.6759, 0.190, 1.383, 0.004

0, 14, 28, 2, 80.2307, 37.6759, 0.380, 1.402, 0.004

1, 14, 29, 2, 80.2307, 37.6759, 0.190, 1.386, 0.004

0, 14, 28, 3, 80.2307, 37.6759, 0.380, 1.398, 0.004

1, 14, 29, 3, 80.2307, 37.6759, 0.190, 1.381, 0.004

0, 14, 28, 4, 80.2307, 37.6759, 0.380, 1.393, 0.004

1, 14, 29, 4, 80.2307, 37.6759, 0.190, 1.380, 0.004

0, 14, 28, 0, 80.2307, 37.9259, 0.380, 1.403, 0.004

1, 14, 29, 0, 80.2307, 37.9259, 0.190, 1.386, 0.004

0, 14, 28, 1, 80.2307, 37.9259, 0.370, 1.395, 0.004

1, 14, 29, 1, 80.2307, 37.9259, 0.190, 1.383, 0.004

0, 14, 28, 2, 80.2307, 37.9259, 0.380, 1.401, 0.004

1, 14, 29, 2, 80.2307, 37.9259, 0.190, 1.389, 0.004

0, 14, 28, 3, 80.2307, 37.9259, 0.380, 1.394, 0.004

1, 14, 29, 3, 80.2307, 37.9259, 0.180, 1.390, 0.004

0, 14, 28, 4, 80.2307, 37.9259, 0.390, 1.399, 0.004

1, 14, 29, 4, 80.2307, 37.9259, 0.190, 1.382, 0.004

0, 14, 28, 0, 80.2307, 38.1759, 0.380, 1.394, 0.004

1, 14, 29, 0, 80.2307, 38.1759, 0.180, 1.383, 0.004

0, 14, 28, 1, 80.2307, 38.1759, 0.380, 1.365, 0.004

1, 14, 29, 1, 80.2307, 38.1759, 0.190, 1.387, 0.004

0, 14, 28, 2, 80.2307, 38.1759, 0.380, 1.397, 0.004

1, 14, 29, 2, 80.2307, 38.1759, 0.190, 1.382, 0.004

0, 14, 28, 3, 80.2307, 38.1759, 0.380, 1.409, 0.004

1, 14, 29, 3, 80.2307, 38.1759, 0.190, 1.389, 0.004

0, 14, 28, 4, 80.2307, 38.1759, 0.370, 1.399, 0.004

1, 14, 29, 4, 80.2307, 38.1759, 0.190, 1.391, 0.004

0, 14, 28, 0, 80.2307, 38.4259, 0.380, 1.393, 0.004

1, 14, 29, 0, 80.2307, 38.4259, 0.180, 1.383, 0.004

0, 14, 28, 1, 80.2307, 38.4259, 0.370, 1.391, 0.004

1, 14, 29, 1, 80.2307, 38.4259, 0.180, 1.389, 0.004

0, 14, 28, 2, 80.2307, 38.4259, 0.380, 1.390, 0.004

1, 14, 29, 2, 80.2307, 38.4259, 0.180, 1.389, 0.004

0, 14, 28, 3, 80.2307, 38.4259, 0.390, 1.401, 0.004

1, 14, 29, 3, 80.2307, 38.4259, 0.190, 1.388, 0.004

0, 14, 28, 4, 80.2307, 38.4259, 0.370, 1.398, 0.004

1, 14, 29, 4, 80.2307, 38.4259, 0.180, 1.387, 0.004

0, 14, 28, 0, 80.2307, 38.6759, 0.390, 1.409, 0.004

1, 14, 29, 0, 80.2307, 38.6759, 0.190, 1.383, 0.004

0, 14, 28, 1, 80.2307, 38.6759, 0.380, 1.403, 0.004

1, 14, 29, 1, 80.2307, 38.6759, 0.180, 1.384, 0.004

0, 14, 28, 2, 80.2307, 38.6759, 0.380, 1.397, 0.004

1, 14, 29, 2, 80.2307, 38.6759, 0.180, 1.383, 0.004

0, 14, 28, 3, 80.2307, 38.6759, 0.370, 1.394, 0.004

1, 14, 29, 3, 80.2307, 38.6759, 0.190, 1.386, 0.004

0, 14, 28, 4, 80.2307, 38.6759, 0.370, 1.401, 0.004

1, 14, 29, 4, 80.2307, 38.6759, 0.180, 1.385, 0.004

0, 14, 28, 0, 80.2307, 38.9259, 0.370, 1.400, 0.004

1, 14, 29, 0, 80.2307, 38.9259, 0.180, 1.374, 0.004

0, 14, 28, 1, 80.2307, 38.9259, 0.380, 1.409, 0.004

1, 14, 29, 1, 80.2307, 38.9259, 0.180, 1.388, 0.004

0, 14, 28, 2, 80.2307, 38.9259, 0.390, 1.394, 0.004

1, 14, 29, 2, 80.2307, 38.9259, 0.190, 1.381, 0.004

0, 14, 28, 3, 80.2307, 38.9259, 0.400, 1.398, 0.004

1, 14, 29, 3, 80.2307, 38.9259, 0.190, 1.388, 0.004

0, 14, 28, 4, 80.2307, 38.9259, 0.390, 1.391, 0.004

1, 14, 29, 4, 80.2307, 38.9259, 0.180, 1.384, 0.004

