Test Sector:
Device ID, Channel, Tile ID, trial, x, y, IMON, RMON, VCOMP
xorigincm, xfinalcm, xsteplengthcm, xsteps = 41.5936, 41.5936, 0, 78
yorigincm, yfinalcm, ysteplengthcm, nRepeat = 14.2083, 33.7917, 0.25, 5
0, 7, 14, 0, 0, 0, 0.230, 1.387, 0.004

1, 7, 15, 0, 0, 0, 0.230, 1.387, 0.004

0, 7, 14, 1, 0, 0, 0.220, 1.387, 0.004

1, 7, 15, 1, 0, 0, 0.220, 1.385, 0.004

0, 7, 14, 2, 0, 0, 0.230, 1.388, 0.004

1, 7, 15, 2, 0, 0, 0.230, 1.385, 0.004

0, 7, 14, 3, 0, 0, 0.220, 1.386, 0.004

1, 7, 15, 3, 0, 0, 0.220, 1.374, 0.004

0, 7, 14, 4, 0, 0, 0.220, 1.392, 0.004

1, 7, 15, 4, 0, 0, 0.230, 1.384, 0.004

0, 7, 14, 0, 41.5936, 14.2083, 0.230, 1.387, 0.004

1, 7, 15, 0, 41.5936, 14.2083, 0.420, 1.379, 0.004

0, 7, 14, 1, 41.5936, 14.2083, 0.220, 1.388, 0.004

1, 7, 15, 1, 41.5936, 14.2083, 0.430, 1.388, 0.004

0, 7, 14, 2, 41.5936, 14.2083, 0.220, 1.384, 0.004

1, 7, 15, 2, 41.5936, 14.2083, 0.420, 1.375, 0.004

0, 7, 14, 3, 41.5936, 14.2083, 0.220, 1.379, 0.004

1, 7, 15, 3, 41.5936, 14.2083, 0.420, 1.384, 0.004

0, 7, 14, 4, 41.5936, 14.2083, 0.220, 1.390, 0.004

1, 7, 15, 4, 41.5936, 14.2083, 0.420, 1.389, 0.004

0, 7, 14, 0, 41.5936, 14.4583, 0.220, 1.391, 0.004

1, 7, 15, 0, 41.5936, 14.4583, 0.420, 1.403, 0.004

0, 7, 14, 1, 41.5936, 14.4583, 0.220, 1.391, 0.004

1, 7, 15, 1, 41.5936, 14.4583, 0.430, 1.389, 0.004

0, 7, 14, 2, 41.5936, 14.4583, 0.230, 1.383, 0.004

1, 7, 15, 2, 41.5936, 14.4583, 0.420, 1.422, 0.004

0, 7, 14, 3, 41.5936, 14.4583, 0.220, 1.389, 0.004

1, 7, 15, 3, 41.5936, 14.4583, 0.420, 1.391, 0.004

0, 7, 14, 4, 41.5936, 14.4583, 0.220, 1.395, 0.004

1, 7, 15, 4, 41.5936, 14.4583, 0.410, 1.381, 0.004

0, 7, 14, 0, 41.5936, 14.7083, 0.230, 1.391, 0.004

1, 7, 15, 0, 41.5936, 14.7083, 0.420, 1.390, 0.004

0, 7, 14, 1, 41.5936, 14.7083, 0.220, 1.387, 0.004

1, 7, 15, 1, 41.5936, 14.7083, 0.430, 1.385, 0.004

0, 7, 14, 2, 41.5936, 14.7083, 0.230, 1.386, 0.004

1, 7, 15, 2, 41.5936, 14.7083, 0.430, 1.380, 0.004

0, 7, 14, 3, 41.5936, 14.7083, 0.230, 1.383, 0.004

1, 7, 15, 3, 41.5936, 14.7083, 0.450, 1.385, 0.004

0, 7, 14, 4, 41.5936, 14.7083, 0.230, 1.390, 0.004

1, 7, 15, 4, 41.5936, 14.7083, 0.440, 1.376, 0.004

0, 7, 14, 0, 41.5936, 14.9583, 0.220, 1.383, 0.004

1, 7, 15, 0, 41.5936, 14.9583, 0.430, 1.395, 0.004

0, 7, 14, 1, 41.5936, 14.9583, 0.220, 1.392, 0.004

1, 7, 15, 1, 41.5936, 14.9583, 0.430, 1.393, 0.004

0, 7, 14, 2, 41.5936, 14.9583, 0.220, 1.382, 0.004

1, 7, 15, 2, 41.5936, 14.9583, 0.410, 1.385, 0.004

0, 7, 14, 3, 41.5936, 14.9583, 0.220, 1.392, 0.004

1, 7, 15, 3, 41.5936, 14.9583, 0.420, 1.381, 0.004

0, 7, 14, 4, 41.5936, 14.9583, 0.230, 1.390, 0.004

1, 7, 15, 4, 41.5936, 14.9583, 0.420, 1.382, 0.004

0, 7, 14, 0, 41.5936, 15.2083, 0.230, 1.388, 0.004

1, 7, 15, 0, 41.5936, 15.2083, 0.420, 1.345, 0.004

0, 7, 14, 1, 41.5936, 15.2083, 0.220, 1.386, 0.004

1, 7, 15, 1, 41.5936, 15.2083, 0.420, 1.389, 0.004

0, 7, 14, 2, 41.5936, 15.2083, 0.220, 1.375, 0.004

1, 7, 15, 2, 41.5936, 15.2083, 0.420, 1.388, 0.004

0, 7, 14, 3, 41.5936, 15.2083, 0.220, 1.390, 0.004

1, 7, 15, 3, 41.5936, 15.2083, 0.420, 1.393, 0.004

0, 7, 14, 4, 41.5936, 15.2083, 0.220, 1.393, 0.004

1, 7, 15, 4, 41.5936, 15.2083, 0.410, 1.379, 0.004

0, 7, 14, 0, 41.5936, 15.4583, 0.230, 1.390, 0.004

1, 7, 15, 0, 41.5936, 15.4583, 0.420, 1.383, 0.004

0, 7, 14, 1, 41.5936, 15.4583, 0.220, 1.390, 0.004

1, 7, 15, 1, 41.5936, 15.4583, 0.420, 1.385, 0.004

0, 7, 14, 2, 41.5936, 15.4583, 0.220, 1.374, 0.004

1, 7, 15, 2, 41.5936, 15.4583, 0.430, 1.380, 0.004

0, 7, 14, 3, 41.5936, 15.4583, 0.220, 1.392, 0.004

1, 7, 15, 3, 41.5936, 15.4583, 0.420, 1.385, 0.004

0, 7, 14, 4, 41.5936, 15.4583, 0.220, 1.389, 0.004

1, 7, 15, 4, 41.5936, 15.4583, 0.440, 1.378, 0.004

0, 7, 14, 0, 41.5936, 15.7083, 0.230, 1.390, 0.004

1, 7, 15, 0, 41.5936, 15.7083, 0.420, 1.382, 0.004

0, 7, 14, 1, 41.5936, 15.7083, 0.220, 1.391, 0.004

1, 7, 15, 1, 41.5936, 15.7083, 0.410, 1.387, 0.004

0, 7, 14, 2, 41.5936, 15.7083, 0.230, 1.387, 0.004

1, 7, 15, 2, 41.5936, 15.7083, 0.420, 1.388, 0.004

0, 7, 14, 3, 41.5936, 15.7083, 0.230, 1.391, 0.004

1, 7, 15, 3, 41.5936, 15.7083, 0.420, 1.396, 0.004

0, 7, 14, 4, 41.5936, 15.7083, 0.220, 1.396, 0.004

1, 7, 15, 4, 41.5936, 15.7083, 0.430, 1.381, 0.004

0, 7, 14, 0, 41.5936, 15.9583, 0.220, 1.382, 0.004

1, 7, 15, 0, 41.5936, 15.9583, 0.430, 1.379, 0.004

0, 7, 14, 1, 41.5936, 15.9583, 0.230, 1.391, 0.004

1, 7, 15, 1, 41.5936, 15.9583, 0.420, 1.353, 0.004

0, 7, 14, 2, 41.5936, 15.9583, 0.220, 1.388, 0.004

1, 7, 15, 2, 41.5936, 15.9583, 0.420, 1.384, 0.004

0, 7, 14, 3, 41.5936, 15.9583, 0.220, 1.387, 0.004

1, 7, 15, 3, 41.5936, 15.9583, 0.420, 1.376, 0.004

0, 7, 14, 4, 41.5936, 15.9583, 0.230, 1.393, 0.004

1, 7, 15, 4, 41.5936, 15.9583, 0.420, 1.387, 0.004

0, 7, 14, 0, 41.5936, 16.2083, 0.220, 1.388, 0.004

1, 7, 15, 0, 41.5936, 16.2083, 0.420, 1.381, 0.004

0, 7, 14, 1, 41.5936, 16.2083, 0.220, 1.390, 0.004

1, 7, 15, 1, 41.5936, 16.2083, 0.430, 1.374, 0.004

0, 7, 14, 2, 41.5936, 16.2083, 0.220, 1.385, 0.004

1, 7, 15, 2, 41.5936, 16.2083, 0.410, 1.386, 0.004

0, 7, 14, 3, 41.5936, 16.2083, 0.220, 1.381, 0.004

1, 7, 15, 3, 41.5936, 16.2083, 0.430, 1.380, 0.004

0, 7, 14, 4, 41.5936, 16.2083, 0.220, 1.380, 0.004

1, 7, 15, 4, 41.5936, 16.2083, 0.420, 1.392, 0.004

0, 7, 14, 0, 41.5936, 16.4583, 0.220, 1.396, 0.004

1, 7, 15, 0, 41.5936, 16.4583, 0.420, 1.391, 0.004

0, 7, 14, 1, 41.5936, 16.4583, 0.220, 1.389, 0.004

1, 7, 15, 1, 41.5936, 16.4583, 0.410, 1.380, 0.004

0, 7, 14, 2, 41.5936, 16.4583, 0.220, 1.387, 0.004

1, 7, 15, 2, 41.5936, 16.4583, 0.420, 1.381, 0.004

0, 7, 14, 3, 41.5936, 16.4583, 0.220, 1.384, 0.004

1, 7, 15, 3, 41.5936, 16.4583, 0.410, 1.393, 0.004

0, 7, 14, 4, 41.5936, 16.4583, 0.220, 1.375, 0.004

1, 7, 15, 4, 41.5936, 16.4583, 0.420, 1.379, 0.004

0, 7, 14, 0, 41.5936, 16.7083, 0.220, 1.390, 0.004

1, 7, 15, 0, 41.5936, 16.7083, 0.430, 1.384, 0.004

0, 7, 14, 1, 41.5936, 16.7083, 0.220, 1.384, 0.004

1, 7, 15, 1, 41.5936, 16.7083, 0.420, 1.374, 0.004

0, 7, 14, 2, 41.5936, 16.7083, 0.230, 1.389, 0.004

1, 7, 15, 2, 41.5936, 16.7083, 0.410, 1.395, 0.004

0, 7, 14, 3, 41.5936, 16.7083, 0.220, 1.387, 0.004

1, 7, 15, 3, 41.5936, 16.7083, 0.410, 1.397, 0.004

0, 7, 14, 4, 41.5936, 16.7083, 0.220, 1.387, 0.004

1, 7, 15, 4, 41.5936, 16.7083, 0.420, 1.384, 0.004

0, 7, 14, 0, 41.5936, 16.9583, 0.220, 1.392, 0.004

1, 7, 15, 0, 41.5936, 16.9583, 0.420, 1.380, 0.004

0, 7, 14, 1, 41.5936, 16.9583, 0.230, 1.389, 0.004

1, 7, 15, 1, 41.5936, 16.9583, 0.400, 1.389, 0.004

0, 7, 14, 2, 41.5936, 16.9583, 0.230, 1.387, 0.004

1, 7, 15, 2, 41.5936, 16.9583, 0.420, 1.382, 0.004

0, 7, 14, 3, 41.5936, 16.9583, 0.220, 1.388, 0.004

1, 7, 15, 3, 41.5936, 16.9583, 0.410, 1.387, 0.004

0, 7, 14, 4, 41.5936, 16.9583, 0.220, 1.379, 0.004

1, 7, 15, 4, 41.5936, 16.9583, 0.430, 1.390, 0.004

0, 7, 14, 0, 41.5936, 17.2083, 0.220, 1.387, 0.004

1, 7, 15, 0, 41.5936, 17.2083, 0.420, 1.383, 0.004

0, 7, 14, 1, 41.5936, 17.2083, 0.220, 1.386, 0.004

1, 7, 15, 1, 41.5936, 17.2083, 0.410, 1.391, 0.004

0, 7, 14, 2, 41.5936, 17.2083, 0.220, 1.394, 0.004

1, 7, 15, 2, 41.5936, 17.2083, 0.420, 1.391, 0.004

0, 7, 14, 3, 41.5936, 17.2083, 0.220, 1.398, 0.004

1, 7, 15, 3, 41.5936, 17.2083, 0.430, 1.383, 0.004

0, 7, 14, 4, 41.5936, 17.2083, 0.220, 1.389, 0.004

1, 7, 15, 4, 41.5936, 17.2083, 0.420, 1.389, 0.004

0, 7, 14, 0, 41.5936, 17.4583, 0.220, 1.388, 0.004

1, 7, 15, 0, 41.5936, 17.4583, 0.420, 1.386, 0.004

0, 7, 14, 1, 41.5936, 17.4583, 0.220, 1.392, 0.004

1, 7, 15, 1, 41.5936, 17.4583, 0.430, 1.382, 0.004

0, 7, 14, 2, 41.5936, 17.4583, 0.220, 1.393, 0.004

1, 7, 15, 2, 41.5936, 17.4583, 0.420, 1.393, 0.004

0, 7, 14, 3, 41.5936, 17.4583, 0.220, 1.389, 0.004

1, 7, 15, 3, 41.5936, 17.4583, 0.420, 1.378, 0.004

0, 7, 14, 4, 41.5936, 17.4583, 0.220, 1.394, 0.004

1, 7, 15, 4, 41.5936, 17.4583, 0.430, 1.383, 0.004

0, 7, 14, 0, 41.5936, 17.7083, 0.230, 1.377, 0.004

1, 7, 15, 0, 41.5936, 17.7083, 0.400, 1.374, 0.004

0, 7, 14, 1, 41.5936, 17.7083, 0.220, 1.392, 0.004

1, 7, 15, 1, 41.5936, 17.7083, 0.410, 1.383, 0.004

0, 7, 14, 2, 41.5936, 17.7083, 0.230, 1.391, 0.004

1, 7, 15, 2, 41.5936, 17.7083, 0.420, 1.340, 0.004

0, 7, 14, 3, 41.5936, 17.7083, 0.230, 1.390, 0.004

1, 7, 15, 3, 41.5936, 17.7083, 0.420, 1.390, 0.004

0, 7, 14, 4, 41.5936, 17.7083, 0.230, 1.386, 0.004

1, 7, 15, 4, 41.5936, 17.7083, 0.440, 1.388, 0.004

0, 7, 14, 0, 41.5936, 17.9583, 0.230, 1.397, 0.004

1, 7, 15, 0, 41.5936, 17.9583, 0.430, 1.388, 0.004

0, 7, 14, 1, 41.5936, 17.9583, 0.220, 1.394, 0.004

1, 7, 15, 1, 41.5936, 17.9583, 0.410, 1.370, 0.004

0, 7, 14, 2, 41.5936, 17.9583, 0.220, 1.392, 0.004

1, 7, 15, 2, 41.5936, 17.9583, 0.420, 1.393, 0.004

0, 7, 14, 3, 41.5936, 17.9583, 0.230, 1.398, 0.004

1, 7, 15, 3, 41.5936, 17.9583, 0.410, 1.384, 0.004

0, 7, 14, 4, 41.5936, 17.9583, 0.230, 1.390, 0.004

1, 7, 15, 4, 41.5936, 17.9583, 0.410, 1.389, 0.004

0, 7, 14, 0, 41.5936, 18.2083, 0.230, 1.389, 0.004

1, 7, 15, 0, 41.5936, 18.2083, 0.420, 1.388, 0.004

0, 7, 14, 1, 41.5936, 18.2083, 0.230, 1.393, 0.004

1, 7, 15, 1, 41.5936, 18.2083, 0.420, 1.383, 0.004

0, 7, 14, 2, 41.5936, 18.2083, 0.220, 1.377, 0.004

1, 7, 15, 2, 41.5936, 18.2083, 0.410, 1.387, 0.004

0, 7, 14, 3, 41.5936, 18.2083, 0.230, 1.383, 0.004

1, 7, 15, 3, 41.5936, 18.2083, 0.420, 1.386, 0.004

0, 7, 14, 4, 41.5936, 18.2083, 0.230, 1.386, 0.004

1, 7, 15, 4, 41.5936, 18.2083, 0.420, 1.404, 0.004

0, 7, 14, 0, 41.5936, 18.4583, 0.230, 1.394, 0.004

1, 7, 15, 0, 41.5936, 18.4583, 0.420, 1.389, 0.004

0, 7, 14, 1, 41.5936, 18.4583, 0.220, 1.384, 0.004

1, 7, 15, 1, 41.5936, 18.4583, 0.410, 1.387, 0.004

0, 7, 14, 2, 41.5936, 18.4583, 0.230, 1.390, 0.004

1, 7, 15, 2, 41.5936, 18.4583, 0.420, 1.381, 0.004

0, 7, 14, 3, 41.5936, 18.4583, 0.220, 1.389, 0.004

1, 7, 15, 3, 41.5936, 18.4583, 0.420, 1.391, 0.004

0, 7, 14, 4, 41.5936, 18.4583, 0.230, 1.393, 0.004

1, 7, 15, 4, 41.5936, 18.4583, 0.420, 1.375, 0.004

0, 7, 14, 0, 41.5936, 18.7083, 0.220, 1.389, 0.004

1, 7, 15, 0, 41.5936, 18.7083, 0.420, 1.386, 0.004

0, 7, 14, 1, 41.5936, 18.7083, 0.220, 1.388, 0.004

1, 7, 15, 1, 41.5936, 18.7083, 0.430, 1.375, 0.004

0, 7, 14, 2, 41.5936, 18.7083, 0.230, 1.378, 0.004

1, 7, 15, 2, 41.5936, 18.7083, 0.420, 1.375, 0.004

0, 7, 14, 3, 41.5936, 18.7083, 0.230, 1.381, 0.004

1, 7, 15, 3, 41.5936, 18.7083, 0.430, 1.386, 0.004

0, 7, 14, 4, 41.5936, 18.7083, 0.230, 1.391, 0.004

1, 7, 15, 4, 41.5936, 18.7083, 0.420, 1.385, 0.004

0, 7, 14, 0, 41.5936, 18.9583, 0.220, 1.395, 0.004

1, 7, 15, 0, 41.5936, 18.9583, 0.420, 1.364, 0.004

0, 7, 14, 1, 41.5936, 18.9583, 0.220, 1.388, 0.004

1, 7, 15, 1, 41.5936, 18.9583, 0.420, 1.381, 0.004

0, 7, 14, 2, 41.5936, 18.9583, 0.230, 1.391, 0.004

1, 7, 15, 2, 41.5936, 18.9583, 0.420, 1.390, 0.004

0, 7, 14, 3, 41.5936, 18.9583, 0.230, 1.390, 0.004

1, 7, 15, 3, 41.5936, 18.9583, 0.430, 1.403, 0.004

0, 7, 14, 4, 41.5936, 18.9583, 0.220, 1.387, 0.004

1, 7, 15, 4, 41.5936, 18.9583, 0.430, 1.382, 0.004

0, 7, 14, 0, 41.5936, 19.2083, 0.230, 1.387, 0.004

1, 7, 15, 0, 41.5936, 19.2083, 0.440, 1.406, 0.004

0, 7, 14, 1, 41.5936, 19.2083, 0.230, 1.389, 0.004

1, 7, 15, 1, 41.5936, 19.2083, 0.430, 1.389, 0.004

0, 7, 14, 2, 41.5936, 19.2083, 0.230, 1.388, 0.004

1, 7, 15, 2, 41.5936, 19.2083, 0.430, 1.386, 0.004

0, 7, 14, 3, 41.5936, 19.2083, 0.220, 1.391, 0.004

1, 7, 15, 3, 41.5936, 19.2083, 0.410, 1.380, 0.004

0, 7, 14, 4, 41.5936, 19.2083, 0.220, 1.391, 0.004

1, 7, 15, 4, 41.5936, 19.2083, 0.430, 1.381, 0.004

0, 7, 14, 0, 41.5936, 19.4583, 0.220, 1.394, 0.004

1, 7, 15, 0, 41.5936, 19.4583, 0.420, 1.382, 0.004

0, 7, 14, 1, 41.5936, 19.4583, 0.230, 1.386, 0.004

1, 7, 15, 1, 41.5936, 19.4583, 0.420, 1.375, 0.004

0, 7, 14, 2, 41.5936, 19.4583, 0.220, 1.386, 0.004

1, 7, 15, 2, 41.5936, 19.4583, 0.420, 1.388, 0.004

0, 7, 14, 3, 41.5936, 19.4583, 0.220, 1.389, 0.004

1, 7, 15, 3, 41.5936, 19.4583, 0.410, 1.381, 0.004

0, 7, 14, 4, 41.5936, 19.4583, 0.220, 1.384, 0.004

1, 7, 15, 4, 41.5936, 19.4583, 0.420, 1.386, 0.004

0, 7, 14, 0, 41.5936, 19.7083, 0.230, 1.394, 0.004

1, 7, 15, 0, 41.5936, 19.7083, 0.410, 1.386, 0.004

0, 7, 14, 1, 41.5936, 19.7083, 0.230, 1.386, 0.004

1, 7, 15, 1, 41.5936, 19.7083, 0.420, 1.391, 0.004

0, 7, 14, 2, 41.5936, 19.7083, 0.230, 1.388, 0.004

1, 7, 15, 2, 41.5936, 19.7083, 0.420, 1.385, 0.004

0, 7, 14, 3, 41.5936, 19.7083, 0.220, 1.387, 0.004

1, 7, 15, 3, 41.5936, 19.7083, 0.420, 1.375, 0.004

0, 7, 14, 4, 41.5936, 19.7083, 0.230, 1.386, 0.004

1, 7, 15, 4, 41.5936, 19.7083, 0.410, 1.387, 0.004

0, 7, 14, 0, 41.5936, 19.9583, 0.220, 1.388, 0.004

1, 7, 15, 0, 41.5936, 19.9583, 0.420, 1.388, 0.004

0, 7, 14, 1, 41.5936, 19.9583, 0.230, 1.388, 0.004

1, 7, 15, 1, 41.5936, 19.9583, 0.430, 1.384, 0.004

0, 7, 14, 2, 41.5936, 19.9583, 0.220, 1.393, 0.004

1, 7, 15, 2, 41.5936, 19.9583, 0.430, 1.388, 0.004

0, 7, 14, 3, 41.5936, 19.9583, 0.220, 1.388, 0.004

1, 7, 15, 3, 41.5936, 19.9583, 0.410, 1.381, 0.004

0, 7, 14, 4, 41.5936, 19.9583, 0.220, 1.389, 0.004

1, 7, 15, 4, 41.5936, 19.9583, 0.420, 1.384, 0.004

0, 7, 14, 0, 41.5936, 20.2083, 0.230, 1.381, 0.004

1, 7, 15, 0, 41.5936, 20.2083, 0.420, 1.385, 0.004

0, 7, 14, 1, 41.5936, 20.2083, 0.230, 1.390, 0.004

1, 7, 15, 1, 41.5936, 20.2083, 0.430, 1.402, 0.004

0, 7, 14, 2, 41.5936, 20.2083, 0.220, 1.395, 0.004

1, 7, 15, 2, 41.5936, 20.2083, 0.440, 1.393, 0.004

0, 7, 14, 3, 41.5936, 20.2083, 0.220, 1.385, 0.004

1, 7, 15, 3, 41.5936, 20.2083, 0.430, 1.382, 0.004

0, 7, 14, 4, 41.5936, 20.2083, 0.230, 1.387, 0.004

1, 7, 15, 4, 41.5936, 20.2083, 0.410, 1.388, 0.004

0, 7, 14, 0, 41.5936, 20.4583, 0.220, 1.388, 0.004

1, 7, 15, 0, 41.5936, 20.4583, 0.430, 1.387, 0.004

0, 7, 14, 1, 41.5936, 20.4583, 0.230, 1.391, 0.004

1, 7, 15, 1, 41.5936, 20.4583, 0.430, 1.390, 0.004

0, 7, 14, 2, 41.5936, 20.4583, 0.230, 1.391, 0.004

1, 7, 15, 2, 41.5936, 20.4583, 0.430, 1.371, 0.004

0, 7, 14, 3, 41.5936, 20.4583, 0.230, 1.397, 0.004

1, 7, 15, 3, 41.5936, 20.4583, 0.430, 1.386, 0.004

0, 7, 14, 4, 41.5936, 20.4583, 0.230, 1.389, 0.004

1, 7, 15, 4, 41.5936, 20.4583, 0.420, 1.385, 0.004

0, 7, 14, 0, 41.5936, 20.7083, 0.230, 1.393, 0.004

1, 7, 15, 0, 41.5936, 20.7083, 0.430, 1.390, 0.004

0, 7, 14, 1, 41.5936, 20.7083, 0.230, 1.387, 0.004

1, 7, 15, 1, 41.5936, 20.7083, 0.430, 1.381, 0.004

0, 7, 14, 2, 41.5936, 20.7083, 0.230, 1.388, 0.004

1, 7, 15, 2, 41.5936, 20.7083, 0.420, 1.369, 0.004

0, 7, 14, 3, 41.5936, 20.7083, 0.230, 1.379, 0.004

1, 7, 15, 3, 41.5936, 20.7083, 0.430, 1.381, 0.004

0, 7, 14, 4, 41.5936, 20.7083, 0.220, 1.386, 0.004

1, 7, 15, 4, 41.5936, 20.7083, 0.430, 1.392, 0.004

0, 7, 14, 0, 41.5936, 20.9583, 0.230, 1.396, 0.004

1, 7, 15, 0, 41.5936, 20.9583, 0.430, 1.381, 0.004

0, 7, 14, 1, 41.5936, 20.9583, 0.220, 1.388, 0.004

1, 7, 15, 1, 41.5936, 20.9583, 0.440, 1.376, 0.004

0, 7, 14, 2, 41.5936, 20.9583, 0.230, 1.395, 0.004

1, 7, 15, 2, 41.5936, 20.9583, 0.430, 1.380, 0.004

0, 7, 14, 3, 41.5936, 20.9583, 0.230, 1.390, 0.004

1, 7, 15, 3, 41.5936, 20.9583, 0.440, 1.390, 0.004

0, 7, 14, 4, 41.5936, 20.9583, 0.230, 1.392, 0.004

1, 7, 15, 4, 41.5936, 20.9583, 0.420, 1.378, 0.004

0, 7, 14, 0, 41.5936, 21.2083, 0.230, 1.388, 0.004

1, 7, 15, 0, 41.5936, 21.2083, 0.410, 1.389, 0.004

0, 7, 14, 1, 41.5936, 21.2083, 0.220, 1.392, 0.004

1, 7, 15, 1, 41.5936, 21.2083, 0.420, 1.395, 0.004

0, 7, 14, 2, 41.5936, 21.2083, 0.230, 1.389, 0.004

1, 7, 15, 2, 41.5936, 21.2083, 0.430, 1.387, 0.004

0, 7, 14, 3, 41.5936, 21.2083, 0.230, 1.392, 0.004

1, 7, 15, 3, 41.5936, 21.2083, 0.430, 1.380, 0.004

0, 7, 14, 4, 41.5936, 21.2083, 0.220, 1.382, 0.004

1, 7, 15, 4, 41.5936, 21.2083, 0.420, 1.379, 0.004

0, 7, 14, 0, 41.5936, 21.4583, 0.230, 1.377, 0.004

1, 7, 15, 0, 41.5936, 21.4583, 0.420, 1.389, 0.004

0, 7, 14, 1, 41.5936, 21.4583, 0.230, 1.393, 0.004

1, 7, 15, 1, 41.5936, 21.4583, 0.420, 1.384, 0.004

0, 7, 14, 2, 41.5936, 21.4583, 0.220, 1.390, 0.004

1, 7, 15, 2, 41.5936, 21.4583, 0.440, 1.383, 0.004

0, 7, 14, 3, 41.5936, 21.4583, 0.220, 1.389, 0.004

1, 7, 15, 3, 41.5936, 21.4583, 0.410, 1.384, 0.004

0, 7, 14, 4, 41.5936, 21.4583, 0.230, 1.396, 0.004

1, 7, 15, 4, 41.5936, 21.4583, 0.420, 1.380, 0.004

0, 7, 14, 0, 41.5936, 21.7083, 0.220, 1.381, 0.004

1, 7, 15, 0, 41.5936, 21.7083, 0.420, 1.381, 0.004

0, 7, 14, 1, 41.5936, 21.7083, 0.230, 1.391, 0.004

1, 7, 15, 1, 41.5936, 21.7083, 0.430, 1.383, 0.004

0, 7, 14, 2, 41.5936, 21.7083, 0.230, 1.390, 0.004

1, 7, 15, 2, 41.5936, 21.7083, 0.420, 1.382, 0.004

0, 7, 14, 3, 41.5936, 21.7083, 0.230, 1.386, 0.004

1, 7, 15, 3, 41.5936, 21.7083, 0.420, 1.386, 0.004

0, 7, 14, 4, 41.5936, 21.7083, 0.230, 1.389, 0.004

1, 7, 15, 4, 41.5936, 21.7083, 0.420, 1.389, 0.004

0, 7, 14, 0, 41.5936, 21.9583, 0.230, 1.394, 0.004

1, 7, 15, 0, 41.5936, 21.9583, 0.430, 1.387, 0.004

0, 7, 14, 1, 41.5936, 21.9583, 0.230, 1.392, 0.004

1, 7, 15, 1, 41.5936, 21.9583, 0.430, 1.385, 0.004

0, 7, 14, 2, 41.5936, 21.9583, 0.220, 1.390, 0.004

1, 7, 15, 2, 41.5936, 21.9583, 0.420, 1.357, 0.004

0, 7, 14, 3, 41.5936, 21.9583, 0.230, 1.385, 0.004

1, 7, 15, 3, 41.5936, 21.9583, 0.420, 1.391, 0.004

0, 7, 14, 4, 41.5936, 21.9583, 0.220, 1.390, 0.004

1, 7, 15, 4, 41.5936, 21.9583, 0.440, 1.385, 0.004

0, 7, 14, 0, 41.5936, 22.2083, 0.220, 1.399, 0.004

1, 7, 15, 0, 41.5936, 22.2083, 0.400, 1.370, 0.004

0, 7, 14, 1, 41.5936, 22.2083, 0.220, 1.388, 0.004

1, 7, 15, 1, 41.5936, 22.2083, 0.410, 1.380, 0.004

0, 7, 14, 2, 41.5936, 22.2083, 0.220, 1.392, 0.004

1, 7, 15, 2, 41.5936, 22.2083, 0.400, 1.387, 0.004

0, 7, 14, 3, 41.5936, 22.2083, 0.230, 1.384, 0.004

1, 7, 15, 3, 41.5936, 22.2083, 0.400, 1.385, 0.004

0, 7, 14, 4, 41.5936, 22.2083, 0.230, 1.391, 0.004

1, 7, 15, 4, 41.5936, 22.2083, 0.400, 1.378, 0.004

0, 7, 14, 0, 41.5936, 22.4583, 0.220, 1.394, 0.004

1, 7, 15, 0, 41.5936, 22.4583, 0.390, 1.375, 0.004

0, 7, 14, 1, 41.5936, 22.4583, 0.230, 1.390, 0.004

1, 7, 15, 1, 41.5936, 22.4583, 0.390, 1.321, 0.004

0, 7, 14, 2, 41.5936, 22.4583, 0.230, 1.395, 0.004

1, 7, 15, 2, 41.5936, 22.4583, 0.380, 1.394, 0.004

0, 7, 14, 3, 41.5936, 22.4583, 0.230, 1.382, 0.004

1, 7, 15, 3, 41.5936, 22.4583, 0.390, 1.384, 0.004

0, 7, 14, 4, 41.5936, 22.4583, 0.230, 1.389, 0.004

1, 7, 15, 4, 41.5936, 22.4583, 0.370, 1.381, 0.004

0, 7, 14, 0, 41.5936, 22.7083, 0.230, 1.382, 0.004

1, 7, 15, 0, 41.5936, 22.7083, 0.380, 1.383, 0.004

0, 7, 14, 1, 41.5936, 22.7083, 0.230, 1.392, 0.004

1, 7, 15, 1, 41.5936, 22.7083, 0.380, 1.387, 0.004

0, 7, 14, 2, 41.5936, 22.7083, 0.230, 1.384, 0.004

1, 7, 15, 2, 41.5936, 22.7083, 0.380, 1.384, 0.004

0, 7, 14, 3, 41.5936, 22.7083, 0.220, 1.388, 0.004

1, 7, 15, 3, 41.5936, 22.7083, 0.390, 1.386, 0.004

0, 7, 14, 4, 41.5936, 22.7083, 0.220, 1.386, 0.004

1, 7, 15, 4, 41.5936, 22.7083, 0.390, 1.374, 0.004

0, 7, 14, 0, 41.5936, 22.9583, 0.230, 1.373, 0.004

1, 7, 15, 0, 41.5936, 22.9583, 0.350, 1.405, 0.004

0, 7, 14, 1, 41.5936, 22.9583, 0.230, 1.390, 0.004

1, 7, 15, 1, 41.5936, 22.9583, 0.350, 1.387, 0.004

0, 7, 14, 2, 41.5936, 22.9583, 0.230, 1.385, 0.004

1, 7, 15, 2, 41.5936, 22.9583, 0.330, 1.373, 0.004

0, 7, 14, 3, 41.5936, 22.9583, 0.230, 1.382, 0.004

1, 7, 15, 3, 41.5936, 22.9583, 0.350, 1.387, 0.004

0, 7, 14, 4, 41.5936, 22.9583, 0.230, 1.394, 0.004

1, 7, 15, 4, 41.5936, 22.9583, 0.350, 1.385, 0.004

0, 7, 14, 0, 41.5936, 23.2083, 0.230, 1.396, 0.004

1, 7, 15, 0, 41.5936, 23.2083, 0.300, 1.387, 0.004

0, 7, 14, 1, 41.5936, 23.2083, 0.230, 1.388, 0.004

1, 7, 15, 1, 41.5936, 23.2083, 0.300, 1.383, 0.004

0, 7, 14, 2, 41.5936, 23.2083, 0.230, 1.388, 0.004

1, 7, 15, 2, 41.5936, 23.2083, 0.300, 1.388, 0.004

0, 7, 14, 3, 41.5936, 23.2083, 0.230, 1.386, 0.004

1, 7, 15, 3, 41.5936, 23.2083, 0.300, 1.372, 0.004

0, 7, 14, 4, 41.5936, 23.2083, 0.230, 1.393, 0.004

1, 7, 15, 4, 41.5936, 23.2083, 0.310, 1.388, 0.004

0, 7, 14, 0, 41.5936, 23.4583, 0.230, 1.392, 0.004

1, 7, 15, 0, 41.5936, 23.4583, 0.270, 1.388, 0.004

0, 7, 14, 1, 41.5936, 23.4583, 0.230, 1.389, 0.004

1, 7, 15, 1, 41.5936, 23.4583, 0.260, 1.383, 0.004

0, 7, 14, 2, 41.5936, 23.4583, 0.230, 1.392, 0.004

1, 7, 15, 2, 41.5936, 23.4583, 0.260, 1.386, 0.004

0, 7, 14, 3, 41.5936, 23.4583, 0.230, 1.383, 0.004

1, 7, 15, 3, 41.5936, 23.4583, 0.270, 1.391, 0.004

0, 7, 14, 4, 41.5936, 23.4583, 0.220, 1.390, 0.004

1, 7, 15, 4, 41.5936, 23.4583, 0.270, 1.380, 0.004

0, 7, 14, 0, 41.5936, 23.7083, 0.230, 1.387, 0.004

1, 7, 15, 0, 41.5936, 23.7083, 0.250, 1.379, 0.004

0, 7, 14, 1, 41.5936, 23.7083, 0.230, 1.392, 0.004

1, 7, 15, 1, 41.5936, 23.7083, 0.240, 1.387, 0.004

0, 7, 14, 2, 41.5936, 23.7083, 0.230, 1.392, 0.004

1, 7, 15, 2, 41.5936, 23.7083, 0.250, 1.389, 0.004

0, 7, 14, 3, 41.5936, 23.7083, 0.230, 1.391, 0.004

1, 7, 15, 3, 41.5936, 23.7083, 0.240, 1.387, 0.004

0, 7, 14, 4, 41.5936, 23.7083, 0.230, 1.386, 0.004

1, 7, 15, 4, 41.5936, 23.7083, 0.250, 1.384, 0.004

0, 7, 14, 0, 41.5936, 23.9583, 0.240, 1.389, 0.004

1, 7, 15, 0, 41.5936, 23.9583, 0.240, 1.385, 0.004

0, 7, 14, 1, 41.5936, 23.9583, 0.230, 1.387, 0.004

1, 7, 15, 1, 41.5936, 23.9583, 0.240, 1.386, 0.004

0, 7, 14, 2, 41.5936, 23.9583, 0.240, 1.383, 0.004

1, 7, 15, 2, 41.5936, 23.9583, 0.240, 1.387, 0.004

0, 7, 14, 3, 41.5936, 23.9583, 0.240, 1.393, 0.004

1, 7, 15, 3, 41.5936, 23.9583, 0.240, 1.384, 0.004

0, 7, 14, 4, 41.5936, 23.9583, 0.240, 1.397, 0.004

1, 7, 15, 4, 41.5936, 23.9583, 0.240, 1.391, 0.004

0, 7, 14, 0, 41.5936, 24.2083, 0.250, 1.384, 0.004

1, 7, 15, 0, 41.5936, 24.2083, 0.230, 1.381, 0.004

0, 7, 14, 1, 41.5936, 24.2083, 0.250, 1.390, 0.004

1, 7, 15, 1, 41.5936, 24.2083, 0.230, 1.377, 0.004

0, 7, 14, 2, 41.5936, 24.2083, 0.250, 1.400, 0.004

1, 7, 15, 2, 41.5936, 24.2083, 0.230, 1.388, 0.004

0, 7, 14, 3, 41.5936, 24.2083, 0.260, 1.385, 0.004

1, 7, 15, 3, 41.5936, 24.2083, 0.230, 1.390, 0.004

0, 7, 14, 4, 41.5936, 24.2083, 0.250, 1.378, 0.004

1, 7, 15, 4, 41.5936, 24.2083, 0.230, 1.387, 0.004

0, 7, 14, 0, 41.5936, 24.4583, 0.270, 1.380, 0.004

1, 7, 15, 0, 41.5936, 24.4583, 0.230, 1.376, 0.004

0, 7, 14, 1, 41.5936, 24.4583, 0.270, 1.382, 0.004

1, 7, 15, 1, 41.5936, 24.4583, 0.230, 1.376, 0.004

0, 7, 14, 2, 41.5936, 24.4583, 0.280, 1.390, 0.004

1, 7, 15, 2, 41.5936, 24.4583, 0.230, 1.394, 0.004

0, 7, 14, 3, 41.5936, 24.4583, 0.280, 1.378, 0.004

1, 7, 15, 3, 41.5936, 24.4583, 0.230, 1.385, 0.004

0, 7, 14, 4, 41.5936, 24.4583, 0.270, 1.390, 0.004

1, 7, 15, 4, 41.5936, 24.4583, 0.230, 1.385, 0.004

0, 7, 14, 0, 41.5936, 24.7083, 0.290, 1.391, 0.004

1, 7, 15, 0, 41.5936, 24.7083, 0.230, 1.374, 0.004

0, 7, 14, 1, 41.5936, 24.7083, 0.310, 1.381, 0.004

1, 7, 15, 1, 41.5936, 24.7083, 0.230, 1.384, 0.004

0, 7, 14, 2, 41.5936, 24.7083, 0.300, 1.398, 0.004

1, 7, 15, 2, 41.5936, 24.7083, 0.230, 1.383, 0.004

0, 7, 14, 3, 41.5936, 24.7083, 0.290, 1.391, 0.004

1, 7, 15, 3, 41.5936, 24.7083, 0.230, 1.383, 0.004

0, 7, 14, 4, 41.5936, 24.7083, 0.300, 1.391, 0.004

1, 7, 15, 4, 41.5936, 24.7083, 0.230, 1.385, 0.004

0, 7, 14, 0, 41.5936, 24.9583, 0.340, 1.391, 0.004

1, 7, 15, 0, 41.5936, 24.9583, 0.230, 1.392, 0.004

0, 7, 14, 1, 41.5936, 24.9583, 0.350, 1.387, 0.004

1, 7, 15, 1, 41.5936, 24.9583, 0.230, 1.390, 0.004

0, 7, 14, 2, 41.5936, 24.9583, 0.340, 1.375, 0.004

1, 7, 15, 2, 41.5936, 24.9583, 0.230, 1.384, 0.004

0, 7, 14, 3, 41.5936, 24.9583, 0.330, 1.387, 0.004

1, 7, 15, 3, 41.5936, 24.9583, 0.230, 1.392, 0.004

0, 7, 14, 4, 41.5936, 24.9583, 0.330, 1.385, 0.004

1, 7, 15, 4, 41.5936, 24.9583, 0.230, 1.393, 0.004

0, 7, 14, 0, 41.5936, 25.2083, 0.340, 1.392, 0.004

1, 7, 15, 0, 41.5936, 25.2083, 0.230, 1.390, 0.004

0, 7, 14, 1, 41.5936, 25.2083, 0.360, 1.388, 0.004

1, 7, 15, 1, 41.5936, 25.2083, 0.230, 1.387, 0.004

0, 7, 14, 2, 41.5936, 25.2083, 0.360, 1.382, 0.004

1, 7, 15, 2, 41.5936, 25.2083, 0.230, 1.386, 0.004

0, 7, 14, 3, 41.5936, 25.2083, 0.340, 1.376, 0.004

1, 7, 15, 3, 41.5936, 25.2083, 0.220, 1.382, 0.004

0, 7, 14, 4, 41.5936, 25.2083, 0.350, 1.372, 0.004

1, 7, 15, 4, 41.5936, 25.2083, 0.230, 1.388, 0.004

0, 7, 14, 0, 41.5936, 25.4583, 0.350, 1.385, 0.004

1, 7, 15, 0, 41.5936, 25.4583, 0.230, 1.389, 0.004

0, 7, 14, 1, 41.5936, 25.4583, 0.350, 1.384, 0.004

1, 7, 15, 1, 41.5936, 25.4583, 0.230, 1.394, 0.004

0, 7, 14, 2, 41.5936, 25.4583, 0.340, 1.393, 0.004

1, 7, 15, 2, 41.5936, 25.4583, 0.230, 1.384, 0.004

0, 7, 14, 3, 41.5936, 25.4583, 0.340, 1.384, 0.004

1, 7, 15, 3, 41.5936, 25.4583, 0.230, 1.383, 0.004

0, 7, 14, 4, 41.5936, 25.4583, 0.360, 1.391, 0.004

1, 7, 15, 4, 41.5936, 25.4583, 0.230, 1.393, 0.004

0, 7, 14, 0, 41.5936, 25.7083, 0.370, 1.394, 0.004

1, 7, 15, 0, 41.5936, 25.7083, 0.230, 1.389, 0.004

0, 7, 14, 1, 41.5936, 25.7083, 0.360, 1.386, 0.004

1, 7, 15, 1, 41.5936, 25.7083, 0.230, 1.384, 0.004

0, 7, 14, 2, 41.5936, 25.7083, 0.370, 1.379, 0.004

1, 7, 15, 2, 41.5936, 25.7083, 0.230, 1.378, 0.004

0, 7, 14, 3, 41.5936, 25.7083, 0.360, 1.393, 0.004

1, 7, 15, 3, 41.5936, 25.7083, 0.230, 1.390, 0.004

0, 7, 14, 4, 41.5936, 25.7083, 0.370, 1.387, 0.004

1, 7, 15, 4, 41.5936, 25.7083, 0.230, 1.385, 0.004

0, 7, 14, 0, 41.5936, 25.9583, 0.380, 1.394, 0.004

1, 7, 15, 0, 41.5936, 25.9583, 0.230, 1.384, 0.004

0, 7, 14, 1, 41.5936, 25.9583, 0.400, 1.391, 0.004

1, 7, 15, 1, 41.5936, 25.9583, 0.230, 1.383, 0.004

0, 7, 14, 2, 41.5936, 25.9583, 0.380, 1.388, 0.004

1, 7, 15, 2, 41.5936, 25.9583, 0.230, 1.388, 0.004

0, 7, 14, 3, 41.5936, 25.9583, 0.380, 1.394, 0.004

1, 7, 15, 3, 41.5936, 25.9583, 0.230, 1.384, 0.004

0, 7, 14, 4, 41.5936, 25.9583, 0.380, 1.388, 0.004

1, 7, 15, 4, 41.5936, 25.9583, 0.230, 1.390, 0.004

0, 7, 14, 0, 41.5936, 26.2083, 0.380, 1.390, 0.004

1, 7, 15, 0, 41.5936, 26.2083, 0.230, 1.386, 0.004

0, 7, 14, 1, 41.5936, 26.2083, 0.390, 1.377, 0.004

1, 7, 15, 1, 41.5936, 26.2083, 0.220, 1.375, 0.004

0, 7, 14, 2, 41.5936, 26.2083, 0.390, 1.392, 0.004

1, 7, 15, 2, 41.5936, 26.2083, 0.230, 1.384, 0.004

0, 7, 14, 3, 41.5936, 26.2083, 0.400, 1.397, 0.004

1, 7, 15, 3, 41.5936, 26.2083, 0.230, 1.378, 0.004

0, 7, 14, 4, 41.5936, 26.2083, 0.390, 1.385, 0.004

1, 7, 15, 4, 41.5936, 26.2083, 0.220, 1.384, 0.004

0, 7, 14, 0, 41.5936, 26.4583, 0.380, 1.406, 0.004

1, 7, 15, 0, 41.5936, 26.4583, 0.230, 1.381, 0.004

0, 7, 14, 1, 41.5936, 26.4583, 0.380, 1.384, 0.004

1, 7, 15, 1, 41.5936, 26.4583, 0.230, 1.383, 0.004

0, 7, 14, 2, 41.5936, 26.4583, 0.390, 1.393, 0.004

1, 7, 15, 2, 41.5936, 26.4583, 0.230, 1.390, 0.004

0, 7, 14, 3, 41.5936, 26.4583, 0.390, 1.375, 0.004

1, 7, 15, 3, 41.5936, 26.4583, 0.230, 1.388, 0.004

0, 7, 14, 4, 41.5936, 26.4583, 0.390, 1.386, 0.004

1, 7, 15, 4, 41.5936, 26.4583, 0.230, 1.385, 0.004

0, 7, 14, 0, 41.5936, 26.7083, 0.390, 1.388, 0.004

1, 7, 15, 0, 41.5936, 26.7083, 0.230, 1.384, 0.004

0, 7, 14, 1, 41.5936, 26.7083, 0.400, 1.377, 0.004

1, 7, 15, 1, 41.5936, 26.7083, 0.230, 1.387, 0.004

0, 7, 14, 2, 41.5936, 26.7083, 0.390, 1.350, 0.004

1, 7, 15, 2, 41.5936, 26.7083, 0.230, 1.386, 0.004

0, 7, 14, 3, 41.5936, 26.7083, 0.380, 1.392, 0.004

1, 7, 15, 3, 41.5936, 26.7083, 0.230, 1.389, 0.004

0, 7, 14, 4, 41.5936, 26.7083, 0.390, 1.379, 0.004

1, 7, 15, 4, 41.5936, 26.7083, 0.230, 1.386, 0.004

0, 7, 14, 0, 41.5936, 26.9583, 0.390, 1.382, 0.004

1, 7, 15, 0, 41.5936, 26.9583, 0.230, 1.380, 0.004

0, 7, 14, 1, 41.5936, 26.9583, 0.380, 1.373, 0.004

1, 7, 15, 1, 41.5936, 26.9583, 0.230, 1.386, 0.004

0, 7, 14, 2, 41.5936, 26.9583, 0.380, 1.385, 0.004

1, 7, 15, 2, 41.5936, 26.9583, 0.230, 1.382, 0.004

0, 7, 14, 3, 41.5936, 26.9583, 0.390, 1.400, 0.004

1, 7, 15, 3, 41.5936, 26.9583, 0.230, 1.394, 0.004

0, 7, 14, 4, 41.5936, 26.9583, 0.390, 1.366, 0.004

1, 7, 15, 4, 41.5936, 26.9583, 0.230, 1.398, 0.004

0, 7, 14, 0, 41.5936, 27.2083, 0.380, 1.394, 0.004

1, 7, 15, 0, 41.5936, 27.2083, 0.230, 1.376, 0.004

0, 7, 14, 1, 41.5936, 27.2083, 0.390, 1.377, 0.004

1, 7, 15, 1, 41.5936, 27.2083, 0.230, 1.381, 0.004

0, 7, 14, 2, 41.5936, 27.2083, 0.370, 1.390, 0.004

1, 7, 15, 2, 41.5936, 27.2083, 0.230, 1.392, 0.004

0, 7, 14, 3, 41.5936, 27.2083, 0.390, 1.388, 0.004

1, 7, 15, 3, 41.5936, 27.2083, 0.230, 1.378, 0.004

0, 7, 14, 4, 41.5936, 27.2083, 0.380, 1.398, 0.004

1, 7, 15, 4, 41.5936, 27.2083, 0.230, 1.386, 0.004

0, 7, 14, 0, 41.5936, 27.4583, 0.380, 1.392, 0.004

1, 7, 15, 0, 41.5936, 27.4583, 0.230, 1.377, 0.004

0, 7, 14, 1, 41.5936, 27.4583, 0.370, 1.378, 0.004

1, 7, 15, 1, 41.5936, 27.4583, 0.220, 1.387, 0.004

0, 7, 14, 2, 41.5936, 27.4583, 0.390, 1.389, 0.004

1, 7, 15, 2, 41.5936, 27.4583, 0.220, 1.386, 0.004

0, 7, 14, 3, 41.5936, 27.4583, 0.380, 1.349, 0.004

1, 7, 15, 3, 41.5936, 27.4583, 0.230, 1.384, 0.004

0, 7, 14, 4, 41.5936, 27.4583, 0.390, 1.378, 0.004

1, 7, 15, 4, 41.5936, 27.4583, 0.230, 1.387, 0.004

0, 7, 14, 0, 41.5936, 27.7083, 0.380, 1.382, 0.004

1, 7, 15, 0, 41.5936, 27.7083, 0.230, 1.386, 0.004

0, 7, 14, 1, 41.5936, 27.7083, 0.390, 1.392, 0.004

1, 7, 15, 1, 41.5936, 27.7083, 0.220, 1.386, 0.004

0, 7, 14, 2, 41.5936, 27.7083, 0.400, 1.388, 0.004

1, 7, 15, 2, 41.5936, 27.7083, 0.230, 1.381, 0.004

0, 7, 14, 3, 41.5936, 27.7083, 0.380, 1.389, 0.004

1, 7, 15, 3, 41.5936, 27.7083, 0.230, 1.381, 0.004

0, 7, 14, 4, 41.5936, 27.7083, 0.390, 1.385, 0.004

1, 7, 15, 4, 41.5936, 27.7083, 0.220, 1.389, 0.004

0, 7, 14, 0, 41.5936, 27.9583, 0.380, 1.385, 0.004

1, 7, 15, 0, 41.5936, 27.9583, 0.220, 1.385, 0.004

0, 7, 14, 1, 41.5936, 27.9583, 0.380, 1.406, 0.004

1, 7, 15, 1, 41.5936, 27.9583, 0.230, 1.389, 0.004

0, 7, 14, 2, 41.5936, 27.9583, 0.390, 1.376, 0.004

1, 7, 15, 2, 41.5936, 27.9583, 0.230, 1.384, 0.004

0, 7, 14, 3, 41.5936, 27.9583, 0.380, 1.385, 0.004

1, 7, 15, 3, 41.5936, 27.9583, 0.220, 1.387, 0.004

0, 7, 14, 4, 41.5936, 27.9583, 0.390, 1.382, 0.004

1, 7, 15, 4, 41.5936, 27.9583, 0.230, 1.389, 0.004

0, 7, 14, 0, 41.5936, 28.2083, 0.390, 1.387, 0.004

1, 7, 15, 0, 41.5936, 28.2083, 0.230, 1.384, 0.004

0, 7, 14, 1, 41.5936, 28.2083, 0.380, 1.388, 0.004

1, 7, 15, 1, 41.5936, 28.2083, 0.230, 1.388, 0.004

0, 7, 14, 2, 41.5936, 28.2083, 0.380, 1.394, 0.004

1, 7, 15, 2, 41.5936, 28.2083, 0.230, 1.378, 0.004

0, 7, 14, 3, 41.5936, 28.2083, 0.380, 1.391, 0.004

1, 7, 15, 3, 41.5936, 28.2083, 0.220, 1.394, 0.004

0, 7, 14, 4, 41.5936, 28.2083, 0.380, 1.394, 0.004

1, 7, 15, 4, 41.5936, 28.2083, 0.230, 1.387, 0.004

0, 7, 14, 0, 41.5936, 28.4583, 0.390, 1.381, 0.004

1, 7, 15, 0, 41.5936, 28.4583, 0.220, 1.392, 0.004

0, 7, 14, 1, 41.5936, 28.4583, 0.390, 1.384, 0.004

1, 7, 15, 1, 41.5936, 28.4583, 0.230, 1.389, 0.004

0, 7, 14, 2, 41.5936, 28.4583, 0.390, 1.386, 0.004

1, 7, 15, 2, 41.5936, 28.4583, 0.230, 1.382, 0.004

0, 7, 14, 3, 41.5936, 28.4583, 0.380, 1.385, 0.004

1, 7, 15, 3, 41.5936, 28.4583, 0.230, 1.394, 0.004

0, 7, 14, 4, 41.5936, 28.4583, 0.380, 1.390, 0.004

1, 7, 15, 4, 41.5936, 28.4583, 0.230, 1.381, 0.004

0, 7, 14, 0, 41.5936, 28.7083, 0.390, 1.383, 0.004

1, 7, 15, 0, 41.5936, 28.7083, 0.230, 1.384, 0.004

0, 7, 14, 1, 41.5936, 28.7083, 0.390, 1.392, 0.004

1, 7, 15, 1, 41.5936, 28.7083, 0.230, 1.383, 0.004

0, 7, 14, 2, 41.5936, 28.7083, 0.390, 1.392, 0.004

1, 7, 15, 2, 41.5936, 28.7083, 0.230, 1.391, 0.004

0, 7, 14, 3, 41.5936, 28.7083, 0.400, 1.373, 0.004

1, 7, 15, 3, 41.5936, 28.7083, 0.230, 1.387, 0.004

0, 7, 14, 4, 41.5936, 28.7083, 0.390, 1.392, 0.004

1, 7, 15, 4, 41.5936, 28.7083, 0.220, 1.379, 0.004

0, 7, 14, 0, 41.5936, 28.9583, 0.390, 1.385, 0.004

1, 7, 15, 0, 41.5936, 28.9583, 0.230, 1.385, 0.004

0, 7, 14, 1, 41.5936, 28.9583, 0.380, 1.389, 0.004

1, 7, 15, 1, 41.5936, 28.9583, 0.220, 1.389, 0.004

0, 7, 14, 2, 41.5936, 28.9583, 0.390, 1.386, 0.004

1, 7, 15, 2, 41.5936, 28.9583, 0.230, 1.379, 0.004

0, 7, 14, 3, 41.5936, 28.9583, 0.390, 1.387, 0.004

1, 7, 15, 3, 41.5936, 28.9583, 0.220, 1.388, 0.004

0, 7, 14, 4, 41.5936, 28.9583, 0.390, 1.389, 0.004

1, 7, 15, 4, 41.5936, 28.9583, 0.230, 1.385, 0.004

0, 7, 14, 0, 41.5936, 29.2083, 0.380, 1.386, 0.004

1, 7, 15, 0, 41.5936, 29.2083, 0.230, 1.380, 0.004

0, 7, 14, 1, 41.5936, 29.2083, 0.380, 1.385, 0.004

1, 7, 15, 1, 41.5936, 29.2083, 0.230, 1.390, 0.004

0, 7, 14, 2, 41.5936, 29.2083, 0.390, 1.392, 0.004

1, 7, 15, 2, 41.5936, 29.2083, 0.230, 1.386, 0.004

0, 7, 14, 3, 41.5936, 29.2083, 0.390, 1.389, 0.004

1, 7, 15, 3, 41.5936, 29.2083, 0.230, 1.395, 0.004

0, 7, 14, 4, 41.5936, 29.2083, 0.390, 1.377, 0.004

1, 7, 15, 4, 41.5936, 29.2083, 0.230, 1.378, 0.004

0, 7, 14, 0, 41.5936, 29.4583, 0.380, 1.383, 0.004

1, 7, 15, 0, 41.5936, 29.4583, 0.220, 1.375, 0.004

0, 7, 14, 1, 41.5936, 29.4583, 0.390, 1.383, 0.004

1, 7, 15, 1, 41.5936, 29.4583, 0.230, 1.386, 0.004

0, 7, 14, 2, 41.5936, 29.4583, 0.380, 1.397, 0.004

1, 7, 15, 2, 41.5936, 29.4583, 0.230, 1.378, 0.004

0, 7, 14, 3, 41.5936, 29.4583, 0.390, 1.387, 0.004

1, 7, 15, 3, 41.5936, 29.4583, 0.220, 1.387, 0.004

0, 7, 14, 4, 41.5936, 29.4583, 0.380, 1.388, 0.004

1, 7, 15, 4, 41.5936, 29.4583, 0.230, 1.389, 0.004

0, 7, 14, 0, 41.5936, 29.7083, 0.370, 1.376, 0.004

1, 7, 15, 0, 41.5936, 29.7083, 0.220, 1.387, 0.004

0, 7, 14, 1, 41.5936, 29.7083, 0.380, 1.378, 0.004

1, 7, 15, 1, 41.5936, 29.7083, 0.230, 1.387, 0.004

0, 7, 14, 2, 41.5936, 29.7083, 0.380, 1.397, 0.004

1, 7, 15, 2, 41.5936, 29.7083, 0.230, 1.383, 0.004

0, 7, 14, 3, 41.5936, 29.7083, 0.390, 1.390, 0.004

1, 7, 15, 3, 41.5936, 29.7083, 0.220, 1.387, 0.004

0, 7, 14, 4, 41.5936, 29.7083, 0.370, 1.395, 0.004

1, 7, 15, 4, 41.5936, 29.7083, 0.230, 1.393, 0.004

0, 7, 14, 0, 41.5936, 29.9583, 0.380, 1.383, 0.004

1, 7, 15, 0, 41.5936, 29.9583, 0.230, 1.391, 0.004

0, 7, 14, 1, 41.5936, 29.9583, 0.390, 1.376, 0.004

1, 7, 15, 1, 41.5936, 29.9583, 0.220, 1.394, 0.004

0, 7, 14, 2, 41.5936, 29.9583, 0.400, 1.391, 0.004

1, 7, 15, 2, 41.5936, 29.9583, 0.220, 1.392, 0.004

0, 7, 14, 3, 41.5936, 29.9583, 0.380, 1.386, 0.004

1, 7, 15, 3, 41.5936, 29.9583, 0.220, 1.383, 0.004

0, 7, 14, 4, 41.5936, 29.9583, 0.390, 1.389, 0.004

1, 7, 15, 4, 41.5936, 29.9583, 0.230, 1.384, 0.004

0, 7, 14, 0, 41.5936, 30.2083, 0.390, 1.380, 0.004

1, 7, 15, 0, 41.5936, 30.2083, 0.220, 1.387, 0.004

0, 7, 14, 1, 41.5936, 30.2083, 0.390, 1.386, 0.004

1, 7, 15, 1, 41.5936, 30.2083, 0.220, 1.388, 0.004

0, 7, 14, 2, 41.5936, 30.2083, 0.380, 1.386, 0.004

1, 7, 15, 2, 41.5936, 30.2083, 0.230, 1.386, 0.004

0, 7, 14, 3, 41.5936, 30.2083, 0.380, 1.390, 0.004

1, 7, 15, 3, 41.5936, 30.2083, 0.230, 1.384, 0.004

0, 7, 14, 4, 41.5936, 30.2083, 0.390, 1.392, 0.004

1, 7, 15, 4, 41.5936, 30.2083, 0.230, 1.395, 0.004

0, 7, 14, 0, 41.5936, 30.4583, 0.390, 1.395, 0.004

1, 7, 15, 0, 41.5936, 30.4583, 0.220, 1.386, 0.004

0, 7, 14, 1, 41.5936, 30.4583, 0.370, 1.375, 0.004

1, 7, 15, 1, 41.5936, 30.4583, 0.220, 1.393, 0.004

0, 7, 14, 2, 41.5936, 30.4583, 0.390, 1.387, 0.004

1, 7, 15, 2, 41.5936, 30.4583, 0.230, 1.389, 0.004

0, 7, 14, 3, 41.5936, 30.4583, 0.380, 1.395, 0.004

1, 7, 15, 3, 41.5936, 30.4583, 0.220, 1.389, 0.004

0, 7, 14, 4, 41.5936, 30.4583, 0.380, 1.387, 0.004

1, 7, 15, 4, 41.5936, 30.4583, 0.230, 1.384, 0.004

0, 7, 14, 0, 41.5936, 30.7083, 0.380, 1.385, 0.004

1, 7, 15, 0, 41.5936, 30.7083, 0.230, 1.392, 0.004

0, 7, 14, 1, 41.5936, 30.7083, 0.390, 1.392, 0.004

1, 7, 15, 1, 41.5936, 30.7083, 0.220, 1.396, 0.004

0, 7, 14, 2, 41.5936, 30.7083, 0.380, 1.389, 0.004

1, 7, 15, 2, 41.5936, 30.7083, 0.230, 1.392, 0.004

0, 7, 14, 3, 41.5936, 30.7083, 0.400, 1.388, 0.004

1, 7, 15, 3, 41.5936, 30.7083, 0.220, 1.386, 0.004

0, 7, 14, 4, 41.5936, 30.7083, 0.380, 1.382, 0.004

1, 7, 15, 4, 41.5936, 30.7083, 0.230, 1.389, 0.004

0, 7, 14, 0, 41.5936, 30.9583, 0.370, 1.392, 0.004

1, 7, 15, 0, 41.5936, 30.9583, 0.230, 1.388, 0.004

0, 7, 14, 1, 41.5936, 30.9583, 0.380, 1.392, 0.004

1, 7, 15, 1, 41.5936, 30.9583, 0.230, 1.392, 0.004

0, 7, 14, 2, 41.5936, 30.9583, 0.380, 1.391, 0.004

1, 7, 15, 2, 41.5936, 30.9583, 0.230, 1.386, 0.004

0, 7, 14, 3, 41.5936, 30.9583, 0.390, 1.382, 0.004

1, 7, 15, 3, 41.5936, 30.9583, 0.230, 1.384, 0.004

0, 7, 14, 4, 41.5936, 30.9583, 0.380, 1.351, 0.004

1, 7, 15, 4, 41.5936, 30.9583, 0.230, 1.391, 0.004

0, 7, 14, 0, 41.5936, 31.2083, 0.390, 1.387, 0.004

1, 7, 15, 0, 41.5936, 31.2083, 0.220, 1.384, 0.004

0, 7, 14, 1, 41.5936, 31.2083, 0.390, 1.396, 0.004

1, 7, 15, 1, 41.5936, 31.2083, 0.230, 1.383, 0.004

0, 7, 14, 2, 41.5936, 31.2083, 0.390, 1.385, 0.004

1, 7, 15, 2, 41.5936, 31.2083, 0.220, 1.391, 0.004

0, 7, 14, 3, 41.5936, 31.2083, 0.390, 1.384, 0.004

1, 7, 15, 3, 41.5936, 31.2083, 0.220, 1.384, 0.004

0, 7, 14, 4, 41.5936, 31.2083, 0.390, 1.356, 0.004

1, 7, 15, 4, 41.5936, 31.2083, 0.220, 1.389, 0.004

0, 7, 14, 0, 41.5936, 31.4583, 0.380, 1.384, 0.004

1, 7, 15, 0, 41.5936, 31.4583, 0.230, 1.384, 0.004

0, 7, 14, 1, 41.5936, 31.4583, 0.390, 1.389, 0.004

1, 7, 15, 1, 41.5936, 31.4583, 0.220, 1.386, 0.004

0, 7, 14, 2, 41.5936, 31.4583, 0.380, 1.388, 0.004

1, 7, 15, 2, 41.5936, 31.4583, 0.220, 1.380, 0.004

0, 7, 14, 3, 41.5936, 31.4583, 0.370, 1.383, 0.004

1, 7, 15, 3, 41.5936, 31.4583, 0.230, 1.391, 0.004

0, 7, 14, 4, 41.5936, 31.4583, 0.390, 1.382, 0.004

1, 7, 15, 4, 41.5936, 31.4583, 0.230, 1.385, 0.004

0, 7, 14, 0, 41.5936, 31.7083, 0.370, 1.393, 0.004

1, 7, 15, 0, 41.5936, 31.7083, 0.230, 1.389, 0.004

0, 7, 14, 1, 41.5936, 31.7083, 0.390, 1.389, 0.004

1, 7, 15, 1, 41.5936, 31.7083, 0.230, 1.392, 0.004

0, 7, 14, 2, 41.5936, 31.7083, 0.370, 1.362, 0.004

1, 7, 15, 2, 41.5936, 31.7083, 0.230, 1.377, 0.004

0, 7, 14, 3, 41.5936, 31.7083, 0.380, 1.382, 0.004

1, 7, 15, 3, 41.5936, 31.7083, 0.230, 1.383, 0.004

0, 7, 14, 4, 41.5936, 31.7083, 0.380, 1.385, 0.004

1, 7, 15, 4, 41.5936, 31.7083, 0.230, 1.385, 0.004

0, 7, 14, 0, 41.5936, 31.9583, 0.390, 1.358, 0.004

1, 7, 15, 0, 41.5936, 31.9583, 0.220, 1.385, 0.004

0, 7, 14, 1, 41.5936, 31.9583, 0.390, 1.391, 0.004

1, 7, 15, 1, 41.5936, 31.9583, 0.230, 1.378, 0.004

0, 7, 14, 2, 41.5936, 31.9583, 0.380, 1.382, 0.004

1, 7, 15, 2, 41.5936, 31.9583, 0.220, 1.392, 0.004

0, 7, 14, 3, 41.5936, 31.9583, 0.400, 1.374, 0.004

1, 7, 15, 3, 41.5936, 31.9583, 0.230, 1.388, 0.004

0, 7, 14, 4, 41.5936, 31.9583, 0.380, 1.387, 0.004

1, 7, 15, 4, 41.5936, 31.9583, 0.220, 1.386, 0.004

0, 7, 14, 0, 41.5936, 32.2083, 0.380, 1.384, 0.004

1, 7, 15, 0, 41.5936, 32.2083, 0.220, 1.387, 0.004

0, 7, 14, 1, 41.5936, 32.2083, 0.380, 1.384, 0.004

1, 7, 15, 1, 41.5936, 32.2083, 0.230, 1.388, 0.004

0, 7, 14, 2, 41.5936, 32.2083, 0.380, 1.391, 0.004

1, 7, 15, 2, 41.5936, 32.2083, 0.230, 1.377, 0.004

0, 7, 14, 3, 41.5936, 32.2083, 0.370, 1.387, 0.004

1, 7, 15, 3, 41.5936, 32.2083, 0.230, 1.380, 0.004

0, 7, 14, 4, 41.5936, 32.2083, 0.380, 1.385, 0.004

1, 7, 15, 4, 41.5936, 32.2083, 0.230, 1.389, 0.004

0, 7, 14, 0, 41.5936, 32.4583, 0.370, 1.390, 0.004

1, 7, 15, 0, 41.5936, 32.4583, 0.230, 1.383, 0.004

0, 7, 14, 1, 41.5936, 32.4583, 0.380, 1.381, 0.004

1, 7, 15, 1, 41.5936, 32.4583, 0.230, 1.395, 0.004

0, 7, 14, 2, 41.5936, 32.4583, 0.380, 1.381, 0.004

1, 7, 15, 2, 41.5936, 32.4583, 0.220, 1.385, 0.004

0, 7, 14, 3, 41.5936, 32.4583, 0.380, 1.389, 0.004

1, 7, 15, 3, 41.5936, 32.4583, 0.230, 1.391, 0.004

0, 7, 14, 4, 41.5936, 32.4583, 0.380, 1.391, 0.004

1, 7, 15, 4, 41.5936, 32.4583, 0.230, 1.386, 0.004

0, 7, 14, 0, 41.5936, 32.7083, 0.370, 1.395, 0.004

1, 7, 15, 0, 41.5936, 32.7083, 0.220, 1.389, 0.004

0, 7, 14, 1, 41.5936, 32.7083, 0.370, 1.380, 0.004

1, 7, 15, 1, 41.5936, 32.7083, 0.230, 1.383, 0.004

0, 7, 14, 2, 41.5936, 32.7083, 0.370, 1.386, 0.004

1, 7, 15, 2, 41.5936, 32.7083, 0.230, 1.388, 0.004

0, 7, 14, 3, 41.5936, 32.7083, 0.400, 1.381, 0.004

1, 7, 15, 3, 41.5936, 32.7083, 0.230, 1.382, 0.004

0, 7, 14, 4, 41.5936, 32.7083, 0.380, 1.389, 0.004

1, 7, 15, 4, 41.5936, 32.7083, 0.230, 1.383, 0.004

0, 7, 14, 0, 41.5936, 32.9583, 0.380, 1.385, 0.004

1, 7, 15, 0, 41.5936, 32.9583, 0.220, 1.385, 0.004

0, 7, 14, 1, 41.5936, 32.9583, 0.390, 1.390, 0.004

1, 7, 15, 1, 41.5936, 32.9583, 0.230, 1.391, 0.004

0, 7, 14, 2, 41.5936, 32.9583, 0.390, 1.389, 0.004

1, 7, 15, 2, 41.5936, 32.9583, 0.230, 1.389, 0.004

0, 7, 14, 3, 41.5936, 32.9583, 0.400, 1.386, 0.004

1, 7, 15, 3, 41.5936, 32.9583, 0.230, 1.383, 0.004

0, 7, 14, 4, 41.5936, 32.9583, 0.380, 1.390, 0.004

1, 7, 15, 4, 41.5936, 32.9583, 0.220, 1.386, 0.004

0, 7, 14, 0, 41.5936, 33.2083, 0.380, 1.379, 0.004

1, 7, 15, 0, 41.5936, 33.2083, 0.230, 1.385, 0.004

0, 7, 14, 1, 41.5936, 33.2083, 0.370, 1.372, 0.004

1, 7, 15, 1, 41.5936, 33.2083, 0.220, 1.385, 0.004

0, 7, 14, 2, 41.5936, 33.2083, 0.380, 1.395, 0.004

1, 7, 15, 2, 41.5936, 33.2083, 0.220, 1.392, 0.004

0, 7, 14, 3, 41.5936, 33.2083, 0.390, 1.391, 0.004

1, 7, 15, 3, 41.5936, 33.2083, 0.230, 1.386, 0.004

0, 7, 14, 4, 41.5936, 33.2083, 0.390, 1.378, 0.004

1, 7, 15, 4, 41.5936, 33.2083, 0.230, 1.389, 0.004

0, 7, 14, 0, 41.5936, 33.4583, 0.390, 1.379, 0.004

1, 7, 15, 0, 41.5936, 33.4583, 0.230, 1.386, 0.004

0, 7, 14, 1, 41.5936, 33.4583, 0.380, 1.381, 0.004

1, 7, 15, 1, 41.5936, 33.4583, 0.230, 1.381, 0.004

0, 7, 14, 2, 41.5936, 33.4583, 0.390, 1.380, 0.004

1, 7, 15, 2, 41.5936, 33.4583, 0.230, 1.378, 0.004

0, 7, 14, 3, 41.5936, 33.4583, 0.390, 1.389, 0.004

1, 7, 15, 3, 41.5936, 33.4583, 0.230, 1.389, 0.004

0, 7, 14, 4, 41.5936, 33.4583, 0.390, 1.384, 0.004

1, 7, 15, 4, 41.5936, 33.4583, 0.220, 1.385, 0.004

