Test Sector:
Device ID, Channel, Tile ID, trial, x, y, IMON, RMON, VCOMP
xorigincm, xfinalcm, xsteplengthcm, xsteps = 58.6531, 58.6531, 0, 141
yorigincm, yfinalcm, ysteplengthcm, nRepeat = 6.35716, 41.6428, 0.25, 5
0, 10, 20, 0, 0, 0, 0.290, 1.390, 0.004

1, 10, 21, 0, 0, 0, 0.180, 1.369, 0.004

0, 10, 20, 1, 0, 0, 0.290, 1.387, 0.004

1, 10, 21, 1, 0, 0, 0.180, 1.375, 0.004

0, 10, 20, 2, 0, 0, 0.290, 1.386, 0.004

1, 10, 21, 2, 0, 0, 0.180, 1.369, 0.004

0, 10, 20, 3, 0, 0, 0.290, 1.384, 0.004

1, 10, 21, 3, 0, 0, 0.180, 1.371, 0.004

0, 10, 20, 4, 0, 0, 0.290, 1.388, 0.004

1, 10, 21, 4, 0, 0, 0.180, 1.371, 0.004

0, 10, 20, 0, 58.6531, 6.35716, 0.280, 1.389, 0.004

1, 10, 21, 0, 58.6531, 6.35716, 0.180, 1.363, 0.004

0, 10, 20, 1, 58.6531, 6.35716, 0.280, 1.388, 0.004

1, 10, 21, 1, 58.6531, 6.35716, 0.180, 1.375, 0.004

0, 10, 20, 2, 58.6531, 6.35716, 0.280, 1.385, 0.004

1, 10, 21, 2, 58.6531, 6.35716, 0.180, 1.367, 0.004

0, 10, 20, 3, 58.6531, 6.35716, 0.290, 1.380, 0.004

1, 10, 21, 3, 58.6531, 6.35716, 0.180, 1.376, 0.004

0, 10, 20, 4, 58.6531, 6.35716, 0.280, 1.385, 0.004

1, 10, 21, 4, 58.6531, 6.35716, 0.180, 1.373, 0.004

0, 10, 20, 0, 58.6531, 6.60716, 0.290, 1.384, 0.004

1, 10, 21, 0, 58.6531, 6.60716, 0.180, 1.373, 0.004

0, 10, 20, 1, 58.6531, 6.60716, 0.280, 1.389, 0.004

1, 10, 21, 1, 58.6531, 6.60716, 0.180, 1.380, 0.004

0, 10, 20, 2, 58.6531, 6.60716, 0.280, 1.386, 0.004

1, 10, 21, 2, 58.6531, 6.60716, 0.180, 1.372, 0.004

0, 10, 20, 3, 58.6531, 6.60716, 0.290, 1.392, 0.004

1, 10, 21, 3, 58.6531, 6.60716, 0.180, 1.373, 0.004

0, 10, 20, 4, 58.6531, 6.60716, 0.290, 1.381, 0.004

1, 10, 21, 4, 58.6531, 6.60716, 0.180, 1.377, 0.004

0, 10, 20, 0, 58.6531, 6.85716, 0.280, 1.389, 0.004

1, 10, 21, 0, 58.6531, 6.85716, 0.180, 1.369, 0.004

0, 10, 20, 1, 58.6531, 6.85716, 0.280, 1.381, 0.004

1, 10, 21, 1, 58.6531, 6.85716, 0.180, 1.376, 0.004

0, 10, 20, 2, 58.6531, 6.85716, 0.280, 1.391, 0.004

1, 10, 21, 2, 58.6531, 6.85716, 0.180, 1.368, 0.004

0, 10, 20, 3, 58.6531, 6.85716, 0.280, 1.383, 0.004

1, 10, 21, 3, 58.6531, 6.85716, 0.180, 1.370, 0.004

0, 10, 20, 4, 58.6531, 6.85716, 0.290, 1.386, 0.004

1, 10, 21, 4, 58.6531, 6.85716, 0.180, 1.365, 0.004

0, 10, 20, 0, 58.6531, 7.10716, 0.280, 1.389, 0.004

1, 10, 21, 0, 58.6531, 7.10716, 0.180, 1.380, 0.004

0, 10, 20, 1, 58.6531, 7.10716, 0.280, 1.393, 0.004

1, 10, 21, 1, 58.6531, 7.10716, 0.180, 1.379, 0.004

0, 10, 20, 2, 58.6531, 7.10716, 0.280, 1.383, 0.004

1, 10, 21, 2, 58.6531, 7.10716, 0.180, 1.369, 0.004

0, 10, 20, 3, 58.6531, 7.10716, 0.280, 1.388, 0.004

1, 10, 21, 3, 58.6531, 7.10716, 0.180, 1.371, 0.004

0, 10, 20, 4, 58.6531, 7.10716, 0.290, 1.379, 0.004

1, 10, 21, 4, 58.6531, 7.10716, 0.180, 1.371, 0.004

0, 10, 20, 0, 58.6531, 7.35716, 0.280, 1.385, 0.004

1, 10, 21, 0, 58.6531, 7.35716, 0.180, 1.373, 0.004

0, 10, 20, 1, 58.6531, 7.35716, 0.280, 1.387, 0.004

1, 10, 21, 1, 58.6531, 7.35716, 0.180, 1.369, 0.004

0, 10, 20, 2, 58.6531, 7.35716, 0.280, 1.388, 0.004

1, 10, 21, 2, 58.6531, 7.35716, 0.180, 1.376, 0.004

0, 10, 20, 3, 58.6531, 7.35716, 0.280, 1.388, 0.004

1, 10, 21, 3, 58.6531, 7.35716, 0.180, 1.376, 0.004

0, 10, 20, 4, 58.6531, 7.35716, 0.290, 1.385, 0.004

1, 10, 21, 4, 58.6531, 7.35716, 0.190, 1.379, 0.004

0, 10, 20, 0, 58.6531, 7.60716, 0.290, 1.387, 0.004

1, 10, 21, 0, 58.6531, 7.60716, 0.180, 1.376, 0.004

0, 10, 20, 1, 58.6531, 7.60716, 0.280, 1.386, 0.004

1, 10, 21, 1, 58.6531, 7.60716, 0.180, 1.368, 0.004

0, 10, 20, 2, 58.6531, 7.60716, 0.280, 1.390, 0.004

1, 10, 21, 2, 58.6531, 7.60716, 0.180, 1.373, 0.004

0, 10, 20, 3, 58.6531, 7.60716, 0.280, 1.377, 0.004

1, 10, 21, 3, 58.6531, 7.60716, 0.180, 1.373, 0.004

0, 10, 20, 4, 58.6531, 7.60716, 0.280, 1.387, 0.004

1, 10, 21, 4, 58.6531, 7.60716, 0.180, 1.372, 0.004

0, 10, 20, 0, 58.6531, 7.85716, 0.280, 1.385, 0.004

1, 10, 21, 0, 58.6531, 7.85716, 0.190, 1.373, 0.004

0, 10, 20, 1, 58.6531, 7.85716, 0.280, 1.382, 0.004

1, 10, 21, 1, 58.6531, 7.85716, 0.180, 1.366, 0.004

0, 10, 20, 2, 58.6531, 7.85716, 0.280, 1.382, 0.004

1, 10, 21, 2, 58.6531, 7.85716, 0.190, 1.373, 0.004

0, 10, 20, 3, 58.6531, 7.85716, 0.280, 1.379, 0.004

1, 10, 21, 3, 58.6531, 7.85716, 0.190, 1.374, 0.004

0, 10, 20, 4, 58.6531, 7.85716, 0.280, 1.389, 0.004

1, 10, 21, 4, 58.6531, 7.85716, 0.180, 1.379, 0.004

0, 10, 20, 0, 58.6531, 8.10716, 0.290, 1.381, 0.004

1, 10, 21, 0, 58.6531, 8.10716, 0.190, 1.365, 0.004

0, 10, 20, 1, 58.6531, 8.10716, 0.290, 1.387, 0.004

1, 10, 21, 1, 58.6531, 8.10716, 0.180, 1.374, 0.004

0, 10, 20, 2, 58.6531, 8.10716, 0.280, 1.382, 0.004

1, 10, 21, 2, 58.6531, 8.10716, 0.190, 1.362, 0.004

0, 10, 20, 3, 58.6531, 8.10716, 0.280, 1.391, 0.004

1, 10, 21, 3, 58.6531, 8.10716, 0.190, 1.368, 0.004

0, 10, 20, 4, 58.6531, 8.10716, 0.290, 1.390, 0.004

1, 10, 21, 4, 58.6531, 8.10716, 0.190, 1.371, 0.004

0, 10, 20, 0, 58.6531, 8.35716, 0.280, 1.388, 0.004

1, 10, 21, 0, 58.6531, 8.35716, 0.180, 1.371, 0.004

0, 10, 20, 1, 58.6531, 8.35716, 0.280, 1.382, 0.004

1, 10, 21, 1, 58.6531, 8.35716, 0.180, 1.370, 0.004

0, 10, 20, 2, 58.6531, 8.35716, 0.290, 1.389, 0.004

1, 10, 21, 2, 58.6531, 8.35716, 0.180, 1.374, 0.004

0, 10, 20, 3, 58.6531, 8.35716, 0.290, 1.384, 0.004

1, 10, 21, 3, 58.6531, 8.35716, 0.190, 1.374, 0.004

0, 10, 20, 4, 58.6531, 8.35716, 0.280, 1.385, 0.004

1, 10, 21, 4, 58.6531, 8.35716, 0.190, 1.374, 0.004

0, 10, 20, 0, 58.6531, 8.60716, 0.280, 1.379, 0.004

1, 10, 21, 0, 58.6531, 8.60716, 0.190, 1.370, 0.004

0, 10, 20, 1, 58.6531, 8.60716, 0.290, 1.389, 0.004

1, 10, 21, 1, 58.6531, 8.60716, 0.190, 1.377, 0.004

0, 10, 20, 2, 58.6531, 8.60716, 0.280, 1.382, 0.004

1, 10, 21, 2, 58.6531, 8.60716, 0.190, 1.368, 0.004

0, 10, 20, 3, 58.6531, 8.60716, 0.280, 1.382, 0.004

1, 10, 21, 3, 58.6531, 8.60716, 0.180, 1.375, 0.004

0, 10, 20, 4, 58.6531, 8.60716, 0.290, 1.384, 0.004

1, 10, 21, 4, 58.6531, 8.60716, 0.190, 1.370, 0.004

0, 10, 20, 0, 58.6531, 8.85716, 0.280, 1.388, 0.004

1, 10, 21, 0, 58.6531, 8.85716, 0.190, 1.380, 0.004

0, 10, 20, 1, 58.6531, 8.85716, 0.280, 1.392, 0.004

1, 10, 21, 1, 58.6531, 8.85716, 0.200, 1.372, 0.004

0, 10, 20, 2, 58.6531, 8.85716, 0.280, 1.391, 0.004

1, 10, 21, 2, 58.6531, 8.85716, 0.190, 1.374, 0.004

0, 10, 20, 3, 58.6531, 8.85716, 0.280, 1.395, 0.004

1, 10, 21, 3, 58.6531, 8.85716, 0.190, 1.375, 0.004

0, 10, 20, 4, 58.6531, 8.85716, 0.280, 1.388, 0.004

1, 10, 21, 4, 58.6531, 8.85716, 0.190, 1.371, 0.004

0, 10, 20, 0, 58.6531, 9.10716, 0.280, 1.381, 0.004

1, 10, 21, 0, 58.6531, 9.10716, 0.220, 1.378, 0.004

0, 10, 20, 1, 58.6531, 9.10716, 0.280, 1.386, 0.004

1, 10, 21, 1, 58.6531, 9.10716, 0.220, 1.368, 0.004

0, 10, 20, 2, 58.6531, 9.10716, 0.290, 1.392, 0.004

1, 10, 21, 2, 58.6531, 9.10716, 0.220, 1.369, 0.004

0, 10, 20, 3, 58.6531, 9.10716, 0.280, 1.385, 0.004

1, 10, 21, 3, 58.6531, 9.10716, 0.220, 1.380, 0.004

0, 10, 20, 4, 58.6531, 9.10716, 0.280, 1.387, 0.004

1, 10, 21, 4, 58.6531, 9.10716, 0.220, 1.374, 0.004

0, 10, 20, 0, 58.6531, 9.35716, 0.290, 1.385, 0.004

1, 10, 21, 0, 58.6531, 9.35716, 0.280, 1.376, 0.004

0, 10, 20, 1, 58.6531, 9.35716, 0.280, 1.375, 0.004

1, 10, 21, 1, 58.6531, 9.35716, 0.280, 1.390, 0.004

0, 10, 20, 2, 58.6531, 9.35716, 0.290, 1.384, 0.004

1, 10, 21, 2, 58.6531, 9.35716, 0.270, 1.371, 0.004

0, 10, 20, 3, 58.6531, 9.35716, 0.280, 1.386, 0.004

1, 10, 21, 3, 58.6531, 9.35716, 0.280, 1.374, 0.004

0, 10, 20, 4, 58.6531, 9.35716, 0.280, 1.387, 0.004

1, 10, 21, 4, 58.6531, 9.35716, 0.270, 1.368, 0.004

0, 10, 20, 0, 58.6531, 9.60716, 0.280, 1.389, 0.004

1, 10, 21, 0, 58.6531, 9.60716, 0.330, 1.368, 0.004

0, 10, 20, 1, 58.6531, 9.60716, 0.280, 1.384, 0.004

1, 10, 21, 1, 58.6531, 9.60716, 0.330, 1.386, 0.004

0, 10, 20, 2, 58.6531, 9.60716, 0.280, 1.386, 0.004

1, 10, 21, 2, 58.6531, 9.60716, 0.320, 1.374, 0.004

0, 10, 20, 3, 58.6531, 9.60716, 0.280, 1.388, 0.004

1, 10, 21, 3, 58.6531, 9.60716, 0.330, 1.396, 0.004

0, 10, 20, 4, 58.6531, 9.60716, 0.280, 1.389, 0.004

1, 10, 21, 4, 58.6531, 9.60716, 0.320, 1.364, 0.004

0, 10, 20, 0, 58.6531, 9.85716, 0.280, 1.380, 0.004

1, 10, 21, 0, 58.6531, 9.85716, 0.340, 1.366, 0.004

0, 10, 20, 1, 58.6531, 9.85716, 0.280, 1.386, 0.004

1, 10, 21, 1, 58.6531, 9.85716, 0.330, 1.376, 0.004

0, 10, 20, 2, 58.6531, 9.85716, 0.280, 1.392, 0.004

1, 10, 21, 2, 58.6531, 9.85716, 0.340, 1.377, 0.004

0, 10, 20, 3, 58.6531, 9.85716, 0.280, 1.386, 0.004

1, 10, 21, 3, 58.6531, 9.85716, 0.340, 1.366, 0.004

0, 10, 20, 4, 58.6531, 9.85716, 0.280, 1.384, 0.004

1, 10, 21, 4, 58.6531, 9.85716, 0.320, 1.372, 0.004

0, 10, 20, 0, 58.6531, 10.1072, 0.280, 1.386, 0.004

1, 10, 21, 0, 58.6531, 10.1072, 0.330, 1.378, 0.004

0, 10, 20, 1, 58.6531, 10.1072, 0.280, 1.385, 0.004

1, 10, 21, 1, 58.6531, 10.1072, 0.330, 1.361, 0.004

0, 10, 20, 2, 58.6531, 10.1072, 0.280, 1.389, 0.004

1, 10, 21, 2, 58.6531, 10.1072, 0.320, 1.371, 0.004

0, 10, 20, 3, 58.6531, 10.1072, 0.290, 1.387, 0.004

1, 10, 21, 3, 58.6531, 10.1072, 0.330, 1.375, 0.004

0, 10, 20, 4, 58.6531, 10.1072, 0.280, 1.376, 0.004

1, 10, 21, 4, 58.6531, 10.1072, 0.320, 1.369, 0.004

0, 10, 20, 0, 58.6531, 10.3572, 0.290, 1.385, 0.004

1, 10, 21, 0, 58.6531, 10.3572, 0.340, 1.376, 0.004

0, 10, 20, 1, 58.6531, 10.3572, 0.290, 1.384, 0.004

1, 10, 21, 1, 58.6531, 10.3572, 0.340, 1.374, 0.004

0, 10, 20, 2, 58.6531, 10.3572, 0.280, 1.395, 0.004

1, 10, 21, 2, 58.6531, 10.3572, 0.340, 1.374, 0.004

0, 10, 20, 3, 58.6531, 10.3572, 0.280, 1.384, 0.004

1, 10, 21, 3, 58.6531, 10.3572, 0.330, 1.380, 0.004

0, 10, 20, 4, 58.6531, 10.3572, 0.280, 1.380, 0.004

1, 10, 21, 4, 58.6531, 10.3572, 0.340, 1.372, 0.004

0, 10, 20, 0, 58.6531, 10.6072, 0.280, 1.380, 0.004

1, 10, 21, 0, 58.6531, 10.6072, 0.350, 1.373, 0.004

0, 10, 20, 1, 58.6531, 10.6072, 0.280, 1.382, 0.004

1, 10, 21, 1, 58.6531, 10.6072, 0.360, 1.373, 0.004

0, 10, 20, 2, 58.6531, 10.6072, 0.280, 1.390, 0.004

1, 10, 21, 2, 58.6531, 10.6072, 0.360, 1.348, 0.004

0, 10, 20, 3, 58.6531, 10.6072, 0.280, 1.381, 0.004

1, 10, 21, 3, 58.6531, 10.6072, 0.360, 1.374, 0.004

0, 10, 20, 4, 58.6531, 10.6072, 0.280, 1.378, 0.004

1, 10, 21, 4, 58.6531, 10.6072, 0.350, 1.374, 0.004

0, 10, 20, 0, 58.6531, 10.8572, 0.280, 1.388, 0.004

1, 10, 21, 0, 58.6531, 10.8572, 0.340, 1.378, 0.004

0, 10, 20, 1, 58.6531, 10.8572, 0.280, 1.389, 0.004

1, 10, 21, 1, 58.6531, 10.8572, 0.340, 1.372, 0.004

0, 10, 20, 2, 58.6531, 10.8572, 0.280, 1.380, 0.004

1, 10, 21, 2, 58.6531, 10.8572, 0.360, 1.365, 0.004

0, 10, 20, 3, 58.6531, 10.8572, 0.280, 1.383, 0.004

1, 10, 21, 3, 58.6531, 10.8572, 0.350, 1.368, 0.004

0, 10, 20, 4, 58.6531, 10.8572, 0.280, 1.382, 0.004

1, 10, 21, 4, 58.6531, 10.8572, 0.360, 1.345, 0.004

0, 10, 20, 0, 58.6531, 11.1072, 0.280, 1.384, 0.004

1, 10, 21, 0, 58.6531, 11.1072, 0.340, 1.370, 0.004

0, 10, 20, 1, 58.6531, 11.1072, 0.280, 1.385, 0.004

1, 10, 21, 1, 58.6531, 11.1072, 0.350, 1.353, 0.004

0, 10, 20, 2, 58.6531, 11.1072, 0.290, 1.384, 0.004

1, 10, 21, 2, 58.6531, 11.1072, 0.350, 1.374, 0.004

0, 10, 20, 3, 58.6531, 11.1072, 0.290, 1.382, 0.004

1, 10, 21, 3, 58.6531, 11.1072, 0.350, 1.386, 0.004

0, 10, 20, 4, 58.6531, 11.1072, 0.290, 1.386, 0.004

1, 10, 21, 4, 58.6531, 11.1072, 0.360, 1.378, 0.004

0, 10, 20, 0, 58.6531, 11.3572, 0.290, 1.387, 0.004

1, 10, 21, 0, 58.6531, 11.3572, 0.360, 1.377, 0.004

0, 10, 20, 1, 58.6531, 11.3572, 0.290, 1.384, 0.004

1, 10, 21, 1, 58.6531, 11.3572, 0.340, 1.366, 0.004

0, 10, 20, 2, 58.6531, 11.3572, 0.290, 1.386, 0.004

1, 10, 21, 2, 58.6531, 11.3572, 0.350, 1.368, 0.004

0, 10, 20, 3, 58.6531, 11.3572, 0.290, 1.385, 0.004

1, 10, 21, 3, 58.6531, 11.3572, 0.360, 1.371, 0.004

0, 10, 20, 4, 58.6531, 11.3572, 0.290, 1.392, 0.004

1, 10, 21, 4, 58.6531, 11.3572, 0.340, 1.378, 0.004

0, 10, 20, 0, 58.6531, 11.6072, 0.290, 1.386, 0.004

1, 10, 21, 0, 58.6531, 11.6072, 0.340, 1.390, 0.004

0, 10, 20, 1, 58.6531, 11.6072, 0.290, 1.391, 0.004

1, 10, 21, 1, 58.6531, 11.6072, 0.360, 1.369, 0.004

0, 10, 20, 2, 58.6531, 11.6072, 0.290, 1.380, 0.004

1, 10, 21, 2, 58.6531, 11.6072, 0.340, 1.358, 0.004

0, 10, 20, 3, 58.6531, 11.6072, 0.290, 1.383, 0.004

1, 10, 21, 3, 58.6531, 11.6072, 0.340, 1.377, 0.004

0, 10, 20, 4, 58.6531, 11.6072, 0.290, 1.385, 0.004

1, 10, 21, 4, 58.6531, 11.6072, 0.350, 1.363, 0.004

0, 10, 20, 0, 58.6531, 11.8572, 0.290, 1.386, 0.004

1, 10, 21, 0, 58.6531, 11.8572, 0.360, 1.374, 0.004

0, 10, 20, 1, 58.6531, 11.8572, 0.290, 1.383, 0.004

1, 10, 21, 1, 58.6531, 11.8572, 0.350, 1.374, 0.004

0, 10, 20, 2, 58.6531, 11.8572, 0.290, 1.383, 0.004

1, 10, 21, 2, 58.6531, 11.8572, 0.340, 1.375, 0.004

0, 10, 20, 3, 58.6531, 11.8572, 0.290, 1.386, 0.004

1, 10, 21, 3, 58.6531, 11.8572, 0.350, 1.380, 0.004

0, 10, 20, 4, 58.6531, 11.8572, 0.290, 1.384, 0.004

1, 10, 21, 4, 58.6531, 11.8572, 0.340, 1.371, 0.004

0, 10, 20, 0, 58.6531, 12.1072, 0.290, 1.383, 0.004

1, 10, 21, 0, 58.6531, 12.1072, 0.350, 1.374, 0.004

0, 10, 20, 1, 58.6531, 12.1072, 0.290, 1.377, 0.004

1, 10, 21, 1, 58.6531, 12.1072, 0.350, 1.373, 0.004

0, 10, 20, 2, 58.6531, 12.1072, 0.290, 1.388, 0.004

1, 10, 21, 2, 58.6531, 12.1072, 0.340, 1.378, 0.004

0, 10, 20, 3, 58.6531, 12.1072, 0.290, 1.382, 0.004

1, 10, 21, 3, 58.6531, 12.1072, 0.360, 1.373, 0.004

0, 10, 20, 4, 58.6531, 12.1072, 0.290, 1.395, 0.004

1, 10, 21, 4, 58.6531, 12.1072, 0.340, 1.371, 0.004

0, 10, 20, 0, 58.6531, 12.3572, 0.290, 1.394, 0.004

1, 10, 21, 0, 58.6531, 12.3572, 0.370, 1.376, 0.004

0, 10, 20, 1, 58.6531, 12.3572, 0.290, 1.386, 0.004

1, 10, 21, 1, 58.6531, 12.3572, 0.360, 1.385, 0.004

0, 10, 20, 2, 58.6531, 12.3572, 0.290, 1.390, 0.004

1, 10, 21, 2, 58.6531, 12.3572, 0.350, 1.376, 0.004

0, 10, 20, 3, 58.6531, 12.3572, 0.290, 1.389, 0.004

1, 10, 21, 3, 58.6531, 12.3572, 0.340, 1.359, 0.004

0, 10, 20, 4, 58.6531, 12.3572, 0.290, 1.380, 0.004

1, 10, 21, 4, 58.6531, 12.3572, 0.350, 1.371, 0.004

0, 10, 20, 0, 58.6531, 12.6072, 0.290, 1.387, 0.004

1, 10, 21, 0, 58.6531, 12.6072, 0.340, 1.370, 0.004

0, 10, 20, 1, 58.6531, 12.6072, 0.290, 1.382, 0.004

1, 10, 21, 1, 58.6531, 12.6072, 0.350, 1.371, 0.004

0, 10, 20, 2, 58.6531, 12.6072, 0.290, 1.393, 0.004

1, 10, 21, 2, 58.6531, 12.6072, 0.350, 1.367, 0.004

0, 10, 20, 3, 58.6531, 12.6072, 0.290, 1.386, 0.004

1, 10, 21, 3, 58.6531, 12.6072, 0.340, 1.372, 0.004

0, 10, 20, 4, 58.6531, 12.6072, 0.290, 1.382, 0.004

1, 10, 21, 4, 58.6531, 12.6072, 0.340, 1.372, 0.004

0, 10, 20, 0, 58.6531, 12.8572, 0.290, 1.392, 0.004

1, 10, 21, 0, 58.6531, 12.8572, 0.360, 1.374, 0.004

0, 10, 20, 1, 58.6531, 12.8572, 0.290, 1.390, 0.004

1, 10, 21, 1, 58.6531, 12.8572, 0.340, 1.367, 0.004

0, 10, 20, 2, 58.6531, 12.8572, 0.290, 1.387, 0.004

1, 10, 21, 2, 58.6531, 12.8572, 0.350, 1.372, 0.004

0, 10, 20, 3, 58.6531, 12.8572, 0.290, 1.388, 0.004

1, 10, 21, 3, 58.6531, 12.8572, 0.340, 1.367, 0.004

0, 10, 20, 4, 58.6531, 12.8572, 0.290, 1.387, 0.004

1, 10, 21, 4, 58.6531, 12.8572, 0.350, 1.366, 0.004

0, 10, 20, 0, 58.6531, 13.1072, 0.290, 1.382, 0.004

1, 10, 21, 0, 58.6531, 13.1072, 0.370, 1.373, 0.004

0, 10, 20, 1, 58.6531, 13.1072, 0.290, 1.382, 0.004

1, 10, 21, 1, 58.6531, 13.1072, 0.360, 1.365, 0.004

0, 10, 20, 2, 58.6531, 13.1072, 0.290, 1.387, 0.004

1, 10, 21, 2, 58.6531, 13.1072, 0.350, 1.352, 0.004

0, 10, 20, 3, 58.6531, 13.1072, 0.290, 1.391, 0.004

1, 10, 21, 3, 58.6531, 13.1072, 0.330, 1.374, 0.004

0, 10, 20, 4, 58.6531, 13.1072, 0.290, 1.387, 0.004

1, 10, 21, 4, 58.6531, 13.1072, 0.340, 1.372, 0.004

0, 10, 20, 0, 58.6531, 13.3572, 0.290, 1.395, 0.004

1, 10, 21, 0, 58.6531, 13.3572, 0.360, 1.367, 0.004

0, 10, 20, 1, 58.6531, 13.3572, 0.290, 1.385, 0.004

1, 10, 21, 1, 58.6531, 13.3572, 0.350, 1.339, 0.004

0, 10, 20, 2, 58.6531, 13.3572, 0.290, 1.397, 0.004

1, 10, 21, 2, 58.6531, 13.3572, 0.340, 1.372, 0.004

0, 10, 20, 3, 58.6531, 13.3572, 0.290, 1.385, 0.004

1, 10, 21, 3, 58.6531, 13.3572, 0.370, 1.376, 0.004

0, 10, 20, 4, 58.6531, 13.3572, 0.290, 1.390, 0.004

1, 10, 21, 4, 58.6531, 13.3572, 0.350, 1.356, 0.004

0, 10, 20, 0, 58.6531, 13.6072, 0.290, 1.387, 0.004

1, 10, 21, 0, 58.6531, 13.6072, 0.350, 1.381, 0.004

0, 10, 20, 1, 58.6531, 13.6072, 0.290, 1.386, 0.004

1, 10, 21, 1, 58.6531, 13.6072, 0.350, 1.371, 0.004

0, 10, 20, 2, 58.6531, 13.6072, 0.290, 1.378, 0.004

1, 10, 21, 2, 58.6531, 13.6072, 0.340, 1.373, 0.004

0, 10, 20, 3, 58.6531, 13.6072, 0.290, 1.398, 0.004

1, 10, 21, 3, 58.6531, 13.6072, 0.360, 1.339, 0.004

0, 10, 20, 4, 58.6531, 13.6072, 0.290, 1.379, 0.004

1, 10, 21, 4, 58.6531, 13.6072, 0.340, 1.368, 0.004

0, 10, 20, 0, 58.6531, 13.8572, 0.290, 1.382, 0.004

1, 10, 21, 0, 58.6531, 13.8572, 0.350, 1.378, 0.004

0, 10, 20, 1, 58.6531, 13.8572, 0.290, 1.389, 0.004

1, 10, 21, 1, 58.6531, 13.8572, 0.350, 1.370, 0.004

0, 10, 20, 2, 58.6531, 13.8572, 0.290, 1.390, 0.004

1, 10, 21, 2, 58.6531, 13.8572, 0.350, 1.372, 0.004

0, 10, 20, 3, 58.6531, 13.8572, 0.290, 1.388, 0.004

1, 10, 21, 3, 58.6531, 13.8572, 0.350, 1.368, 0.004

0, 10, 20, 4, 58.6531, 13.8572, 0.290, 1.377, 0.004

1, 10, 21, 4, 58.6531, 13.8572, 0.350, 1.370, 0.004

0, 10, 20, 0, 58.6531, 14.1072, 0.290, 1.387, 0.004

1, 10, 21, 0, 58.6531, 14.1072, 0.350, 1.365, 0.004

0, 10, 20, 1, 58.6531, 14.1072, 0.290, 1.384, 0.004

1, 10, 21, 1, 58.6531, 14.1072, 0.360, 1.365, 0.004

0, 10, 20, 2, 58.6531, 14.1072, 0.290, 1.391, 0.004

1, 10, 21, 2, 58.6531, 14.1072, 0.350, 1.384, 0.004

0, 10, 20, 3, 58.6531, 14.1072, 0.290, 1.380, 0.004

1, 10, 21, 3, 58.6531, 14.1072, 0.360, 1.372, 0.004

0, 10, 20, 4, 58.6531, 14.1072, 0.290, 1.383, 0.004

1, 10, 21, 4, 58.6531, 14.1072, 0.360, 1.373, 0.004

0, 10, 20, 0, 58.6531, 14.3572, 0.290, 1.392, 0.004

1, 10, 21, 0, 58.6531, 14.3572, 0.350, 1.356, 0.004

0, 10, 20, 1, 58.6531, 14.3572, 0.290, 1.378, 0.004

1, 10, 21, 1, 58.6531, 14.3572, 0.350, 1.366, 0.004

0, 10, 20, 2, 58.6531, 14.3572, 0.290, 1.386, 0.004

1, 10, 21, 2, 58.6531, 14.3572, 0.350, 1.378, 0.004

0, 10, 20, 3, 58.6531, 14.3572, 0.290, 1.385, 0.004

1, 10, 21, 3, 58.6531, 14.3572, 0.340, 1.373, 0.004

0, 10, 20, 4, 58.6531, 14.3572, 0.290, 1.382, 0.004

1, 10, 21, 4, 58.6531, 14.3572, 0.350, 1.370, 0.004

0, 10, 20, 0, 58.6531, 14.6072, 0.290, 1.386, 0.004

1, 10, 21, 0, 58.6531, 14.6072, 0.350, 1.365, 0.004

0, 10, 20, 1, 58.6531, 14.6072, 0.290, 1.384, 0.004

1, 10, 21, 1, 58.6531, 14.6072, 0.350, 1.373, 0.004

0, 10, 20, 2, 58.6531, 14.6072, 0.290, 1.376, 0.004

1, 10, 21, 2, 58.6531, 14.6072, 0.350, 1.376, 0.004

0, 10, 20, 3, 58.6531, 14.6072, 0.290, 1.381, 0.004

1, 10, 21, 3, 58.6531, 14.6072, 0.370, 1.375, 0.004

0, 10, 20, 4, 58.6531, 14.6072, 0.290, 1.390, 0.004

1, 10, 21, 4, 58.6531, 14.6072, 0.360, 1.370, 0.004

0, 10, 20, 0, 58.6531, 14.8572, 0.290, 1.383, 0.004

1, 10, 21, 0, 58.6531, 14.8572, 0.350, 1.359, 0.004

0, 10, 20, 1, 58.6531, 14.8572, 0.290, 1.381, 0.004

1, 10, 21, 1, 58.6531, 14.8572, 0.350, 1.375, 0.004

0, 10, 20, 2, 58.6531, 14.8572, 0.290, 1.385, 0.004

1, 10, 21, 2, 58.6531, 14.8572, 0.350, 1.379, 0.004

0, 10, 20, 3, 58.6531, 14.8572, 0.290, 1.388, 0.004

1, 10, 21, 3, 58.6531, 14.8572, 0.350, 1.355, 0.004

0, 10, 20, 4, 58.6531, 14.8572, 0.290, 1.393, 0.004

1, 10, 21, 4, 58.6531, 14.8572, 0.350, 1.374, 0.004

0, 10, 20, 0, 58.6531, 15.1072, 0.290, 1.372, 0.004

1, 10, 21, 0, 58.6531, 15.1072, 0.340, 1.368, 0.004

0, 10, 20, 1, 58.6531, 15.1072, 0.290, 1.387, 0.004

1, 10, 21, 1, 58.6531, 15.1072, 0.340, 1.369, 0.004

0, 10, 20, 2, 58.6531, 15.1072, 0.290, 1.382, 0.004

1, 10, 21, 2, 58.6531, 15.1072, 0.340, 1.375, 0.004

0, 10, 20, 3, 58.6531, 15.1072, 0.290, 1.389, 0.004

1, 10, 21, 3, 58.6531, 15.1072, 0.350, 1.372, 0.004

0, 10, 20, 4, 58.6531, 15.1072, 0.290, 1.385, 0.004

1, 10, 21, 4, 58.6531, 15.1072, 0.350, 1.381, 0.004

0, 10, 20, 0, 58.6531, 15.3572, 0.290, 1.384, 0.004

1, 10, 21, 0, 58.6531, 15.3572, 0.360, 1.368, 0.004

0, 10, 20, 1, 58.6531, 15.3572, 0.290, 1.380, 0.004

1, 10, 21, 1, 58.6531, 15.3572, 0.360, 1.371, 0.004

0, 10, 20, 2, 58.6531, 15.3572, 0.290, 1.386, 0.004

1, 10, 21, 2, 58.6531, 15.3572, 0.360, 1.363, 0.004

0, 10, 20, 3, 58.6531, 15.3572, 0.290, 1.381, 0.004

1, 10, 21, 3, 58.6531, 15.3572, 0.350, 1.375, 0.004

0, 10, 20, 4, 58.6531, 15.3572, 0.290, 1.380, 0.004

1, 10, 21, 4, 58.6531, 15.3572, 0.360, 1.373, 0.004

0, 10, 20, 0, 58.6531, 15.6072, 0.290, 1.386, 0.004

1, 10, 21, 0, 58.6531, 15.6072, 0.360, 1.371, 0.004

0, 10, 20, 1, 58.6531, 15.6072, 0.280, 1.388, 0.004

1, 10, 21, 1, 58.6531, 15.6072, 0.340, 1.371, 0.004

0, 10, 20, 2, 58.6531, 15.6072, 0.290, 1.381, 0.004

1, 10, 21, 2, 58.6531, 15.6072, 0.350, 1.380, 0.004

0, 10, 20, 3, 58.6531, 15.6072, 0.290, 1.387, 0.004

1, 10, 21, 3, 58.6531, 15.6072, 0.350, 1.364, 0.004

0, 10, 20, 4, 58.6531, 15.6072, 0.290, 1.385, 0.004

1, 10, 21, 4, 58.6531, 15.6072, 0.340, 1.376, 0.004

0, 10, 20, 0, 58.6531, 15.8572, 0.290, 1.387, 0.004

1, 10, 21, 0, 58.6531, 15.8572, 0.360, 1.368, 0.004

0, 10, 20, 1, 58.6531, 15.8572, 0.290, 1.387, 0.004

1, 10, 21, 1, 58.6531, 15.8572, 0.360, 1.377, 0.004

0, 10, 20, 2, 58.6531, 15.8572, 0.290, 1.390, 0.004

1, 10, 21, 2, 58.6531, 15.8572, 0.350, 1.349, 0.004

0, 10, 20, 3, 58.6531, 15.8572, 0.290, 1.378, 0.004

1, 10, 21, 3, 58.6531, 15.8572, 0.360, 1.373, 0.004

0, 10, 20, 4, 58.6531, 15.8572, 0.290, 1.379, 0.004

1, 10, 21, 4, 58.6531, 15.8572, 0.360, 1.382, 0.004

0, 10, 20, 0, 58.6531, 16.1072, 0.290, 1.392, 0.004

1, 10, 21, 0, 58.6531, 16.1072, 0.360, 1.380, 0.004

0, 10, 20, 1, 58.6531, 16.1072, 0.290, 1.383, 0.004

1, 10, 21, 1, 58.6531, 16.1072, 0.350, 1.369, 0.004

0, 10, 20, 2, 58.6531, 16.1072, 0.290, 1.387, 0.004

1, 10, 21, 2, 58.6531, 16.1072, 0.350, 1.366, 0.004

0, 10, 20, 3, 58.6531, 16.1072, 0.290, 1.381, 0.004

1, 10, 21, 3, 58.6531, 16.1072, 0.340, 1.367, 0.004

0, 10, 20, 4, 58.6531, 16.1072, 0.290, 1.392, 0.004

1, 10, 21, 4, 58.6531, 16.1072, 0.360, 1.370, 0.004

0, 10, 20, 0, 58.6531, 16.3572, 0.290, 1.379, 0.004

1, 10, 21, 0, 58.6531, 16.3572, 0.360, 1.372, 0.004

0, 10, 20, 1, 58.6531, 16.3572, 0.290, 1.382, 0.004

1, 10, 21, 1, 58.6531, 16.3572, 0.350, 1.373, 0.004

0, 10, 20, 2, 58.6531, 16.3572, 0.290, 1.388, 0.004

1, 10, 21, 2, 58.6531, 16.3572, 0.330, 1.368, 0.004

0, 10, 20, 3, 58.6531, 16.3572, 0.290, 1.387, 0.004

1, 10, 21, 3, 58.6531, 16.3572, 0.360, 1.372, 0.004

0, 10, 20, 4, 58.6531, 16.3572, 0.290, 1.382, 0.004

1, 10, 21, 4, 58.6531, 16.3572, 0.360, 1.381, 0.004

0, 10, 20, 0, 58.6531, 16.6072, 0.280, 1.388, 0.004

1, 10, 21, 0, 58.6531, 16.6072, 0.350, 1.378, 0.004

0, 10, 20, 1, 58.6531, 16.6072, 0.290, 1.388, 0.004

1, 10, 21, 1, 58.6531, 16.6072, 0.360, 1.376, 0.004

0, 10, 20, 2, 58.6531, 16.6072, 0.290, 1.381, 0.004

1, 10, 21, 2, 58.6531, 16.6072, 0.350, 1.358, 0.004

0, 10, 20, 3, 58.6531, 16.6072, 0.290, 1.386, 0.004

1, 10, 21, 3, 58.6531, 16.6072, 0.350, 1.377, 0.004

0, 10, 20, 4, 58.6531, 16.6072, 0.290, 1.388, 0.004

1, 10, 21, 4, 58.6531, 16.6072, 0.350, 1.373, 0.004

0, 10, 20, 0, 58.6531, 16.8572, 0.290, 1.390, 0.004

1, 10, 21, 0, 58.6531, 16.8572, 0.350, 1.368, 0.004

0, 10, 20, 1, 58.6531, 16.8572, 0.290, 1.381, 0.004

1, 10, 21, 1, 58.6531, 16.8572, 0.350, 1.373, 0.004

0, 10, 20, 2, 58.6531, 16.8572, 0.290, 1.389, 0.004

1, 10, 21, 2, 58.6531, 16.8572, 0.340, 1.375, 0.004

0, 10, 20, 3, 58.6531, 16.8572, 0.280, 1.383, 0.004

1, 10, 21, 3, 58.6531, 16.8572, 0.350, 1.374, 0.004

0, 10, 20, 4, 58.6531, 16.8572, 0.280, 1.379, 0.004

1, 10, 21, 4, 58.6531, 16.8572, 0.350, 1.372, 0.004

0, 10, 20, 0, 58.6531, 17.1072, 0.280, 1.386, 0.004

1, 10, 21, 0, 58.6531, 17.1072, 0.360, 1.361, 0.004

0, 10, 20, 1, 58.6531, 17.1072, 0.280, 1.378, 0.004

1, 10, 21, 1, 58.6531, 17.1072, 0.350, 1.374, 0.004

0, 10, 20, 2, 58.6531, 17.1072, 0.290, 1.383, 0.004

1, 10, 21, 2, 58.6531, 17.1072, 0.350, 1.375, 0.004

0, 10, 20, 3, 58.6531, 17.1072, 0.290, 1.383, 0.004

1, 10, 21, 3, 58.6531, 17.1072, 0.340, 1.378, 0.004

0, 10, 20, 4, 58.6531, 17.1072, 0.280, 1.389, 0.004

1, 10, 21, 4, 58.6531, 17.1072, 0.360, 1.374, 0.004

0, 10, 20, 0, 58.6531, 17.3572, 0.280, 1.377, 0.004

1, 10, 21, 0, 58.6531, 17.3572, 0.350, 1.398, 0.004

0, 10, 20, 1, 58.6531, 17.3572, 0.280, 1.391, 0.004

1, 10, 21, 1, 58.6531, 17.3572, 0.350, 1.380, 0.004

0, 10, 20, 2, 58.6531, 17.3572, 0.280, 1.379, 0.004

1, 10, 21, 2, 58.6531, 17.3572, 0.340, 1.369, 0.004

0, 10, 20, 3, 58.6531, 17.3572, 0.280, 1.390, 0.004

1, 10, 21, 3, 58.6531, 17.3572, 0.350, 1.369, 0.004

0, 10, 20, 4, 58.6531, 17.3572, 0.290, 1.379, 0.004

1, 10, 21, 4, 58.6531, 17.3572, 0.350, 1.373, 0.004

0, 10, 20, 0, 58.6531, 17.6072, 0.280, 1.380, 0.004

1, 10, 21, 0, 58.6531, 17.6072, 0.360, 1.380, 0.004

0, 10, 20, 1, 58.6531, 17.6072, 0.290, 1.386, 0.004

1, 10, 21, 1, 58.6531, 17.6072, 0.360, 1.369, 0.004

0, 10, 20, 2, 58.6531, 17.6072, 0.290, 1.389, 0.004

1, 10, 21, 2, 58.6531, 17.6072, 0.350, 1.372, 0.004

0, 10, 20, 3, 58.6531, 17.6072, 0.290, 1.387, 0.004

1, 10, 21, 3, 58.6531, 17.6072, 0.330, 1.380, 0.004

0, 10, 20, 4, 58.6531, 17.6072, 0.290, 1.386, 0.004

1, 10, 21, 4, 58.6531, 17.6072, 0.350, 1.372, 0.004

0, 10, 20, 0, 58.6531, 17.8572, 0.280, 1.383, 0.004

1, 10, 21, 0, 58.6531, 17.8572, 0.340, 1.375, 0.004

0, 10, 20, 1, 58.6531, 17.8572, 0.280, 1.382, 0.004

1, 10, 21, 1, 58.6531, 17.8572, 0.350, 1.372, 0.004

0, 10, 20, 2, 58.6531, 17.8572, 0.280, 1.385, 0.004

1, 10, 21, 2, 58.6531, 17.8572, 0.350, 1.365, 0.004

0, 10, 20, 3, 58.6531, 17.8572, 0.280, 1.385, 0.004

1, 10, 21, 3, 58.6531, 17.8572, 0.350, 1.370, 0.004

0, 10, 20, 4, 58.6531, 17.8572, 0.290, 1.382, 0.004

1, 10, 21, 4, 58.6531, 17.8572, 0.360, 1.369, 0.004

0, 10, 20, 0, 58.6531, 18.1072, 0.290, 1.391, 0.004

1, 10, 21, 0, 58.6531, 18.1072, 0.360, 1.379, 0.004

0, 10, 20, 1, 58.6531, 18.1072, 0.280, 1.389, 0.004

1, 10, 21, 1, 58.6531, 18.1072, 0.350, 1.368, 0.004

0, 10, 20, 2, 58.6531, 18.1072, 0.290, 1.381, 0.004

1, 10, 21, 2, 58.6531, 18.1072, 0.340, 1.370, 0.004

0, 10, 20, 3, 58.6531, 18.1072, 0.280, 1.388, 0.004

1, 10, 21, 3, 58.6531, 18.1072, 0.360, 1.375, 0.004

0, 10, 20, 4, 58.6531, 18.1072, 0.290, 1.383, 0.004

1, 10, 21, 4, 58.6531, 18.1072, 0.340, 1.364, 0.004

0, 10, 20, 0, 58.6531, 18.3572, 0.290, 1.388, 0.004

1, 10, 21, 0, 58.6531, 18.3572, 0.350, 1.381, 0.004

0, 10, 20, 1, 58.6531, 18.3572, 0.290, 1.392, 0.004

1, 10, 21, 1, 58.6531, 18.3572, 0.350, 1.367, 0.004

0, 10, 20, 2, 58.6531, 18.3572, 0.290, 1.385, 0.004

1, 10, 21, 2, 58.6531, 18.3572, 0.340, 1.371, 0.004

0, 10, 20, 3, 58.6531, 18.3572, 0.280, 1.384, 0.004

1, 10, 21, 3, 58.6531, 18.3572, 0.350, 1.361, 0.004

0, 10, 20, 4, 58.6531, 18.3572, 0.280, 1.389, 0.004

1, 10, 21, 4, 58.6531, 18.3572, 0.350, 1.370, 0.004

0, 10, 20, 0, 58.6531, 18.6072, 0.290, 1.393, 0.004

1, 10, 21, 0, 58.6531, 18.6072, 0.360, 1.374, 0.004

0, 10, 20, 1, 58.6531, 18.6072, 0.280, 1.387, 0.004

1, 10, 21, 1, 58.6531, 18.6072, 0.350, 1.363, 0.004

0, 10, 20, 2, 58.6531, 18.6072, 0.280, 1.392, 0.004

1, 10, 21, 2, 58.6531, 18.6072, 0.350, 1.369, 0.004

0, 10, 20, 3, 58.6531, 18.6072, 0.280, 1.386, 0.004

1, 10, 21, 3, 58.6531, 18.6072, 0.360, 1.371, 0.004

0, 10, 20, 4, 58.6531, 18.6072, 0.280, 1.381, 0.004

1, 10, 21, 4, 58.6531, 18.6072, 0.350, 1.376, 0.004

0, 10, 20, 0, 58.6531, 18.8572, 0.280, 1.382, 0.004

1, 10, 21, 0, 58.6531, 18.8572, 0.350, 1.371, 0.004

0, 10, 20, 1, 58.6531, 18.8572, 0.280, 1.382, 0.004

1, 10, 21, 1, 58.6531, 18.8572, 0.350, 1.365, 0.004

0, 10, 20, 2, 58.6531, 18.8572, 0.290, 1.391, 0.004

1, 10, 21, 2, 58.6531, 18.8572, 0.360, 1.371, 0.004

0, 10, 20, 3, 58.6531, 18.8572, 0.280, 1.381, 0.004

1, 10, 21, 3, 58.6531, 18.8572, 0.370, 1.369, 0.004

0, 10, 20, 4, 58.6531, 18.8572, 0.280, 1.383, 0.004

1, 10, 21, 4, 58.6531, 18.8572, 0.350, 1.376, 0.004

0, 10, 20, 0, 58.6531, 19.1072, 0.280, 1.390, 0.004

1, 10, 21, 0, 58.6531, 19.1072, 0.350, 1.376, 0.004

0, 10, 20, 1, 58.6531, 19.1072, 0.280, 1.385, 0.004

1, 10, 21, 1, 58.6531, 19.1072, 0.360, 1.364, 0.004

0, 10, 20, 2, 58.6531, 19.1072, 0.280, 1.384, 0.004

1, 10, 21, 2, 58.6531, 19.1072, 0.360, 1.366, 0.004

0, 10, 20, 3, 58.6531, 19.1072, 0.280, 1.391, 0.004

1, 10, 21, 3, 58.6531, 19.1072, 0.360, 1.377, 0.004

0, 10, 20, 4, 58.6531, 19.1072, 0.280, 1.379, 0.004

1, 10, 21, 4, 58.6531, 19.1072, 0.340, 1.372, 0.004

0, 10, 20, 0, 58.6531, 19.3572, 0.280, 1.390, 0.004

1, 10, 21, 0, 58.6531, 19.3572, 0.360, 1.366, 0.004

0, 10, 20, 1, 58.6531, 19.3572, 0.280, 1.384, 0.004

1, 10, 21, 1, 58.6531, 19.3572, 0.360, 1.377, 0.004

0, 10, 20, 2, 58.6531, 19.3572, 0.280, 1.391, 0.004

1, 10, 21, 2, 58.6531, 19.3572, 0.360, 1.368, 0.004

0, 10, 20, 3, 58.6531, 19.3572, 0.280, 1.386, 0.004

1, 10, 21, 3, 58.6531, 19.3572, 0.350, 1.374, 0.004

0, 10, 20, 4, 58.6531, 19.3572, 0.280, 1.386, 0.004

1, 10, 21, 4, 58.6531, 19.3572, 0.350, 1.377, 0.004

0, 10, 20, 0, 58.6531, 19.6072, 0.280, 1.382, 0.004

1, 10, 21, 0, 58.6531, 19.6072, 0.340, 1.371, 0.004

0, 10, 20, 1, 58.6531, 19.6072, 0.280, 1.379, 0.004

1, 10, 21, 1, 58.6531, 19.6072, 0.350, 1.371, 0.004

0, 10, 20, 2, 58.6531, 19.6072, 0.280, 1.384, 0.004

1, 10, 21, 2, 58.6531, 19.6072, 0.360, 1.315, 0.004

0, 10, 20, 3, 58.6531, 19.6072, 0.280, 1.379, 0.004

1, 10, 21, 3, 58.6531, 19.6072, 0.340, 1.374, 0.004

0, 10, 20, 4, 58.6531, 19.6072, 0.280, 1.381, 0.004

1, 10, 21, 4, 58.6531, 19.6072, 0.350, 1.369, 0.004

0, 10, 20, 0, 58.6531, 19.8572, 0.280, 1.381, 0.004

1, 10, 21, 0, 58.6531, 19.8572, 0.350, 1.364, 0.004

0, 10, 20, 1, 58.6531, 19.8572, 0.280, 1.378, 0.004

1, 10, 21, 1, 58.6531, 19.8572, 0.350, 1.368, 0.004

0, 10, 20, 2, 58.6531, 19.8572, 0.280, 1.384, 0.004

1, 10, 21, 2, 58.6531, 19.8572, 0.350, 1.368, 0.004

0, 10, 20, 3, 58.6531, 19.8572, 0.290, 1.385, 0.004

1, 10, 21, 3, 58.6531, 19.8572, 0.360, 1.373, 0.004

0, 10, 20, 4, 58.6531, 19.8572, 0.280, 1.396, 0.004

1, 10, 21, 4, 58.6531, 19.8572, 0.330, 1.371, 0.004

0, 10, 20, 0, 58.6531, 20.1072, 0.280, 1.386, 0.004

1, 10, 21, 0, 58.6531, 20.1072, 0.360, 1.373, 0.004

0, 10, 20, 1, 58.6531, 20.1072, 0.290, 1.380, 0.004

1, 10, 21, 1, 58.6531, 20.1072, 0.350, 1.374, 0.004

0, 10, 20, 2, 58.6531, 20.1072, 0.290, 1.391, 0.004

1, 10, 21, 2, 58.6531, 20.1072, 0.360, 1.371, 0.004

0, 10, 20, 3, 58.6531, 20.1072, 0.290, 1.382, 0.004

1, 10, 21, 3, 58.6531, 20.1072, 0.360, 1.367, 0.004

0, 10, 20, 4, 58.6531, 20.1072, 0.290, 1.376, 0.004

1, 10, 21, 4, 58.6531, 20.1072, 0.370, 1.371, 0.004

0, 10, 20, 0, 58.6531, 20.3572, 0.280, 1.389, 0.004

1, 10, 21, 0, 58.6531, 20.3572, 0.360, 1.376, 0.004

0, 10, 20, 1, 58.6531, 20.3572, 0.280, 1.384, 0.004

1, 10, 21, 1, 58.6531, 20.3572, 0.340, 1.373, 0.004

0, 10, 20, 2, 58.6531, 20.3572, 0.290, 1.385, 0.004

1, 10, 21, 2, 58.6531, 20.3572, 0.350, 1.369, 0.004

0, 10, 20, 3, 58.6531, 20.3572, 0.300, 1.383, 0.004

1, 10, 21, 3, 58.6531, 20.3572, 0.350, 1.362, 0.004

0, 10, 20, 4, 58.6531, 20.3572, 0.280, 1.384, 0.004

1, 10, 21, 4, 58.6531, 20.3572, 0.340, 1.366, 0.004

0, 10, 20, 0, 58.6531, 20.6072, 0.280, 1.384, 0.004

1, 10, 21, 0, 58.6531, 20.6072, 0.360, 1.382, 0.004

0, 10, 20, 1, 58.6531, 20.6072, 0.300, 1.387, 0.004

1, 10, 21, 1, 58.6531, 20.6072, 0.360, 1.365, 0.004

0, 10, 20, 2, 58.6531, 20.6072, 0.290, 1.382, 0.004

1, 10, 21, 2, 58.6531, 20.6072, 0.360, 1.369, 0.004

0, 10, 20, 3, 58.6531, 20.6072, 0.290, 1.384, 0.004

1, 10, 21, 3, 58.6531, 20.6072, 0.350, 1.363, 0.004

0, 10, 20, 4, 58.6531, 20.6072, 0.290, 1.379, 0.004

1, 10, 21, 4, 58.6531, 20.6072, 0.350, 1.363, 0.004

0, 10, 20, 0, 58.6531, 20.8572, 0.280, 1.388, 0.004

1, 10, 21, 0, 58.6531, 20.8572, 0.340, 1.373, 0.004

0, 10, 20, 1, 58.6531, 20.8572, 0.280, 1.385, 0.004

1, 10, 21, 1, 58.6531, 20.8572, 0.340, 1.357, 0.004

0, 10, 20, 2, 58.6531, 20.8572, 0.280, 1.391, 0.004

1, 10, 21, 2, 58.6531, 20.8572, 0.360, 1.360, 0.004

0, 10, 20, 3, 58.6531, 20.8572, 0.280, 1.385, 0.004

1, 10, 21, 3, 58.6531, 20.8572, 0.360, 1.372, 0.004

0, 10, 20, 4, 58.6531, 20.8572, 0.300, 1.383, 0.004

1, 10, 21, 4, 58.6531, 20.8572, 0.360, 1.368, 0.004

0, 10, 20, 0, 58.6531, 21.1072, 0.280, 1.380, 0.004

1, 10, 21, 0, 58.6531, 21.1072, 0.350, 1.367, 0.004

0, 10, 20, 1, 58.6531, 21.1072, 0.280, 1.377, 0.004

1, 10, 21, 1, 58.6531, 21.1072, 0.350, 1.365, 0.004

0, 10, 20, 2, 58.6531, 21.1072, 0.280, 1.385, 0.004

1, 10, 21, 2, 58.6531, 21.1072, 0.350, 1.379, 0.004

0, 10, 20, 3, 58.6531, 21.1072, 0.280, 1.382, 0.004

1, 10, 21, 3, 58.6531, 21.1072, 0.340, 1.365, 0.004

0, 10, 20, 4, 58.6531, 21.1072, 0.280, 1.387, 0.004

1, 10, 21, 4, 58.6531, 21.1072, 0.360, 1.369, 0.004

0, 10, 20, 0, 58.6531, 21.3572, 0.290, 1.391, 0.004

1, 10, 21, 0, 58.6531, 21.3572, 0.360, 1.366, 0.004

0, 10, 20, 1, 58.6531, 21.3572, 0.290, 1.383, 0.004

1, 10, 21, 1, 58.6531, 21.3572, 0.350, 1.311, 0.004

0, 10, 20, 2, 58.6531, 21.3572, 0.290, 1.392, 0.004

1, 10, 21, 2, 58.6531, 21.3572, 0.340, 1.370, 0.004

0, 10, 20, 3, 58.6531, 21.3572, 0.280, 1.393, 0.004

1, 10, 21, 3, 58.6531, 21.3572, 0.340, 1.387, 0.004

0, 10, 20, 4, 58.6531, 21.3572, 0.280, 1.385, 0.004

1, 10, 21, 4, 58.6531, 21.3572, 0.360, 1.369, 0.004

0, 10, 20, 0, 58.6531, 21.6072, 0.290, 1.384, 0.004

1, 10, 21, 0, 58.6531, 21.6072, 0.340, 1.361, 0.004

0, 10, 20, 1, 58.6531, 21.6072, 0.290, 1.385, 0.004

1, 10, 21, 1, 58.6531, 21.6072, 0.350, 1.373, 0.004

0, 10, 20, 2, 58.6531, 21.6072, 0.290, 1.389, 0.004

1, 10, 21, 2, 58.6531, 21.6072, 0.360, 1.365, 0.004

0, 10, 20, 3, 58.6531, 21.6072, 0.290, 1.384, 0.004

1, 10, 21, 3, 58.6531, 21.6072, 0.340, 1.372, 0.004

0, 10, 20, 4, 58.6531, 21.6072, 0.290, 1.388, 0.004

1, 10, 21, 4, 58.6531, 21.6072, 0.340, 1.381, 0.004

0, 10, 20, 0, 58.6531, 21.8572, 0.290, 1.389, 0.004

1, 10, 21, 0, 58.6531, 21.8572, 0.330, 1.342, 0.004

0, 10, 20, 1, 58.6531, 21.8572, 0.290, 1.381, 0.004

1, 10, 21, 1, 58.6531, 21.8572, 0.350, 1.368, 0.004

0, 10, 20, 2, 58.6531, 21.8572, 0.280, 1.383, 0.004

1, 10, 21, 2, 58.6531, 21.8572, 0.340, 1.378, 0.004

0, 10, 20, 3, 58.6531, 21.8572, 0.290, 1.384, 0.004

1, 10, 21, 3, 58.6531, 21.8572, 0.350, 1.368, 0.004

0, 10, 20, 4, 58.6531, 21.8572, 0.290, 1.388, 0.004

1, 10, 21, 4, 58.6531, 21.8572, 0.340, 1.367, 0.004

0, 10, 20, 0, 58.6531, 22.1072, 0.290, 1.383, 0.004

1, 10, 21, 0, 58.6531, 22.1072, 0.340, 1.373, 0.004

0, 10, 20, 1, 58.6531, 22.1072, 0.290, 1.381, 0.004

1, 10, 21, 1, 58.6531, 22.1072, 0.340, 1.375, 0.004

0, 10, 20, 2, 58.6531, 22.1072, 0.290, 1.385, 0.004

1, 10, 21, 2, 58.6531, 22.1072, 0.330, 1.382, 0.004

0, 10, 20, 3, 58.6531, 22.1072, 0.290, 1.384, 0.004

1, 10, 21, 3, 58.6531, 22.1072, 0.340, 1.348, 0.004

0, 10, 20, 4, 58.6531, 22.1072, 0.290, 1.387, 0.004

1, 10, 21, 4, 58.6531, 22.1072, 0.340, 1.369, 0.004

0, 10, 20, 0, 58.6531, 22.3572, 0.290, 1.386, 0.004

1, 10, 21, 0, 58.6531, 22.3572, 0.330, 1.372, 0.004

0, 10, 20, 1, 58.6531, 22.3572, 0.280, 1.382, 0.004

1, 10, 21, 1, 58.6531, 22.3572, 0.320, 1.380, 0.004

0, 10, 20, 2, 58.6531, 22.3572, 0.290, 1.387, 0.004

1, 10, 21, 2, 58.6531, 22.3572, 0.310, 1.371, 0.004

0, 10, 20, 3, 58.6531, 22.3572, 0.290, 1.383, 0.004

1, 10, 21, 3, 58.6531, 22.3572, 0.320, 1.354, 0.004

0, 10, 20, 4, 58.6531, 22.3572, 0.290, 1.374, 0.004

1, 10, 21, 4, 58.6531, 22.3572, 0.310, 1.365, 0.004

0, 10, 20, 0, 58.6531, 22.6072, 0.290, 1.378, 0.004

1, 10, 21, 0, 58.6531, 22.6072, 0.290, 1.383, 0.004

0, 10, 20, 1, 58.6531, 22.6072, 0.290, 1.386, 0.004

1, 10, 21, 1, 58.6531, 22.6072, 0.300, 1.374, 0.004

0, 10, 20, 2, 58.6531, 22.6072, 0.290, 1.382, 0.004

1, 10, 21, 2, 58.6531, 22.6072, 0.290, 1.372, 0.004

0, 10, 20, 3, 58.6531, 22.6072, 0.290, 1.379, 0.004

1, 10, 21, 3, 58.6531, 22.6072, 0.290, 1.363, 0.004

0, 10, 20, 4, 58.6531, 22.6072, 0.280, 1.383, 0.004

1, 10, 21, 4, 58.6531, 22.6072, 0.290, 1.371, 0.004

0, 10, 20, 0, 58.6531, 22.8572, 0.290, 1.380, 0.004

1, 10, 21, 0, 58.6531, 22.8572, 0.280, 1.371, 0.004

0, 10, 20, 1, 58.6531, 22.8572, 0.290, 1.383, 0.004

1, 10, 21, 1, 58.6531, 22.8572, 0.280, 1.379, 0.004

0, 10, 20, 2, 58.6531, 22.8572, 0.290, 1.385, 0.004

1, 10, 21, 2, 58.6531, 22.8572, 0.290, 1.370, 0.004

0, 10, 20, 3, 58.6531, 22.8572, 0.290, 1.384, 0.004

1, 10, 21, 3, 58.6531, 22.8572, 0.300, 1.366, 0.004

0, 10, 20, 4, 58.6531, 22.8572, 0.290, 1.377, 0.004

1, 10, 21, 4, 58.6531, 22.8572, 0.280, 1.379, 0.004

0, 10, 20, 0, 58.6531, 23.1072, 0.290, 1.385, 0.004

1, 10, 21, 0, 58.6531, 23.1072, 0.290, 1.373, 0.004

0, 10, 20, 1, 58.6531, 23.1072, 0.280, 1.391, 0.004

1, 10, 21, 1, 58.6531, 23.1072, 0.300, 1.373, 0.004

0, 10, 20, 2, 58.6531, 23.1072, 0.290, 1.382, 0.004

1, 10, 21, 2, 58.6531, 23.1072, 0.300, 1.383, 0.004

0, 10, 20, 3, 58.6531, 23.1072, 0.280, 1.398, 0.004

1, 10, 21, 3, 58.6531, 23.1072, 0.300, 1.371, 0.004

0, 10, 20, 4, 58.6531, 23.1072, 0.290, 1.387, 0.004

1, 10, 21, 4, 58.6531, 23.1072, 0.290, 1.378, 0.004

0, 10, 20, 0, 58.6531, 23.3572, 0.290, 1.390, 0.004

1, 10, 21, 0, 58.6531, 23.3572, 0.300, 1.377, 0.004

0, 10, 20, 1, 58.6531, 23.3572, 0.290, 1.382, 0.004

1, 10, 21, 1, 58.6531, 23.3572, 0.300, 1.369, 0.004

0, 10, 20, 2, 58.6531, 23.3572, 0.290, 1.385, 0.004

1, 10, 21, 2, 58.6531, 23.3572, 0.300, 1.380, 0.004

0, 10, 20, 3, 58.6531, 23.3572, 0.290, 1.381, 0.004

1, 10, 21, 3, 58.6531, 23.3572, 0.310, 1.363, 0.004

0, 10, 20, 4, 58.6531, 23.3572, 0.290, 1.391, 0.004

1, 10, 21, 4, 58.6531, 23.3572, 0.310, 1.374, 0.004

0, 10, 20, 0, 58.6531, 23.6072, 0.290, 1.387, 0.004

1, 10, 21, 0, 58.6531, 23.6072, 0.270, 1.369, 0.004

0, 10, 20, 1, 58.6531, 23.6072, 0.290, 1.389, 0.004

1, 10, 21, 1, 58.6531, 23.6072, 0.270, 1.387, 0.004

0, 10, 20, 2, 58.6531, 23.6072, 0.290, 1.392, 0.004

1, 10, 21, 2, 58.6531, 23.6072, 0.260, 1.366, 0.004

0, 10, 20, 3, 58.6531, 23.6072, 0.290, 1.385, 0.004

1, 10, 21, 3, 58.6531, 23.6072, 0.280, 1.372, 0.004

0, 10, 20, 4, 58.6531, 23.6072, 0.290, 1.386, 0.004

1, 10, 21, 4, 58.6531, 23.6072, 0.280, 1.377, 0.004

0, 10, 20, 0, 58.6531, 23.8572, 0.290, 1.392, 0.004

1, 10, 21, 0, 58.6531, 23.8572, 0.220, 1.372, 0.004

0, 10, 20, 1, 58.6531, 23.8572, 0.290, 1.380, 0.004

1, 10, 21, 1, 58.6531, 23.8572, 0.230, 1.370, 0.004

0, 10, 20, 2, 58.6531, 23.8572, 0.290, 1.387, 0.004

1, 10, 21, 2, 58.6531, 23.8572, 0.230, 1.369, 0.004

0, 10, 20, 3, 58.6531, 23.8572, 0.290, 1.382, 0.004

1, 10, 21, 3, 58.6531, 23.8572, 0.230, 1.367, 0.004

0, 10, 20, 4, 58.6531, 23.8572, 0.290, 1.382, 0.004

1, 10, 21, 4, 58.6531, 23.8572, 0.220, 1.376, 0.004

0, 10, 20, 0, 58.6531, 24.1072, 0.290, 1.386, 0.004

1, 10, 21, 0, 58.6531, 24.1072, 0.200, 1.369, 0.004

0, 10, 20, 1, 58.6531, 24.1072, 0.290, 1.388, 0.004

1, 10, 21, 1, 58.6531, 24.1072, 0.200, 1.380, 0.004

0, 10, 20, 2, 58.6531, 24.1072, 0.290, 1.390, 0.004

1, 10, 21, 2, 58.6531, 24.1072, 0.200, 1.367, 0.004

0, 10, 20, 3, 58.6531, 24.1072, 0.290, 1.388, 0.004

1, 10, 21, 3, 58.6531, 24.1072, 0.190, 1.373, 0.004

0, 10, 20, 4, 58.6531, 24.1072, 0.290, 1.382, 0.004

1, 10, 21, 4, 58.6531, 24.1072, 0.210, 1.377, 0.004

0, 10, 20, 0, 58.6531, 24.3572, 0.290, 1.396, 0.004

1, 10, 21, 0, 58.6531, 24.3572, 0.190, 1.376, 0.004

0, 10, 20, 1, 58.6531, 24.3572, 0.290, 1.392, 0.004

1, 10, 21, 1, 58.6531, 24.3572, 0.180, 1.372, 0.004

0, 10, 20, 2, 58.6531, 24.3572, 0.290, 1.381, 0.004

1, 10, 21, 2, 58.6531, 24.3572, 0.190, 1.373, 0.004

0, 10, 20, 3, 58.6531, 24.3572, 0.290, 1.400, 0.004

1, 10, 21, 3, 58.6531, 24.3572, 0.190, 1.365, 0.004

0, 10, 20, 4, 58.6531, 24.3572, 0.290, 1.385, 0.004

1, 10, 21, 4, 58.6531, 24.3572, 0.190, 1.373, 0.004

0, 10, 20, 0, 58.6531, 24.6072, 0.300, 1.386, 0.004

1, 10, 21, 0, 58.6531, 24.6072, 0.190, 1.376, 0.004

0, 10, 20, 1, 58.6531, 24.6072, 0.300, 1.378, 0.004

1, 10, 21, 1, 58.6531, 24.6072, 0.180, 1.371, 0.004

0, 10, 20, 2, 58.6531, 24.6072, 0.300, 1.379, 0.004

1, 10, 21, 2, 58.6531, 24.6072, 0.180, 1.379, 0.004

0, 10, 20, 3, 58.6531, 24.6072, 0.290, 1.386, 0.004

1, 10, 21, 3, 58.6531, 24.6072, 0.180, 1.379, 0.004

0, 10, 20, 4, 58.6531, 24.6072, 0.290, 1.388, 0.004

1, 10, 21, 4, 58.6531, 24.6072, 0.180, 1.372, 0.004

0, 10, 20, 0, 58.6531, 24.8572, 0.300, 1.383, 0.004

1, 10, 21, 0, 58.6531, 24.8572, 0.180, 1.366, 0.004

0, 10, 20, 1, 58.6531, 24.8572, 0.300, 1.383, 0.004

1, 10, 21, 1, 58.6531, 24.8572, 0.180, 1.375, 0.004

0, 10, 20, 2, 58.6531, 24.8572, 0.300, 1.383, 0.004

1, 10, 21, 2, 58.6531, 24.8572, 0.180, 1.384, 0.004

0, 10, 20, 3, 58.6531, 24.8572, 0.300, 1.380, 0.004

1, 10, 21, 3, 58.6531, 24.8572, 0.190, 1.373, 0.004

0, 10, 20, 4, 58.6531, 24.8572, 0.300, 1.386, 0.004

1, 10, 21, 4, 58.6531, 24.8572, 0.180, 1.371, 0.004

0, 10, 20, 0, 58.6531, 25.1072, 0.320, 1.386, 0.004

1, 10, 21, 0, 58.6531, 25.1072, 0.180, 1.373, 0.004

0, 10, 20, 1, 58.6531, 25.1072, 0.320, 1.391, 0.004

1, 10, 21, 1, 58.6531, 25.1072, 0.180, 1.373, 0.004

0, 10, 20, 2, 58.6531, 25.1072, 0.320, 1.386, 0.004

1, 10, 21, 2, 58.6531, 25.1072, 0.180, 1.370, 0.004

0, 10, 20, 3, 58.6531, 25.1072, 0.320, 1.381, 0.004

1, 10, 21, 3, 58.6531, 25.1072, 0.180, 1.373, 0.004

0, 10, 20, 4, 58.6531, 25.1072, 0.320, 1.390, 0.004

1, 10, 21, 4, 58.6531, 25.1072, 0.180, 1.379, 0.004

0, 10, 20, 0, 58.6531, 25.3572, 0.370, 1.387, 0.004

1, 10, 21, 0, 58.6531, 25.3572, 0.180, 1.373, 0.004

0, 10, 20, 1, 58.6531, 25.3572, 0.360, 1.380, 0.004

1, 10, 21, 1, 58.6531, 25.3572, 0.180, 1.372, 0.004

0, 10, 20, 2, 58.6531, 25.3572, 0.360, 1.387, 0.004

1, 10, 21, 2, 58.6531, 25.3572, 0.180, 1.376, 0.004

0, 10, 20, 3, 58.6531, 25.3572, 0.360, 1.385, 0.004

1, 10, 21, 3, 58.6531, 25.3572, 0.180, 1.367, 0.004

0, 10, 20, 4, 58.6531, 25.3572, 0.370, 1.378, 0.004

1, 10, 21, 4, 58.6531, 25.3572, 0.180, 1.370, 0.004

0, 10, 20, 0, 58.6531, 25.6072, 0.420, 1.376, 0.004

1, 10, 21, 0, 58.6531, 25.6072, 0.180, 1.374, 0.004

0, 10, 20, 1, 58.6531, 25.6072, 0.410, 1.391, 0.004

1, 10, 21, 1, 58.6531, 25.6072, 0.180, 1.377, 0.004

0, 10, 20, 2, 58.6531, 25.6072, 0.410, 1.375, 0.004

1, 10, 21, 2, 58.6531, 25.6072, 0.180, 1.371, 0.004

0, 10, 20, 3, 58.6531, 25.6072, 0.410, 1.399, 0.004

1, 10, 21, 3, 58.6531, 25.6072, 0.180, 1.369, 0.004

0, 10, 20, 4, 58.6531, 25.6072, 0.410, 1.384, 0.004

1, 10, 21, 4, 58.6531, 25.6072, 0.180, 1.360, 0.004

0, 10, 20, 0, 58.6531, 25.8572, 0.420, 1.383, 0.004

1, 10, 21, 0, 58.6531, 25.8572, 0.180, 1.371, 0.004

0, 10, 20, 1, 58.6531, 25.8572, 0.420, 1.373, 0.004

1, 10, 21, 1, 58.6531, 25.8572, 0.180, 1.377, 0.004

0, 10, 20, 2, 58.6531, 25.8572, 0.420, 1.386, 0.004

1, 10, 21, 2, 58.6531, 25.8572, 0.180, 1.377, 0.004

0, 10, 20, 3, 58.6531, 25.8572, 0.410, 1.379, 0.004

1, 10, 21, 3, 58.6531, 25.8572, 0.180, 1.372, 0.004

0, 10, 20, 4, 58.6531, 25.8572, 0.420, 1.377, 0.004

1, 10, 21, 4, 58.6531, 25.8572, 0.180, 1.374, 0.004

0, 10, 20, 0, 58.6531, 26.1072, 0.410, 1.387, 0.004

1, 10, 21, 0, 58.6531, 26.1072, 0.180, 1.370, 0.004

0, 10, 20, 1, 58.6531, 26.1072, 0.400, 1.384, 0.004

1, 10, 21, 1, 58.6531, 26.1072, 0.180, 1.379, 0.004

0, 10, 20, 2, 58.6531, 26.1072, 0.400, 1.389, 0.004

1, 10, 21, 2, 58.6531, 26.1072, 0.180, 1.362, 0.004

0, 10, 20, 3, 58.6531, 26.1072, 0.400, 1.388, 0.004

1, 10, 21, 3, 58.6531, 26.1072, 0.180, 1.374, 0.004

0, 10, 20, 4, 58.6531, 26.1072, 0.410, 1.387, 0.004

1, 10, 21, 4, 58.6531, 26.1072, 0.180, 1.371, 0.004

0, 10, 20, 0, 58.6531, 26.3572, 0.420, 1.382, 0.004

1, 10, 21, 0, 58.6531, 26.3572, 0.180, 1.376, 0.004

0, 10, 20, 1, 58.6531, 26.3572, 0.420, 1.381, 0.004

1, 10, 21, 1, 58.6531, 26.3572, 0.180, 1.369, 0.004

0, 10, 20, 2, 58.6531, 26.3572, 0.430, 1.366, 0.004

1, 10, 21, 2, 58.6531, 26.3572, 0.180, 1.366, 0.004

0, 10, 20, 3, 58.6531, 26.3572, 0.420, 1.389, 0.004

1, 10, 21, 3, 58.6531, 26.3572, 0.180, 1.376, 0.004

0, 10, 20, 4, 58.6531, 26.3572, 0.420, 1.386, 0.004

1, 10, 21, 4, 58.6531, 26.3572, 0.180, 1.365, 0.004

0, 10, 20, 0, 58.6531, 26.6072, 0.440, 1.396, 0.004

1, 10, 21, 0, 58.6531, 26.6072, 0.180, 1.375, 0.004

0, 10, 20, 1, 58.6531, 26.6072, 0.430, 1.378, 0.004

1, 10, 21, 1, 58.6531, 26.6072, 0.180, 1.374, 0.004

0, 10, 20, 2, 58.6531, 26.6072, 0.420, 1.380, 0.004

1, 10, 21, 2, 58.6531, 26.6072, 0.180, 1.374, 0.004

0, 10, 20, 3, 58.6531, 26.6072, 0.430, 1.382, 0.004

1, 10, 21, 3, 58.6531, 26.6072, 0.180, 1.374, 0.004

0, 10, 20, 4, 58.6531, 26.6072, 0.430, 1.386, 0.004

1, 10, 21, 4, 58.6531, 26.6072, 0.180, 1.375, 0.004

0, 10, 20, 0, 58.6531, 26.8572, 0.450, 1.386, 0.004

1, 10, 21, 0, 58.6531, 26.8572, 0.180, 1.379, 0.004

0, 10, 20, 1, 58.6531, 26.8572, 0.440, 1.391, 0.004

1, 10, 21, 1, 58.6531, 26.8572, 0.180, 1.374, 0.004

0, 10, 20, 2, 58.6531, 26.8572, 0.440, 1.389, 0.004

1, 10, 21, 2, 58.6531, 26.8572, 0.180, 1.376, 0.004

0, 10, 20, 3, 58.6531, 26.8572, 0.450, 1.384, 0.004

1, 10, 21, 3, 58.6531, 26.8572, 0.180, 1.375, 0.004

0, 10, 20, 4, 58.6531, 26.8572, 0.440, 1.387, 0.004

1, 10, 21, 4, 58.6531, 26.8572, 0.190, 1.369, 0.004

0, 10, 20, 0, 58.6531, 27.1072, 0.460, 1.359, 0.004

1, 10, 21, 0, 58.6531, 27.1072, 0.180, 1.368, 0.004

0, 10, 20, 1, 58.6531, 27.1072, 0.460, 1.385, 0.004

1, 10, 21, 1, 58.6531, 27.1072, 0.180, 1.380, 0.004

0, 10, 20, 2, 58.6531, 27.1072, 0.460, 1.388, 0.004

1, 10, 21, 2, 58.6531, 27.1072, 0.180, 1.371, 0.004

0, 10, 20, 3, 58.6531, 27.1072, 0.460, 1.384, 0.004

1, 10, 21, 3, 58.6531, 27.1072, 0.180, 1.374, 0.004

0, 10, 20, 4, 58.6531, 27.1072, 0.450, 1.391, 0.004

1, 10, 21, 4, 58.6531, 27.1072, 0.180, 1.371, 0.004

0, 10, 20, 0, 58.6531, 27.3572, 0.450, 1.378, 0.004

1, 10, 21, 0, 58.6531, 27.3572, 0.180, 1.371, 0.004

0, 10, 20, 1, 58.6531, 27.3572, 0.450, 1.384, 0.004

1, 10, 21, 1, 58.6531, 27.3572, 0.180, 1.370, 0.004

0, 10, 20, 2, 58.6531, 27.3572, 0.450, 1.389, 0.004

1, 10, 21, 2, 58.6531, 27.3572, 0.180, 1.372, 0.004

0, 10, 20, 3, 58.6531, 27.3572, 0.460, 1.390, 0.004

1, 10, 21, 3, 58.6531, 27.3572, 0.180, 1.369, 0.004

0, 10, 20, 4, 58.6531, 27.3572, 0.460, 1.372, 0.004

1, 10, 21, 4, 58.6531, 27.3572, 0.180, 1.377, 0.004

0, 10, 20, 0, 58.6531, 27.6072, 0.450, 1.377, 0.004

1, 10, 21, 0, 58.6531, 27.6072, 0.180, 1.374, 0.004

0, 10, 20, 1, 58.6531, 27.6072, 0.460, 1.381, 0.004

1, 10, 21, 1, 58.6531, 27.6072, 0.180, 1.370, 0.004

0, 10, 20, 2, 58.6531, 27.6072, 0.460, 1.386, 0.004

1, 10, 21, 2, 58.6531, 27.6072, 0.180, 1.374, 0.004

0, 10, 20, 3, 58.6531, 27.6072, 0.450, 1.384, 0.004

1, 10, 21, 3, 58.6531, 27.6072, 0.180, 1.377, 0.004

0, 10, 20, 4, 58.6531, 27.6072, 0.450, 1.383, 0.004

1, 10, 21, 4, 58.6531, 27.6072, 0.180, 1.378, 0.004

0, 10, 20, 0, 58.6531, 27.8572, 0.460, 1.374, 0.004

1, 10, 21, 0, 58.6531, 27.8572, 0.180, 1.370, 0.004

0, 10, 20, 1, 58.6531, 27.8572, 0.460, 1.383, 0.004

1, 10, 21, 1, 58.6531, 27.8572, 0.180, 1.371, 0.004

0, 10, 20, 2, 58.6531, 27.8572, 0.450, 1.384, 0.004

1, 10, 21, 2, 58.6531, 27.8572, 0.180, 1.372, 0.004

0, 10, 20, 3, 58.6531, 27.8572, 0.450, 1.387, 0.004

1, 10, 21, 3, 58.6531, 27.8572, 0.180, 1.375, 0.004

0, 10, 20, 4, 58.6531, 27.8572, 0.440, 1.386, 0.004

1, 10, 21, 4, 58.6531, 27.8572, 0.180, 1.371, 0.004

0, 10, 20, 0, 58.6531, 28.1072, 0.450, 1.382, 0.004

1, 10, 21, 0, 58.6531, 28.1072, 0.180, 1.369, 0.004

0, 10, 20, 1, 58.6531, 28.1072, 0.450, 1.389, 0.004

1, 10, 21, 1, 58.6531, 28.1072, 0.180, 1.372, 0.004

0, 10, 20, 2, 58.6531, 28.1072, 0.450, 1.384, 0.004

1, 10, 21, 2, 58.6531, 28.1072, 0.180, 1.375, 0.004

0, 10, 20, 3, 58.6531, 28.1072, 0.450, 1.389, 0.004

1, 10, 21, 3, 58.6531, 28.1072, 0.180, 1.376, 0.004

0, 10, 20, 4, 58.6531, 28.1072, 0.460, 1.376, 0.004

1, 10, 21, 4, 58.6531, 28.1072, 0.180, 1.367, 0.004

0, 10, 20, 0, 58.6531, 28.3572, 0.460, 1.386, 0.004

1, 10, 21, 0, 58.6531, 28.3572, 0.180, 1.374, 0.004

0, 10, 20, 1, 58.6531, 28.3572, 0.450, 1.384, 0.004

1, 10, 21, 1, 58.6531, 28.3572, 0.170, 1.373, 0.004

0, 10, 20, 2, 58.6531, 28.3572, 0.450, 1.386, 0.004

1, 10, 21, 2, 58.6531, 28.3572, 0.180, 1.371, 0.004

0, 10, 20, 3, 58.6531, 28.3572, 0.430, 1.362, 0.004

1, 10, 21, 3, 58.6531, 28.3572, 0.180, 1.377, 0.004

0, 10, 20, 4, 58.6531, 28.3572, 0.440, 1.386, 0.004

1, 10, 21, 4, 58.6531, 28.3572, 0.180, 1.374, 0.004

0, 10, 20, 0, 58.6531, 28.6072, 0.450, 1.389, 0.004

1, 10, 21, 0, 58.6531, 28.6072, 0.180, 1.372, 0.004

0, 10, 20, 1, 58.6531, 28.6072, 0.450, 1.377, 0.004

1, 10, 21, 1, 58.6531, 28.6072, 0.180, 1.372, 0.004

0, 10, 20, 2, 58.6531, 28.6072, 0.450, 1.386, 0.004

1, 10, 21, 2, 58.6531, 28.6072, 0.180, 1.373, 0.004

0, 10, 20, 3, 58.6531, 28.6072, 0.450, 1.382, 0.004

1, 10, 21, 3, 58.6531, 28.6072, 0.180, 1.369, 0.004

0, 10, 20, 4, 58.6531, 28.6072, 0.450, 1.385, 0.004

1, 10, 21, 4, 58.6531, 28.6072, 0.180, 1.373, 0.004

0, 10, 20, 0, 58.6531, 28.8572, 0.450, 1.379, 0.004

1, 10, 21, 0, 58.6531, 28.8572, 0.180, 1.373, 0.004

0, 10, 20, 1, 58.6531, 28.8572, 0.460, 1.386, 0.004

1, 10, 21, 1, 58.6531, 28.8572, 0.180, 1.374, 0.004

0, 10, 20, 2, 58.6531, 28.8572, 0.460, 1.384, 0.004

1, 10, 21, 2, 58.6531, 28.8572, 0.180, 1.371, 0.004

0, 10, 20, 3, 58.6531, 28.8572, 0.450, 1.383, 0.004

1, 10, 21, 3, 58.6531, 28.8572, 0.180, 1.373, 0.004

0, 10, 20, 4, 58.6531, 28.8572, 0.440, 1.386, 0.004

1, 10, 21, 4, 58.6531, 28.8572, 0.180, 1.375, 0.004

0, 10, 20, 0, 58.6531, 29.1072, 0.450, 1.383, 0.004

1, 10, 21, 0, 58.6531, 29.1072, 0.180, 1.376, 0.004

0, 10, 20, 1, 58.6531, 29.1072, 0.450, 1.359, 0.004

1, 10, 21, 1, 58.6531, 29.1072, 0.180, 1.370, 0.004

0, 10, 20, 2, 58.6531, 29.1072, 0.450, 1.389, 0.004

1, 10, 21, 2, 58.6531, 29.1072, 0.180, 1.379, 0.004

0, 10, 20, 3, 58.6531, 29.1072, 0.450, 1.387, 0.004

1, 10, 21, 3, 58.6531, 29.1072, 0.180, 1.365, 0.004

0, 10, 20, 4, 58.6531, 29.1072, 0.460, 1.388, 0.004

1, 10, 21, 4, 58.6531, 29.1072, 0.180, 1.377, 0.004

0, 10, 20, 0, 58.6531, 29.3572, 0.470, 1.383, 0.004

1, 10, 21, 0, 58.6531, 29.3572, 0.180, 1.376, 0.004

0, 10, 20, 1, 58.6531, 29.3572, 0.450, 1.385, 0.004

1, 10, 21, 1, 58.6531, 29.3572, 0.180, 1.375, 0.004

0, 10, 20, 2, 58.6531, 29.3572, 0.450, 1.379, 0.004

1, 10, 21, 2, 58.6531, 29.3572, 0.180, 1.385, 0.004

0, 10, 20, 3, 58.6531, 29.3572, 0.440, 1.384, 0.004

1, 10, 21, 3, 58.6531, 29.3572, 0.180, 1.370, 0.004

0, 10, 20, 4, 58.6531, 29.3572, 0.440, 1.381, 0.004

1, 10, 21, 4, 58.6531, 29.3572, 0.180, 1.377, 0.004

0, 10, 20, 0, 58.6531, 29.6072, 0.450, 1.383, 0.004

1, 10, 21, 0, 58.6531, 29.6072, 0.180, 1.383, 0.004

0, 10, 20, 1, 58.6531, 29.6072, 0.450, 1.391, 0.004

1, 10, 21, 1, 58.6531, 29.6072, 0.180, 1.363, 0.004

0, 10, 20, 2, 58.6531, 29.6072, 0.450, 1.386, 0.004

1, 10, 21, 2, 58.6531, 29.6072, 0.180, 1.374, 0.004

0, 10, 20, 3, 58.6531, 29.6072, 0.450, 1.381, 0.004

1, 10, 21, 3, 58.6531, 29.6072, 0.180, 1.383, 0.004

0, 10, 20, 4, 58.6531, 29.6072, 0.450, 1.400, 0.004

1, 10, 21, 4, 58.6531, 29.6072, 0.180, 1.366, 0.004

0, 10, 20, 0, 58.6531, 29.8572, 0.440, 1.374, 0.004

1, 10, 21, 0, 58.6531, 29.8572, 0.180, 1.374, 0.004

0, 10, 20, 1, 58.6531, 29.8572, 0.440, 1.384, 0.004

1, 10, 21, 1, 58.6531, 29.8572, 0.180, 1.376, 0.004

0, 10, 20, 2, 58.6531, 29.8572, 0.450, 1.376, 0.004

1, 10, 21, 2, 58.6531, 29.8572, 0.180, 1.370, 0.004

0, 10, 20, 3, 58.6531, 29.8572, 0.450, 1.383, 0.004

1, 10, 21, 3, 58.6531, 29.8572, 0.180, 1.372, 0.004

0, 10, 20, 4, 58.6531, 29.8572, 0.440, 1.396, 0.004

1, 10, 21, 4, 58.6531, 29.8572, 0.180, 1.368, 0.004

0, 10, 20, 0, 58.6531, 30.1072, 0.440, 1.380, 0.004

1, 10, 21, 0, 58.6531, 30.1072, 0.180, 1.371, 0.004

0, 10, 20, 1, 58.6531, 30.1072, 0.450, 1.381, 0.004

1, 10, 21, 1, 58.6531, 30.1072, 0.180, 1.373, 0.004

0, 10, 20, 2, 58.6531, 30.1072, 0.450, 1.389, 0.004

1, 10, 21, 2, 58.6531, 30.1072, 0.180, 1.374, 0.004

0, 10, 20, 3, 58.6531, 30.1072, 0.450, 1.359, 0.004

1, 10, 21, 3, 58.6531, 30.1072, 0.180, 1.374, 0.004

0, 10, 20, 4, 58.6531, 30.1072, 0.450, 1.383, 0.004

1, 10, 21, 4, 58.6531, 30.1072, 0.180, 1.369, 0.004

0, 10, 20, 0, 58.6531, 30.3572, 0.450, 1.384, 0.004

1, 10, 21, 0, 58.6531, 30.3572, 0.180, 1.367, 0.004

0, 10, 20, 1, 58.6531, 30.3572, 0.440, 1.381, 0.004

1, 10, 21, 1, 58.6531, 30.3572, 0.180, 1.368, 0.004

0, 10, 20, 2, 58.6531, 30.3572, 0.450, 1.382, 0.004

1, 10, 21, 2, 58.6531, 30.3572, 0.180, 1.368, 0.004

0, 10, 20, 3, 58.6531, 30.3572, 0.450, 1.385, 0.004

1, 10, 21, 3, 58.6531, 30.3572, 0.180, 1.374, 0.004

0, 10, 20, 4, 58.6531, 30.3572, 0.460, 1.365, 0.004

1, 10, 21, 4, 58.6531, 30.3572, 0.180, 1.368, 0.004

0, 10, 20, 0, 58.6531, 30.6072, 0.460, 1.358, 0.004

1, 10, 21, 0, 58.6531, 30.6072, 0.180, 1.373, 0.004

0, 10, 20, 1, 58.6531, 30.6072, 0.440, 1.385, 0.004

1, 10, 21, 1, 58.6531, 30.6072, 0.180, 1.384, 0.004

0, 10, 20, 2, 58.6531, 30.6072, 0.460, 1.392, 0.004

1, 10, 21, 2, 58.6531, 30.6072, 0.180, 1.375, 0.004

0, 10, 20, 3, 58.6531, 30.6072, 0.450, 1.381, 0.004

1, 10, 21, 3, 58.6531, 30.6072, 0.180, 1.381, 0.004

0, 10, 20, 4, 58.6531, 30.6072, 0.460, 1.407, 0.004

1, 10, 21, 4, 58.6531, 30.6072, 0.180, 1.374, 0.004

0, 10, 20, 0, 58.6531, 30.8572, 0.440, 1.374, 0.004

1, 10, 21, 0, 58.6531, 30.8572, 0.180, 1.369, 0.004

0, 10, 20, 1, 58.6531, 30.8572, 0.440, 1.371, 0.004

1, 10, 21, 1, 58.6531, 30.8572, 0.180, 1.375, 0.004

0, 10, 20, 2, 58.6531, 30.8572, 0.440, 1.378, 0.004

1, 10, 21, 2, 58.6531, 30.8572, 0.180, 1.378, 0.004

0, 10, 20, 3, 58.6531, 30.8572, 0.450, 1.375, 0.004

1, 10, 21, 3, 58.6531, 30.8572, 0.180, 1.371, 0.004

0, 10, 20, 4, 58.6531, 30.8572, 0.440, 1.392, 0.004

1, 10, 21, 4, 58.6531, 30.8572, 0.180, 1.378, 0.004

0, 10, 20, 0, 58.6531, 31.1072, 0.440, 1.381, 0.004

1, 10, 21, 0, 58.6531, 31.1072, 0.170, 1.370, 0.004

0, 10, 20, 1, 58.6531, 31.1072, 0.450, 1.382, 0.004

1, 10, 21, 1, 58.6531, 31.1072, 0.170, 1.374, 0.004

0, 10, 20, 2, 58.6531, 31.1072, 0.450, 1.388, 0.004

1, 10, 21, 2, 58.6531, 31.1072, 0.180, 1.373, 0.004

0, 10, 20, 3, 58.6531, 31.1072, 0.450, 1.382, 0.004

1, 10, 21, 3, 58.6531, 31.1072, 0.180, 1.369, 0.004

0, 10, 20, 4, 58.6531, 31.1072, 0.450, 1.386, 0.004

1, 10, 21, 4, 58.6531, 31.1072, 0.180, 1.376, 0.004

0, 10, 20, 0, 58.6531, 31.3572, 0.450, 1.375, 0.004

1, 10, 21, 0, 58.6531, 31.3572, 0.180, 1.377, 0.004

0, 10, 20, 1, 58.6531, 31.3572, 0.440, 1.381, 0.004

1, 10, 21, 1, 58.6531, 31.3572, 0.180, 1.379, 0.004

0, 10, 20, 2, 58.6531, 31.3572, 0.440, 1.381, 0.004

1, 10, 21, 2, 58.6531, 31.3572, 0.180, 1.378, 0.004

0, 10, 20, 3, 58.6531, 31.3572, 0.440, 1.374, 0.004

1, 10, 21, 3, 58.6531, 31.3572, 0.170, 1.368, 0.004

0, 10, 20, 4, 58.6531, 31.3572, 0.440, 1.382, 0.004

1, 10, 21, 4, 58.6531, 31.3572, 0.180, 1.372, 0.004

0, 10, 20, 0, 58.6531, 31.6072, 0.450, 1.388, 0.004

1, 10, 21, 0, 58.6531, 31.6072, 0.170, 1.369, 0.004

0, 10, 20, 1, 58.6531, 31.6072, 0.450, 1.387, 0.004

1, 10, 21, 1, 58.6531, 31.6072, 0.170, 1.368, 0.004

0, 10, 20, 2, 58.6531, 31.6072, 0.450, 1.387, 0.004

1, 10, 21, 2, 58.6531, 31.6072, 0.180, 1.384, 0.004

0, 10, 20, 3, 58.6531, 31.6072, 0.440, 1.389, 0.004

1, 10, 21, 3, 58.6531, 31.6072, 0.180, 1.376, 0.004

0, 10, 20, 4, 58.6531, 31.6072, 0.450, 1.379, 0.004

1, 10, 21, 4, 58.6531, 31.6072, 0.170, 1.369, 0.004

0, 10, 20, 0, 58.6531, 31.8572, 0.450, 1.387, 0.004

1, 10, 21, 0, 58.6531, 31.8572, 0.170, 1.378, 0.004

0, 10, 20, 1, 58.6531, 31.8572, 0.460, 1.382, 0.004

1, 10, 21, 1, 58.6531, 31.8572, 0.180, 1.379, 0.004

0, 10, 20, 2, 58.6531, 31.8572, 0.450, 1.368, 0.004

1, 10, 21, 2, 58.6531, 31.8572, 0.180, 1.376, 0.004

0, 10, 20, 3, 58.6531, 31.8572, 0.470, 1.377, 0.004

1, 10, 21, 3, 58.6531, 31.8572, 0.180, 1.373, 0.004

0, 10, 20, 4, 58.6531, 31.8572, 0.460, 1.386, 0.004

1, 10, 21, 4, 58.6531, 31.8572, 0.180, 1.378, 0.004

0, 10, 20, 0, 58.6531, 32.1072, 0.450, 1.386, 0.004

1, 10, 21, 0, 58.6531, 32.1072, 0.180, 1.375, 0.004

0, 10, 20, 1, 58.6531, 32.1072, 0.450, 1.383, 0.004

1, 10, 21, 1, 58.6531, 32.1072, 0.180, 1.363, 0.004

0, 10, 20, 2, 58.6531, 32.1072, 0.460, 1.386, 0.004

1, 10, 21, 2, 58.6531, 32.1072, 0.170, 1.374, 0.004

0, 10, 20, 3, 58.6531, 32.1072, 0.460, 1.395, 0.004

1, 10, 21, 3, 58.6531, 32.1072, 0.170, 1.368, 0.004

0, 10, 20, 4, 58.6531, 32.1072, 0.460, 1.377, 0.004

1, 10, 21, 4, 58.6531, 32.1072, 0.180, 1.379, 0.004

0, 10, 20, 0, 58.6531, 32.3572, 0.440, 1.384, 0.004

1, 10, 21, 0, 58.6531, 32.3572, 0.180, 1.374, 0.004

0, 10, 20, 1, 58.6531, 32.3572, 0.450, 1.381, 0.004

1, 10, 21, 1, 58.6531, 32.3572, 0.180, 1.375, 0.004

0, 10, 20, 2, 58.6531, 32.3572, 0.450, 1.382, 0.004

1, 10, 21, 2, 58.6531, 32.3572, 0.180, 1.380, 0.004

0, 10, 20, 3, 58.6531, 32.3572, 0.440, 1.371, 0.004

1, 10, 21, 3, 58.6531, 32.3572, 0.180, 1.375, 0.004

0, 10, 20, 4, 58.6531, 32.3572, 0.440, 1.383, 0.004

1, 10, 21, 4, 58.6531, 32.3572, 0.180, 1.373, 0.004

0, 10, 20, 0, 58.6531, 32.6072, 0.460, 1.378, 0.004

1, 10, 21, 0, 58.6531, 32.6072, 0.180, 1.374, 0.004

0, 10, 20, 1, 58.6531, 32.6072, 0.450, 1.340, 0.004

1, 10, 21, 1, 58.6531, 32.6072, 0.180, 1.382, 0.004

0, 10, 20, 2, 58.6531, 32.6072, 0.440, 1.384, 0.004

1, 10, 21, 2, 58.6531, 32.6072, 0.180, 1.370, 0.004

0, 10, 20, 3, 58.6531, 32.6072, 0.460, 1.385, 0.004

1, 10, 21, 3, 58.6531, 32.6072, 0.180, 1.385, 0.004

0, 10, 20, 4, 58.6531, 32.6072, 0.440, 1.383, 0.004

1, 10, 21, 4, 58.6531, 32.6072, 0.170, 1.372, 0.004

0, 10, 20, 0, 58.6531, 32.8572, 0.440, 1.385, 0.004

1, 10, 21, 0, 58.6531, 32.8572, 0.180, 1.377, 0.004

0, 10, 20, 1, 58.6531, 32.8572, 0.450, 1.381, 0.004

1, 10, 21, 1, 58.6531, 32.8572, 0.180, 1.374, 0.004

0, 10, 20, 2, 58.6531, 32.8572, 0.450, 1.393, 0.004

1, 10, 21, 2, 58.6531, 32.8572, 0.180, 1.375, 0.004

0, 10, 20, 3, 58.6531, 32.8572, 0.440, 1.386, 0.004

1, 10, 21, 3, 58.6531, 32.8572, 0.180, 1.375, 0.004

0, 10, 20, 4, 58.6531, 32.8572, 0.450, 1.388, 0.004

1, 10, 21, 4, 58.6531, 32.8572, 0.180, 1.376, 0.004

0, 10, 20, 0, 58.6531, 33.1072, 0.450, 1.384, 0.004

1, 10, 21, 0, 58.6531, 33.1072, 0.180, 1.375, 0.004

0, 10, 20, 1, 58.6531, 33.1072, 0.470, 1.362, 0.004

1, 10, 21, 1, 58.6531, 33.1072, 0.180, 1.371, 0.004

0, 10, 20, 2, 58.6531, 33.1072, 0.460, 1.382, 0.004

1, 10, 21, 2, 58.6531, 33.1072, 0.170, 1.371, 0.004

0, 10, 20, 3, 58.6531, 33.1072, 0.450, 1.383, 0.004

1, 10, 21, 3, 58.6531, 33.1072, 0.170, 1.363, 0.004

0, 10, 20, 4, 58.6531, 33.1072, 0.430, 1.381, 0.004

1, 10, 21, 4, 58.6531, 33.1072, 0.180, 1.382, 0.004

0, 10, 20, 0, 58.6531, 33.3572, 0.450, 1.386, 0.004

1, 10, 21, 0, 58.6531, 33.3572, 0.180, 1.378, 0.004

0, 10, 20, 1, 58.6531, 33.3572, 0.440, 1.392, 0.004

1, 10, 21, 1, 58.6531, 33.3572, 0.180, 1.375, 0.004

0, 10, 20, 2, 58.6531, 33.3572, 0.440, 1.391, 0.004

1, 10, 21, 2, 58.6531, 33.3572, 0.180, 1.374, 0.004

0, 10, 20, 3, 58.6531, 33.3572, 0.450, 1.384, 0.004

1, 10, 21, 3, 58.6531, 33.3572, 0.180, 1.372, 0.004

0, 10, 20, 4, 58.6531, 33.3572, 0.440, 1.383, 0.004

1, 10, 21, 4, 58.6531, 33.3572, 0.180, 1.359, 0.004

0, 10, 20, 0, 58.6531, 33.6072, 0.440, 1.367, 0.004

1, 10, 21, 0, 58.6531, 33.6072, 0.180, 1.368, 0.004

0, 10, 20, 1, 58.6531, 33.6072, 0.450, 1.390, 0.004

1, 10, 21, 1, 58.6531, 33.6072, 0.170, 1.378, 0.004

0, 10, 20, 2, 58.6531, 33.6072, 0.450, 1.389, 0.004

1, 10, 21, 2, 58.6531, 33.6072, 0.180, 1.365, 0.004

0, 10, 20, 3, 58.6531, 33.6072, 0.450, 1.380, 0.004

1, 10, 21, 3, 58.6531, 33.6072, 0.180, 1.372, 0.004

0, 10, 20, 4, 58.6531, 33.6072, 0.450, 1.363, 0.004

1, 10, 21, 4, 58.6531, 33.6072, 0.180, 1.367, 0.004

0, 10, 20, 0, 58.6531, 33.8572, 0.440, 1.359, 0.004

1, 10, 21, 0, 58.6531, 33.8572, 0.180, 1.378, 0.004

0, 10, 20, 1, 58.6531, 33.8572, 0.440, 1.388, 0.004

1, 10, 21, 1, 58.6531, 33.8572, 0.180, 1.374, 0.004

0, 10, 20, 2, 58.6531, 33.8572, 0.440, 1.386, 0.004

1, 10, 21, 2, 58.6531, 33.8572, 0.180, 1.372, 0.004

0, 10, 20, 3, 58.6531, 33.8572, 0.440, 1.369, 0.004

1, 10, 21, 3, 58.6531, 33.8572, 0.180, 1.371, 0.004

0, 10, 20, 4, 58.6531, 33.8572, 0.440, 1.373, 0.004

1, 10, 21, 4, 58.6531, 33.8572, 0.170, 1.383, 0.004

0, 10, 20, 0, 58.6531, 34.1072, 0.440, 1.389, 0.004

1, 10, 21, 0, 58.6531, 34.1072, 0.180, 1.372, 0.004

0, 10, 20, 1, 58.6531, 34.1072, 0.430, 1.374, 0.004

1, 10, 21, 1, 58.6531, 34.1072, 0.180, 1.378, 0.004

0, 10, 20, 2, 58.6531, 34.1072, 0.440, 1.379, 0.004

1, 10, 21, 2, 58.6531, 34.1072, 0.180, 1.372, 0.004

0, 10, 20, 3, 58.6531, 34.1072, 0.430, 1.380, 0.004

1, 10, 21, 3, 58.6531, 34.1072, 0.180, 1.369, 0.004

0, 10, 20, 4, 58.6531, 34.1072, 0.440, 1.380, 0.004

1, 10, 21, 4, 58.6531, 34.1072, 0.180, 1.372, 0.004

0, 10, 20, 0, 58.6531, 34.3572, 0.450, 1.382, 0.004

1, 10, 21, 0, 58.6531, 34.3572, 0.180, 1.381, 0.004

0, 10, 20, 1, 58.6531, 34.3572, 0.450, 1.382, 0.004

1, 10, 21, 1, 58.6531, 34.3572, 0.180, 1.373, 0.004

0, 10, 20, 2, 58.6531, 34.3572, 0.440, 1.388, 0.004

1, 10, 21, 2, 58.6531, 34.3572, 0.180, 1.369, 0.004

0, 10, 20, 3, 58.6531, 34.3572, 0.450, 1.379, 0.004

1, 10, 21, 3, 58.6531, 34.3572, 0.180, 1.375, 0.004

0, 10, 20, 4, 58.6531, 34.3572, 0.450, 1.375, 0.004

1, 10, 21, 4, 58.6531, 34.3572, 0.180, 1.371, 0.004

0, 10, 20, 0, 58.6531, 34.6072, 0.450, 1.383, 0.004

1, 10, 21, 0, 58.6531, 34.6072, 0.180, 1.379, 0.004

0, 10, 20, 1, 58.6531, 34.6072, 0.440, 1.388, 0.004

1, 10, 21, 1, 58.6531, 34.6072, 0.180, 1.370, 0.004

0, 10, 20, 2, 58.6531, 34.6072, 0.430, 1.381, 0.004

1, 10, 21, 2, 58.6531, 34.6072, 0.180, 1.375, 0.004

0, 10, 20, 3, 58.6531, 34.6072, 0.440, 1.390, 0.004

1, 10, 21, 3, 58.6531, 34.6072, 0.180, 1.370, 0.004

0, 10, 20, 4, 58.6531, 34.6072, 0.460, 1.362, 0.004

1, 10, 21, 4, 58.6531, 34.6072, 0.180, 1.371, 0.004

0, 10, 20, 0, 58.6531, 34.8572, 0.430, 1.384, 0.004

1, 10, 21, 0, 58.6531, 34.8572, 0.180, 1.379, 0.004

0, 10, 20, 1, 58.6531, 34.8572, 0.440, 1.376, 0.004

1, 10, 21, 1, 58.6531, 34.8572, 0.180, 1.375, 0.004

0, 10, 20, 2, 58.6531, 34.8572, 0.460, 1.383, 0.004

1, 10, 21, 2, 58.6531, 34.8572, 0.170, 1.378, 0.004

0, 10, 20, 3, 58.6531, 34.8572, 0.460, 1.359, 0.004

1, 10, 21, 3, 58.6531, 34.8572, 0.180, 1.369, 0.004

0, 10, 20, 4, 58.6531, 34.8572, 0.450, 1.388, 0.004

1, 10, 21, 4, 58.6531, 34.8572, 0.180, 1.365, 0.004

0, 10, 20, 0, 58.6531, 35.1072, 0.440, 1.405, 0.004

1, 10, 21, 0, 58.6531, 35.1072, 0.180, 1.368, 0.004

0, 10, 20, 1, 58.6531, 35.1072, 0.440, 1.388, 0.004

1, 10, 21, 1, 58.6531, 35.1072, 0.170, 1.372, 0.004

0, 10, 20, 2, 58.6531, 35.1072, 0.430, 1.397, 0.004

1, 10, 21, 2, 58.6531, 35.1072, 0.180, 1.374, 0.004

0, 10, 20, 3, 58.6531, 35.1072, 0.430, 1.376, 0.004

1, 10, 21, 3, 58.6531, 35.1072, 0.180, 1.377, 0.004

0, 10, 20, 4, 58.6531, 35.1072, 0.450, 1.386, 0.004

1, 10, 21, 4, 58.6531, 35.1072, 0.180, 1.380, 0.004

0, 10, 20, 0, 58.6531, 35.3572, 0.450, 1.388, 0.004

1, 10, 21, 0, 58.6531, 35.3572, 0.180, 1.374, 0.004

0, 10, 20, 1, 58.6531, 35.3572, 0.440, 1.384, 0.004

1, 10, 21, 1, 58.6531, 35.3572, 0.180, 1.374, 0.004

0, 10, 20, 2, 58.6531, 35.3572, 0.450, 1.376, 0.004

1, 10, 21, 2, 58.6531, 35.3572, 0.180, 1.375, 0.004

0, 10, 20, 3, 58.6531, 35.3572, 0.440, 1.392, 0.004

1, 10, 21, 3, 58.6531, 35.3572, 0.180, 1.362, 0.004

0, 10, 20, 4, 58.6531, 35.3572, 0.440, 1.387, 0.004

1, 10, 21, 4, 58.6531, 35.3572, 0.180, 1.378, 0.004

0, 10, 20, 0, 58.6531, 35.6072, 0.440, 1.393, 0.004

1, 10, 21, 0, 58.6531, 35.6072, 0.180, 1.370, 0.004

0, 10, 20, 1, 58.6531, 35.6072, 0.420, 1.364, 0.004

1, 10, 21, 1, 58.6531, 35.6072, 0.180, 1.373, 0.004

0, 10, 20, 2, 58.6531, 35.6072, 0.440, 1.389, 0.004

1, 10, 21, 2, 58.6531, 35.6072, 0.180, 1.370, 0.004

0, 10, 20, 3, 58.6531, 35.6072, 0.430, 1.376, 0.004

1, 10, 21, 3, 58.6531, 35.6072, 0.180, 1.371, 0.004

0, 10, 20, 4, 58.6531, 35.6072, 0.430, 1.387, 0.004

1, 10, 21, 4, 58.6531, 35.6072, 0.180, 1.371, 0.004

0, 10, 20, 0, 58.6531, 35.8572, 0.450, 1.377, 0.004

1, 10, 21, 0, 58.6531, 35.8572, 0.180, 1.371, 0.004

0, 10, 20, 1, 58.6531, 35.8572, 0.440, 1.390, 0.004

1, 10, 21, 1, 58.6531, 35.8572, 0.180, 1.379, 0.004

0, 10, 20, 2, 58.6531, 35.8572, 0.430, 1.388, 0.004

1, 10, 21, 2, 58.6531, 35.8572, 0.170, 1.373, 0.004

0, 10, 20, 3, 58.6531, 35.8572, 0.440, 1.387, 0.004

1, 10, 21, 3, 58.6531, 35.8572, 0.180, 1.370, 0.004

0, 10, 20, 4, 58.6531, 35.8572, 0.430, 1.387, 0.004

1, 10, 21, 4, 58.6531, 35.8572, 0.180, 1.377, 0.004

0, 10, 20, 0, 58.6531, 36.1072, 0.440, 1.384, 0.004

1, 10, 21, 0, 58.6531, 36.1072, 0.170, 1.374, 0.004

0, 10, 20, 1, 58.6531, 36.1072, 0.430, 1.380, 0.004

1, 10, 21, 1, 58.6531, 36.1072, 0.180, 1.374, 0.004

0, 10, 20, 2, 58.6531, 36.1072, 0.450, 1.387, 0.004

1, 10, 21, 2, 58.6531, 36.1072, 0.180, 1.375, 0.004

0, 10, 20, 3, 58.6531, 36.1072, 0.450, 1.388, 0.004

1, 10, 21, 3, 58.6531, 36.1072, 0.170, 1.371, 0.004

0, 10, 20, 4, 58.6531, 36.1072, 0.440, 1.380, 0.004

1, 10, 21, 4, 58.6531, 36.1072, 0.170, 1.372, 0.004

0, 10, 20, 0, 58.6531, 36.3572, 0.440, 1.381, 0.004

1, 10, 21, 0, 58.6531, 36.3572, 0.180, 1.366, 0.004

0, 10, 20, 1, 58.6531, 36.3572, 0.440, 1.389, 0.004

1, 10, 21, 1, 58.6531, 36.3572, 0.180, 1.371, 0.004

0, 10, 20, 2, 58.6531, 36.3572, 0.440, 1.382, 0.004

1, 10, 21, 2, 58.6531, 36.3572, 0.180, 1.371, 0.004

0, 10, 20, 3, 58.6531, 36.3572, 0.440, 1.387, 0.004

1, 10, 21, 3, 58.6531, 36.3572, 0.180, 1.375, 0.004

0, 10, 20, 4, 58.6531, 36.3572, 0.440, 1.388, 0.004

1, 10, 21, 4, 58.6531, 36.3572, 0.180, 1.382, 0.004

0, 10, 20, 0, 58.6531, 36.6072, 0.440, 1.379, 0.004

1, 10, 21, 0, 58.6531, 36.6072, 0.180, 1.375, 0.004

0, 10, 20, 1, 58.6531, 36.6072, 0.450, 1.376, 0.004

1, 10, 21, 1, 58.6531, 36.6072, 0.180, 1.375, 0.004

0, 10, 20, 2, 58.6531, 36.6072, 0.430, 1.387, 0.004

1, 10, 21, 2, 58.6531, 36.6072, 0.180, 1.367, 0.004

0, 10, 20, 3, 58.6531, 36.6072, 0.430, 1.383, 0.004

1, 10, 21, 3, 58.6531, 36.6072, 0.180, 1.371, 0.004

0, 10, 20, 4, 58.6531, 36.6072, 0.440, 1.390, 0.004

1, 10, 21, 4, 58.6531, 36.6072, 0.180, 1.368, 0.004

0, 10, 20, 0, 58.6531, 36.8572, 0.440, 1.371, 0.004

1, 10, 21, 0, 58.6531, 36.8572, 0.180, 1.366, 0.004

0, 10, 20, 1, 58.6531, 36.8572, 0.450, 1.394, 0.004

1, 10, 21, 1, 58.6531, 36.8572, 0.180, 1.374, 0.004

0, 10, 20, 2, 58.6531, 36.8572, 0.440, 1.386, 0.004

1, 10, 21, 2, 58.6531, 36.8572, 0.180, 1.374, 0.004

0, 10, 20, 3, 58.6531, 36.8572, 0.450, 1.386, 0.004

1, 10, 21, 3, 58.6531, 36.8572, 0.180, 1.369, 0.004

0, 10, 20, 4, 58.6531, 36.8572, 0.440, 1.388, 0.004

1, 10, 21, 4, 58.6531, 36.8572, 0.180, 1.370, 0.004

0, 10, 20, 0, 58.6531, 37.1072, 0.440, 1.375, 0.004

1, 10, 21, 0, 58.6531, 37.1072, 0.180, 1.373, 0.004

0, 10, 20, 1, 58.6531, 37.1072, 0.430, 1.393, 0.004

1, 10, 21, 1, 58.6531, 37.1072, 0.180, 1.373, 0.004

0, 10, 20, 2, 58.6531, 37.1072, 0.440, 1.377, 0.004

1, 10, 21, 2, 58.6531, 37.1072, 0.170, 1.369, 0.004

0, 10, 20, 3, 58.6531, 37.1072, 0.440, 1.382, 0.004

1, 10, 21, 3, 58.6531, 37.1072, 0.180, 1.369, 0.004

0, 10, 20, 4, 58.6531, 37.1072, 0.450, 1.381, 0.004

1, 10, 21, 4, 58.6531, 37.1072, 0.180, 1.375, 0.004

0, 10, 20, 0, 58.6531, 37.3572, 0.430, 1.377, 0.004

1, 10, 21, 0, 58.6531, 37.3572, 0.180, 1.372, 0.004

0, 10, 20, 1, 58.6531, 37.3572, 0.440, 1.395, 0.004

1, 10, 21, 1, 58.6531, 37.3572, 0.180, 1.386, 0.004

0, 10, 20, 2, 58.6531, 37.3572, 0.450, 1.384, 0.004

1, 10, 21, 2, 58.6531, 37.3572, 0.180, 1.369, 0.004

0, 10, 20, 3, 58.6531, 37.3572, 0.440, 1.394, 0.004

1, 10, 21, 3, 58.6531, 37.3572, 0.180, 1.375, 0.004

0, 10, 20, 4, 58.6531, 37.3572, 0.440, 1.387, 0.004

1, 10, 21, 4, 58.6531, 37.3572, 0.180, 1.367, 0.004

0, 10, 20, 0, 58.6531, 37.6072, 0.450, 1.387, 0.004

1, 10, 21, 0, 58.6531, 37.6072, 0.180, 1.370, 0.004

0, 10, 20, 1, 58.6531, 37.6072, 0.440, 1.377, 0.004

1, 10, 21, 1, 58.6531, 37.6072, 0.170, 1.372, 0.004

0, 10, 20, 2, 58.6531, 37.6072, 0.440, 1.377, 0.004

1, 10, 21, 2, 58.6531, 37.6072, 0.180, 1.370, 0.004

0, 10, 20, 3, 58.6531, 37.6072, 0.440, 1.383, 0.004

1, 10, 21, 3, 58.6531, 37.6072, 0.180, 1.376, 0.004

0, 10, 20, 4, 58.6531, 37.6072, 0.440, 1.386, 0.004

1, 10, 21, 4, 58.6531, 37.6072, 0.180, 1.380, 0.004

0, 10, 20, 0, 58.6531, 37.8572, 0.440, 1.393, 0.004

1, 10, 21, 0, 58.6531, 37.8572, 0.180, 1.362, 0.004

0, 10, 20, 1, 58.6531, 37.8572, 0.450, 1.384, 0.004

1, 10, 21, 1, 58.6531, 37.8572, 0.180, 1.374, 0.004

0, 10, 20, 2, 58.6531, 37.8572, 0.460, 1.314, 0.004

1, 10, 21, 2, 58.6531, 37.8572, 0.180, 1.365, 0.004

0, 10, 20, 3, 58.6531, 37.8572, 0.460, 1.398, 0.004

1, 10, 21, 3, 58.6531, 37.8572, 0.180, 1.372, 0.004

0, 10, 20, 4, 58.6531, 37.8572, 0.450, 1.380, 0.004

1, 10, 21, 4, 58.6531, 37.8572, 0.180, 1.369, 0.004

0, 10, 20, 0, 58.6531, 38.1072, 0.440, 1.383, 0.004

1, 10, 21, 0, 58.6531, 38.1072, 0.170, 1.375, 0.004

0, 10, 20, 1, 58.6531, 38.1072, 0.440, 1.401, 0.004

1, 10, 21, 1, 58.6531, 38.1072, 0.180, 1.371, 0.004

0, 10, 20, 2, 58.6531, 38.1072, 0.450, 1.393, 0.004

1, 10, 21, 2, 58.6531, 38.1072, 0.180, 1.371, 0.004

0, 10, 20, 3, 58.6531, 38.1072, 0.440, 1.390, 0.004

1, 10, 21, 3, 58.6531, 38.1072, 0.170, 1.371, 0.004

0, 10, 20, 4, 58.6531, 38.1072, 0.450, 1.386, 0.004

1, 10, 21, 4, 58.6531, 38.1072, 0.180, 1.377, 0.004

0, 10, 20, 0, 58.6531, 38.3572, 0.460, 1.372, 0.004

1, 10, 21, 0, 58.6531, 38.3572, 0.180, 1.370, 0.004

0, 10, 20, 1, 58.6531, 38.3572, 0.450, 1.380, 0.004

1, 10, 21, 1, 58.6531, 38.3572, 0.180, 1.372, 0.004

0, 10, 20, 2, 58.6531, 38.3572, 0.450, 1.341, 0.004

1, 10, 21, 2, 58.6531, 38.3572, 0.180, 1.375, 0.004

0, 10, 20, 3, 58.6531, 38.3572, 0.440, 1.395, 0.004

1, 10, 21, 3, 58.6531, 38.3572, 0.180, 1.367, 0.004

0, 10, 20, 4, 58.6531, 38.3572, 0.440, 1.388, 0.004

1, 10, 21, 4, 58.6531, 38.3572, 0.180, 1.372, 0.004

0, 10, 20, 0, 58.6531, 38.6072, 0.440, 1.372, 0.004

1, 10, 21, 0, 58.6531, 38.6072, 0.180, 1.370, 0.004

0, 10, 20, 1, 58.6531, 38.6072, 0.440, 1.378, 0.004

1, 10, 21, 1, 58.6531, 38.6072, 0.180, 1.367, 0.004

0, 10, 20, 2, 58.6531, 38.6072, 0.430, 1.378, 0.004

1, 10, 21, 2, 58.6531, 38.6072, 0.180, 1.377, 0.004

0, 10, 20, 3, 58.6531, 38.6072, 0.440, 1.377, 0.004

1, 10, 21, 3, 58.6531, 38.6072, 0.170, 1.368, 0.004

0, 10, 20, 4, 58.6531, 38.6072, 0.440, 1.373, 0.004

1, 10, 21, 4, 58.6531, 38.6072, 0.180, 1.374, 0.004

0, 10, 20, 0, 58.6531, 38.8572, 0.420, 1.382, 0.004

1, 10, 21, 0, 58.6531, 38.8572, 0.180, 1.369, 0.004

0, 10, 20, 1, 58.6531, 38.8572, 0.420, 1.382, 0.004

1, 10, 21, 1, 58.6531, 38.8572, 0.180, 1.371, 0.004

0, 10, 20, 2, 58.6531, 38.8572, 0.430, 1.388, 0.004

1, 10, 21, 2, 58.6531, 38.8572, 0.180, 1.382, 0.004

0, 10, 20, 3, 58.6531, 38.8572, 0.430, 1.377, 0.004

1, 10, 21, 3, 58.6531, 38.8572, 0.170, 1.371, 0.004

0, 10, 20, 4, 58.6531, 38.8572, 0.410, 1.391, 0.004

1, 10, 21, 4, 58.6531, 38.8572, 0.180, 1.376, 0.004

0, 10, 20, 0, 58.6531, 39.1072, 0.420, 1.369, 0.004

1, 10, 21, 0, 58.6531, 39.1072, 0.180, 1.381, 0.004

0, 10, 20, 1, 58.6531, 39.1072, 0.420, 1.381, 0.004

1, 10, 21, 1, 58.6531, 39.1072, 0.170, 1.371, 0.004

0, 10, 20, 2, 58.6531, 39.1072, 0.430, 1.387, 0.004

1, 10, 21, 2, 58.6531, 39.1072, 0.180, 1.375, 0.004

0, 10, 20, 3, 58.6531, 39.1072, 0.420, 1.390, 0.004

1, 10, 21, 3, 58.6531, 39.1072, 0.180, 1.373, 0.004

0, 10, 20, 4, 58.6531, 39.1072, 0.430, 1.381, 0.004

1, 10, 21, 4, 58.6531, 39.1072, 0.180, 1.376, 0.004

0, 10, 20, 0, 58.6531, 39.3572, 0.430, 1.364, 0.004

1, 10, 21, 0, 58.6531, 39.3572, 0.180, 1.373, 0.004

0, 10, 20, 1, 58.6531, 39.3572, 0.430, 1.388, 0.004

1, 10, 21, 1, 58.6531, 39.3572, 0.180, 1.366, 0.004

0, 10, 20, 2, 58.6531, 39.3572, 0.430, 1.389, 0.004

1, 10, 21, 2, 58.6531, 39.3572, 0.180, 1.365, 0.004

0, 10, 20, 3, 58.6531, 39.3572, 0.420, 1.395, 0.004

1, 10, 21, 3, 58.6531, 39.3572, 0.180, 1.371, 0.004

0, 10, 20, 4, 58.6531, 39.3572, 0.430, 1.383, 0.004

1, 10, 21, 4, 58.6531, 39.3572, 0.180, 1.368, 0.004

0, 10, 20, 0, 58.6531, 39.6072, 0.390, 1.363, 0.004

1, 10, 21, 0, 58.6531, 39.6072, 0.180, 1.374, 0.004

0, 10, 20, 1, 58.6531, 39.6072, 0.380, 1.385, 0.004

1, 10, 21, 1, 58.6531, 39.6072, 0.180, 1.383, 0.004

0, 10, 20, 2, 58.6531, 39.6072, 0.380, 1.386, 0.004

1, 10, 21, 2, 58.6531, 39.6072, 0.180, 1.364, 0.004

0, 10, 20, 3, 58.6531, 39.6072, 0.380, 1.390, 0.004

1, 10, 21, 3, 58.6531, 39.6072, 0.180, 1.376, 0.004

0, 10, 20, 4, 58.6531, 39.6072, 0.380, 1.379, 0.004

1, 10, 21, 4, 58.6531, 39.6072, 0.180, 1.378, 0.004

0, 10, 20, 0, 58.6531, 39.8572, 0.330, 1.389, 0.004

1, 10, 21, 0, 58.6531, 39.8572, 0.180, 1.373, 0.004

0, 10, 20, 1, 58.6531, 39.8572, 0.330, 1.388, 0.004

1, 10, 21, 1, 58.6531, 39.8572, 0.170, 1.374, 0.004

0, 10, 20, 2, 58.6531, 39.8572, 0.320, 1.386, 0.004

1, 10, 21, 2, 58.6531, 39.8572, 0.180, 1.372, 0.004

0, 10, 20, 3, 58.6531, 39.8572, 0.330, 1.383, 0.004

1, 10, 21, 3, 58.6531, 39.8572, 0.180, 1.371, 0.004

0, 10, 20, 4, 58.6531, 39.8572, 0.330, 1.392, 0.004

1, 10, 21, 4, 58.6531, 39.8572, 0.180, 1.373, 0.004

0, 10, 20, 0, 58.6531, 40.1072, 0.300, 1.385, 0.004

1, 10, 21, 0, 58.6531, 40.1072, 0.180, 1.371, 0.004

0, 10, 20, 1, 58.6531, 40.1072, 0.300, 1.388, 0.004

1, 10, 21, 1, 58.6531, 40.1072, 0.180, 1.371, 0.004

0, 10, 20, 2, 58.6531, 40.1072, 0.300, 1.380, 0.004

1, 10, 21, 2, 58.6531, 40.1072, 0.180, 1.377, 0.004

0, 10, 20, 3, 58.6531, 40.1072, 0.300, 1.384, 0.004

1, 10, 21, 3, 58.6531, 40.1072, 0.180, 1.369, 0.004

0, 10, 20, 4, 58.6531, 40.1072, 0.300, 1.386, 0.004

1, 10, 21, 4, 58.6531, 40.1072, 0.180, 1.377, 0.004

0, 10, 20, 0, 58.6531, 40.3572, 0.290, 1.387, 0.004

1, 10, 21, 0, 58.6531, 40.3572, 0.180, 1.374, 0.004

0, 10, 20, 1, 58.6531, 40.3572, 0.290, 1.388, 0.004

1, 10, 21, 1, 58.6531, 40.3572, 0.170, 1.369, 0.004

0, 10, 20, 2, 58.6531, 40.3572, 0.290, 1.375, 0.004

1, 10, 21, 2, 58.6531, 40.3572, 0.180, 1.372, 0.004

0, 10, 20, 3, 58.6531, 40.3572, 0.290, 1.376, 0.004

1, 10, 21, 3, 58.6531, 40.3572, 0.180, 1.372, 0.004

0, 10, 20, 4, 58.6531, 40.3572, 0.300, 1.390, 0.004

1, 10, 21, 4, 58.6531, 40.3572, 0.180, 1.376, 0.004

0, 10, 20, 0, 58.6531, 40.6072, 0.290, 1.383, 0.004

1, 10, 21, 0, 58.6531, 40.6072, 0.180, 1.370, 0.004

0, 10, 20, 1, 58.6531, 40.6072, 0.290, 1.383, 0.004

1, 10, 21, 1, 58.6531, 40.6072, 0.180, 1.373, 0.004

0, 10, 20, 2, 58.6531, 40.6072, 0.290, 1.394, 0.004

1, 10, 21, 2, 58.6531, 40.6072, 0.180, 1.373, 0.004

0, 10, 20, 3, 58.6531, 40.6072, 0.290, 1.380, 0.004

1, 10, 21, 3, 58.6531, 40.6072, 0.180, 1.369, 0.004

0, 10, 20, 4, 58.6531, 40.6072, 0.290, 1.388, 0.004

1, 10, 21, 4, 58.6531, 40.6072, 0.180, 1.370, 0.004

0, 10, 20, 0, 58.6531, 40.8572, 0.290, 1.380, 0.004

1, 10, 21, 0, 58.6531, 40.8572, 0.180, 1.373, 0.004

0, 10, 20, 1, 58.6531, 40.8572, 0.290, 1.386, 0.004

1, 10, 21, 1, 58.6531, 40.8572, 0.180, 1.374, 0.004

0, 10, 20, 2, 58.6531, 40.8572, 0.290, 1.383, 0.004

1, 10, 21, 2, 58.6531, 40.8572, 0.180, 1.369, 0.004

0, 10, 20, 3, 58.6531, 40.8572, 0.280, 1.377, 0.004

1, 10, 21, 3, 58.6531, 40.8572, 0.180, 1.364, 0.004

0, 10, 20, 4, 58.6531, 40.8572, 0.290, 1.383, 0.004

1, 10, 21, 4, 58.6531, 40.8572, 0.180, 1.363, 0.004

0, 10, 20, 0, 58.6531, 41.1072, 0.290, 1.391, 0.004

1, 10, 21, 0, 58.6531, 41.1072, 0.180, 1.372, 0.004

0, 10, 20, 1, 58.6531, 41.1072, 0.290, 1.387, 0.004

1, 10, 21, 1, 58.6531, 41.1072, 0.180, 1.377, 0.004

0, 10, 20, 2, 58.6531, 41.1072, 0.280, 1.390, 0.004

1, 10, 21, 2, 58.6531, 41.1072, 0.180, 1.361, 0.004

0, 10, 20, 3, 58.6531, 41.1072, 0.290, 1.374, 0.004

1, 10, 21, 3, 58.6531, 41.1072, 0.180, 1.370, 0.004

0, 10, 20, 4, 58.6531, 41.1072, 0.290, 1.379, 0.004

1, 10, 21, 4, 58.6531, 41.1072, 0.170, 1.375, 0.004

0, 10, 20, 0, 58.6531, 41.3572, 0.290, 1.387, 0.004

1, 10, 21, 0, 58.6531, 41.3572, 0.180, 1.373, 0.004

0, 10, 20, 1, 58.6531, 41.3572, 0.290, 1.388, 0.004

1, 10, 21, 1, 58.6531, 41.3572, 0.180, 1.376, 0.004

0, 10, 20, 2, 58.6531, 41.3572, 0.290, 1.390, 0.004

1, 10, 21, 2, 58.6531, 41.3572, 0.180, 1.373, 0.004

0, 10, 20, 3, 58.6531, 41.3572, 0.290, 1.386, 0.004

1, 10, 21, 3, 58.6531, 41.3572, 0.180, 1.372, 0.004

0, 10, 20, 4, 58.6531, 41.3572, 0.290, 1.384, 0.004

1, 10, 21, 4, 58.6531, 41.3572, 0.180, 1.378, 0.004

